Vessel Name: 05062020_InCu_KaKr/AC_KK1-74_P1_8
Metric: RFP Integrated Intensity / GFP Integrated Intensity
Cell Type: 
Passage: 0
Notes: 
Analysis: KaKr-A549-H2B-GFP/-RFP_DEFv10

Date Time	Elapsed	MSR1	MT1H	MT1HL1	MT1M	MT2A	MX1	MX2	MYCL	MYD88	NCOA7	NEXN	NKX3-1	NMI	NT5C3A	NUPR1	OAS1	OAS2	OAS3	OASL	OGFR	P2RY14	PALM2-AKAP2	PAQR8	PARP10	PARP11	PARP12	PARP14	PARP9	PCDH17	PDCD1LG2	PDZD2	PGAP1	PHF11	PID1	PIWIL4	PLEKHA4	PLSCR1	PLXDC2	PMAIP1	PNPT1	POLD1	POLI	PPM1K	PSMB8	PSMB9	PTAFR	RAI14	RARRES3	RASA2	RASGEF1B	RASGRP3	RGL1	RGS1	RHBDD2	RIN2	RNF213	RTCB	RTP4	RUFY4	S100A4	SAMD9	SAMD9L	SAMHD1	SDS	SECTM1	SERPINA1	SERPINB13	SERPINB3	SERPINB4	SERPING1	SIGLEC1	SLAMF7	SLC11A1	SLC15A3	SLC16A10	SLC1A5	SLC25A28	SLFN12L	SLFN5	SOCS1	SP100	SP110	SREK1IP1	STAT1	MAVS	BST2	EIF2AK2	RSAD2	NTC1	NTC2	NTC3	NTC4	NTC5
05.06.2020 10:20:00	0	2.947221e-05	2.698221e-05	3.207555e-05	0.0001201761	3.796346e-05	3.417798e-05	3.055202e-05	0.001602663	0.0001047658	3.40322e-05	3.496967e-05	3.978482e-05	3.122955e-05	4.119538e-05	3.465994e-05	3.485359e-05	3.669064e-05	3.819352e-05	2.607757e-05	3.400207e-05	3.069682e-05	3.652122e-05	3.570798e-05	3.111913e-05	3.040605e-05	2.496753e-05	3.289489e-05	3.789219e-05	3.436756e-05	2.94818e-05	2.048807e-05	4.494697e-05	3.926219e-05	3.498747e-05	3.583486e-05	3.634551e-05	3.335842e-05	3.554337e-05	0.001677556	3.157665e-05	4.241265e-05	0.0002202017	0.02187867	3.573021e-05	0,04110998	0.2132771	0.06859694	0.09424713	3.027171e-05	2.815645e-05	3.143853e-05	0.0002176462	3.140113e-05	3.172507e-05	2.619279e-05	2.907261e-05	2.979109e-05	5.678404e-05	2.715067e-05	0.001446178	5.769087e-05	2.724694e-05	0.0003163387	0.0001146335	3.040121e-05	0.009728457	0.1333018	0.06234294	0.5935327	0.3770152	0.105776	7.583573e-05	7.060696e-05	3.372164e-05	3.03786e-05	3.131971e-05	3.076669e-05	2.667664e-05	9.104963e-05	0.0001027953	0.0005164302	6.398815e-05	3.683082e-05	3.35629e-05	3.322091e-05	3.555255e-05	3.954083e-05	8.021413e-05	3.246337e-05	7.98568e-05	3.372817e-05	8.951175e-05	3.792718e-05
05.06.2020 13:20:00	3	2.32357e-05	2.216518e-05	2.706025e-05	0.0001131566	2.977577e-05	2.729465e-05	2.296213e-05	0.001433102	6.242012e-05	2.694506e-05	2.573911e-05	2.849165e-05	2.589148e-05	3.438335e-05	2.790314e-05	2.875983e-05	2.950213e-05	3.089623e-05	2.174206e-05	2.754928e-05	2.451616e-05	2.761936e-05	2.780699e-05	2.428765e-05	2.216647e-05	2.148719e-05	2.684476e-05	3.019249e-05	2.784202e-05	2.467326e-05	1.57752e-05	3.737188e-05	2.924129e-05	2.682168e-05	2.88799e-05	2.978774e-05	2.488597e-05	2.626644e-05	0.001600027	2.824635e-05	3.358415e-05	0.0003107682	0.0155253	2.501155e-05	0,04572506	0.1102491	0.04469223	0.03653542	2.589236e-05	2.411325e-05	2.305772e-05	0.000256443	2.552546e-05	2.341916e-05	2.09547e-05	2.29465e-05	2.672096e-05	5.223612e-05	2.077004e-05	0.00137363	4.493627e-05	2.405142e-05	0.000318836	0.0001037016	2.485659e-05	0.00816876	0.1119672	0.066483	0.02830835	0.03163989	0.07425088	6.659316e-05	2.53874e-05	2.704583e-05	2.488729e-05	2.431512e-05	2.498013e-05	2.1417e-05	6.510895e-05	9.745818e-05	0.0004817702	5.686555e-05	2.876788e-05	2.875932e-05	2.702017e-05	2.60547e-05	2.994188e-05	6.394307e-05	2.676885e-05	6.747244e-05	2.741365e-05	8.893193e-05	2.979891e-05
05.06.2020 16:20:00	6	0.001544008	0.00196506	0.002663874	0.00475693	0.002265705	0.002516303	0.001513982	0.003497483	0.002118877	0.002745299	0.004100758	0.003155677	0.001087516	0.002078445	0.0021385	0.001252468	0.00297444	0.003833046	0.002409899	0.002278106	0.001123515	0.003903283	0.002142903	0.002887655	0.002195039	0.003143532	0.001730043	0.002011363	0.001116367	0.001650157	0.001188213	0.003502647	0.001965563	0.002390709	0.001892478	0.002623784	0.001765211	0.002785829	0.002278079	0.003419287	0.001734846	0.01146779	0.01808534	0.001678619	0,04097338	0.4002907	0.05736552	0.02265655	0.001580282	0.00112441	0.001791255	0.003864428	0.002524979	0.001739459	0.001199238	0.002226001	0.001864901	0.002055885	0.00230427	0.003588663	0.001509587	0.002439048	0.001945553	0.002036108	0.001726904	0.04537671	0.2483602	0.08630893	0.02942515	0.03337533	0.06010812	0.001873064	0.001727389	0.001761927	0.002364126	0.001347374	0.002389217	0.002370298	0.003410344	0.002431538	0.003175574	0.001676651	0.003197343	0.003208044	0.001433137	0.002736012	0.004155884	0.002333142	0.002212453	0.001855539	0.00243822	0.003244152	0.002958249
05.06.2020 19:20:00	9	0.02841655	0.02677449	0.03255945	0.04023089	0.04095723	0.03547198	0.02977311	0.03179063	0.03099716	0.04056682	0.03815728	0.04995078	0.0254607	0.03107974	0.03077054	0.02893511	0.0370906	0.04525412	0.03201552	0.0328709	0.02842707	0.04321705	0.02749104	0.03462473	0.02611398	0.03261833	0.02318905	0.02820243	0.01869312	0.02202213	0.02014219	0.0373077	0.02783311	0.03145622	0.03232969	0.03156427	0.02942419	0.03156894	0.03070212	0.03478207	0.0266972	0.1018892	0.118943	0.02150265	0,05209176	0.1007126	0.0635052	0.02740061	0.02934478	0.02326888	0.02726274	0.0404908	0.02975962	0.02453504	0.01924359	0.0237634	0.02356265	0.02374928	0.03790134	0.02715852	0.02497382	0.02721156	0.02397182	0.02907494	0.02377485	0.3683743	0.2532599	0.1167981	0.03306624	0.03630716	0.03937197	0.02990241	0.03271651	0.02842107	0.02847322	0.02543113	0.02581897	0.02382421	0.03670776	0.03227706	0.03858988	0.02096741	0.03975701	0.0421553	0.02701252	0.0294343	0.05319959	0.03216798	0.02545906	0.02784018	0.02893122	0.0335765	0.03338147
05.06.2020 22:20:00	12	0.1073692	0.09575214	0.1181805	0.143471	0.1398722	0.129347	0.1092032	0.1111115	0.120522	0.1439751	0.1391905	0.1745196	0.09242246	0.1184598	0.1134707	0.104248	0.1335864	0.1572204	0.1192763	0.1206156	0.1117835	0.1478217	0.1041162	0.126548	0.09561332	0.1156554	0.08566965	0.09927041	0.0722045	0.08234084	0.07292223	0.1308723	0.09720311	0.1093176	0.1193987	0.119096	0.09942812	0.1002278	0.1055878	0.1165446	0.09486765	0.3009882	0.2120561	0.07476307	0,0487108	0.08397322	0.06718458	0.02506826	0.1073042	0.08237954	0.08973522	0.1299458	0.1053206	0.08401461	0.06991968	0.08238784	0.08028651	0.08413208	0.1371798	0.09327707	0.08877753	0.0932168	0.08507075	0.1023945	0.08927794	0.8697602	0.1936393	0.09499992	0.02690103	0.02995611	0.03502405	0.1088348	0.1123092	0.1016222	0.1070455	0.09568784	0.0929772	0.0849835	0.1274216	0.1065804	0.1329442	0.07354651	0.1406776	0.1376277	0.0992993	0.1092325	0.1859152	0.108439	0.08391305	0.09393067	0.1018851	0.1171997	0.1209058
06.06.2020 01:20:00	15	0.276179	0.2438846	0.3059154	0.3535075	0.3471245	0.3289048	0.2743095	0.2801246	0.3011099	0.3700631	0.3607917	0.4486822	0.2249081	0.2980383	0.2846074	0.2634171	0.3279208	0.4016218	0.3006884	0.3123322	0.2991475	0.3785088	0.2595138	0.3156893	0.2491007	0.2910344	0.2211676	0.2476888	0.1827111	0.2085015	0.1887102	0.3191628	0.2439277	0.2778738	0.2874586	0.2934787	0.249313	0.2517919	0.2587118	0.2805458	0.2287198	0.6764088	0.5068422	0.1863981	0,05552841	0.1167775	0.08960915	0.0298209	0.2577943	0.213784	0.2183444	0.2946059	0.2552583	0.2170247	0.1702175	0.2039369	0.1988473	0.2075283	0.3339245	0.2334837	0.2136728	0.2390088	0.2091121	0.2548662	0.215133	1.979736	0.2052714	0.1212886	0.04055656	0.03215259	0.0371377	0.2806677	0.2802048	0.2560243	0.2711653	0.2342005	0.2197819	0.2025542	0.3170727	0.2566566	0.3228371	0.1848202	0.3386959	0.3450688	0.2581152	0.2672834	0.4931913	0.2619649	0.2115823	0.2362951	0.2512776	0.2867168	0.2980163
06.06.2020 04:20:00	18	0.6049364	0.5155147	0.6591061	0.7301031	0.7005243	0.7110096	0.5916636	0.5931616	0.6487319	0.7934209	0.7698321	0.9734628	0.457419	0.609273	0.6392401	0.5578105	0.6753545	0.8250302	0.632291	0.6819167	0.6513038	0.8281789	0.5524005	0.6641098	0.533766	0.5914447	0.4750699	0.4987502	0.3671716	0.4338726	0.3731696	0.6328397	0.5047319	0.5605754	0.5854593	0.6178445	0.5232111	0.5225322	0.5010865	0.5498827	0.4651766	1.189671	0.8743258	0.3834086	0,05744687	0.1142638	0.0736208	0.03230736	0.5411426	0.4553412	0.4166132	0.5662843	0.5065454	0.4308493	0.3458846	0.4026877	0.4034494	0.4092167	0.7113932	0.4996059	0.4340748	0.4812509	0.4308644	0.5148767	0.4432537	3.011672	0.2167379	0.1123782	0.03307093	0.03283102	0.03843586	0.5948566	0.5585621	0.503754	0.5603172	0.4841509	0.4453173	0.4109722	0.6661102	0.5281081	0.637265	0.3633674	0.6657098	0.7234508	0.531714	0.5426347	0.9974321	0.5125501	0.4443269	0.4817508	0.5009709	0.5742409	0.596107
06.06.2020 07:20:00	21	1.238845	0.9739287	1.265422	1.37211	1.299051	1.365378	1.132782	1.15141	1.288626	1.5282	1.473056	1.861798	0.8440922	1.136158	1.229675	1.056259	1.234062	1.506547	1.160992	1.346497	1.232073	1.549064	1.049475	1.269962	0.9860431	1.107757	0.8799705	0.9134589	0.667046	0.7950098	0.6535006	1.108016	0.9316428	0.9960865	1.089735	1.174074	0.9822882	0.941681	0.8843957	0.984225	0.8536519	1.785834	1.627006	0.7087363	0,05619469	0.09529688	0.07472172	0.03399264	1.023042	0.8378306	0.7156919	0.9542714	0.902312	0.7739039	0.624138	0.7499192	0.7649395	0.7099913	1.373455	0.9628091	0.8452953	0.8640547	0.8082461	0.9361194	0.8376384	4.041236	0.3539542	0.1914288	0.03177982	0.03203882	0.0449895	1.099062	0.9757683	0.8894458	1.045123	0.8860084	0.8038037	0.7483923	1.210687	0.9695234	1.11499	0.658918	1.174267	1.297681	0.9571183	0.9860604	1.790487	0.920651	0.8442563	0.8811403	0.8922965	1.034965	1.045261
06.06.2020 10:20:00	24	2.383369	1.784715	2.278041	2.447016	2.288179	2.405907	2.023681	2.101692	2.351552	2.720289	2.669558	3.242696	1.481793	2.050001	2.22202	1.869122	2.151738	2.740522	2.028775	2.458839	2.19371	2.761977	1.868258	2.309381	1.7351	1.957475	1.552936	1.599041	1.172964	1.393947	1.107677	1.861554	1.631638	1.711385	1.895655	2.099067	1.723767	1.61427	1.504167	1.691443	1.495127	2.493359	2.149801	1.262644	0,04428273	0.05947377	0.05548684	0.03042641	1.818203	1.461267	1.24343	1.542666	1.572585	1.334	1.068531	1.31595	1.40219	1.213047	2.431475	1.761196	1.577529	1.522605	1.44577	1.608424	1.504083	4.816127	0.2340714	0.1069431	0.0199569	0.02152039	0.03764837	1.937834	1.660563	1.513131	1.836049	1.557106	1.38715	1.344898	2.051035	1.735254	1.875079	1.096485	1.972414	2.221046	1.658479	1.67596	3.087687	1.596693	1.476924	1.514968	1.525569	1.79194	1.749853
06.06.2020 13:20:00	27	4.345512	3.219305	3.973908	4.185523	3.869712	4.018872	3.453878	3.641441	4.016403	4.584065	4.573918	5.269987	2.570206	3.582681	3.868336	3.299767	3.630397	4.757473	3.417013	4.277229	3.760417	4.736586	3.325521	4.063083	3.07226	3.344558	2.66221	2.742991	2.016107	2.430638	1.857346	3.055979	2.807014	2.880784	3.189226	3.582219	2.924453	2.673065	2.461171	2.842342	2.547189	3.346602	2.685398	2.229383	0,07399116	0.1028695	0.06747636	0.04437866	3.182479	2.486442	2.128376	2.435763	2.696954	2.297704	1.808629	2.193185	2.536899	2.078486	4.192505	3.094983	2.7893	2.633603	2.477049	2.653457	2.61533	5.534226	0.2869526	0.1919663	0.03229504	0.03344185	0.06303666	3.331282	2.768617	2.52521	3.156813	2.685401	2.39902	2.354393	3.411519	2.984307	3.128781	1.827404	3.215652	3.645604	2.796882	2.798529	5.193148	2.618582	2.475448	2.505535	2.563619	2.9885	2.841298
06.06.2020 16:20:00	30	7.289283	5.602526	6.595343	6.914821	6.296253	6.412499	5.621581	6.008721	6.528703	7.15143	7.189471	8.013662	4.315868	6.037286	6.493161	5.611516	5.797648	7.893189	5.513009	6.979313	6.155412	7.678466	5.719873	6.824206	5.228844	5.474288	4.418638	4.554015	3.385854	4.111577	3.019554	4.969449	4.716113	4.705164	5.245911	5.841447	4.70493	4.28731	3.929908	4.638398	4.165871	4.37639	3.308892	3.782539	0,09441976	0.1090151	0.07182312	0.05360829	5.220083	4.089394	3.494079	3.769356	4.361474	3.794787	3.038605	3.633879	4.371756	3.464931	6.789664	5.220211	4.638935	4.499529	4.101911	4.247966	4.339419	5.654373	0.3464008	0.1758429	0.03241336	0.03114498	0.06658225	5.660018	4.511997	4.122436	5.167964	4.543324	4.055019	3.902682	5.422008	4.854574	5.053108	2.997242	5.031522	5.796978	4.592222	4.486472	8.315448	4.175495	3.941024	3.967804	4.167398	4.777146	4.392536
06.06.2020 19:20:00	33	11.24044	9.037949	10.24266	10.84525	9.619721	9.693456	8.580363	9.052253	9.897978	10.21019	10.14134	11.35214	6.908865	9.336144	10.01015	8.848694	8.512177	11.93824	8.41108	10.50973	9.602496	11.31908	9.22994	10.5233	8.179614	8.340502	7.039406	7.165731	5.458179	6.745126	4.728305	7.591758	7.503023	7.139959	8.139894	8.942747	7.10139	6.467765	5.992469	7.096069	6.444386	5.448449	3.705086	6.20294	0,09347062	0.143885	0.06755399	0.0571906	8.048154	6.420289	5.523295	5.594543	6.647563	5.998187	4.875055	5.726328	6.855401	5.556227	10.27461	8.109241	7.158278	7.275671	6.433287	6.530184	6.731459	5.983784	0.3707197	0.06704995	0.03184417	0.02981015	0.1112905	8.765639	6.93898	6.455359	7.883635	7.220865	6.458628	6.091703	7.974055	7.39608	7.558852	4.636024	7.465008	8.693812	7.14016	6.772164	12.15786	6.355703	6.090466	6.07882	6.397495	7.245589	6.457295
06.06.2020 22:20:00	36	15.18941	12.96907	14.29992	14.92062	13.19157	13.47292	12.13294	12.3847	13.5989	13.35457	12.96412	14.50444	10.04414	12.95121	13.81352	12.46338	11.37058	15.88714	11.68318	14.07083	13.47684	14.91274	13.29995	14.44914	11.56512	11.44473	10.43447	10.32449	8.277661	10.10774	7.008564	10.60054	10.84353	9.841749	11.44865	12.30531	9.952775	9.074218	8.544415	9.954797	9.098362	6.496092	4.029884	9.376004	0,1048701	0.1115804	0.06732291	0.05635951	11.21791	9.326372	8.086354	7.787489	9.299715	8.821264	7.392509	8.308227	9.418182	8.183179	13.92038	11.40056	10.04425	10.71984	9.270528	9.323632	9.507602	6.216344	0.4060218	0.08037989	0.03297976	0.02996428	0.1116722	12.2614	9.761429	9.135646	10.90808	10.42102	9.4534	8.776553	10.72985	10.22998	10.32997	6.642092	10.23864	11.75283	10.02699	9.207555	15.96003	8.927833	8.90787	8.613828	9.084829	9.952351	8.923608
07.06.2020 01:20:00	39	18.46023	16.34012	17.49318	18.09642	16.26359	16.91633	15.4992	15.29286	16.79663	15.93174	15.22445	16.93313	13.10005	16.1249	16.93954	15.61672	13.78345	18.93691	14.66256	16.99316	16.73053	17.63832	16.96492	17.74807	14.65855	14.19366	13.85874	13.31036	11.40462	13.46886	9.397103	13.44905	13.88397	12.24393	14.33092	15.08257	12.77085	11.58316	11.1209	12.48563	11.7071	7.398775	4.149917	12.61478	0,12555	0.1314813	0.06405246	0.0576574	14.00062	12.29631	10.69732	9.867923	11.76304	11.8321	10.30103	10.96838	11.45229	10.82967	16.96481	14.49556	12.85906	13.96064	12.07606	12.1162	12.41396	6.066505	0.2699713	0.07623014	0.0327135	0.03344906	0.1930869	15.31471	12.30851	11.59028	13.70003	13.32117	12.47418	11.37961	13.04629	12.70797	12.68761	8.685438	12.92092	14.34561	12.62308	11.32216	18.85345	11.33404	11.69471	11.18045	11.71645	12.30274	11.42321
07.06.2020 04:20:00	42	20.63712	18.78517	19.76016	20.33835	18.56499	19.47703	18.13321	17.43187	19.04838	17.69309	16.84388	18.68614	15.31022	18.51196	19.15274	18.02559	15.55898	21.08864	17.0075	19.19838	19.02075	19.63788	19.6111	20.21955	17.01564	16.2713	16.59306	15.68855	14.24597	16.14918	11.58562	15.7653	16.11347	14.06818	16.35921	17.1912	14.9592	13.57831	13.32149	14.31502	13.73808	8.038592	4.247367	15.27467	0,1270012	0.1311792	0.05048615	0.04885397	16.12096	14.73808	12.91639	11.56917	13.69593	14.35192	13.08242	13.18555	12.96248	13.02619	19.07792	16.78498	15.10372	16.30318	14.30392	14.31973	15.03831	6.157121	0.3244015	0.0469346	0.0277785	0.02903947	0.1920459	17.56187	14.19751	13.47213	15.89758	15.47561	14.95149	13.52568	14.84642	14.49452	14.42776	10.39852	14.93293	16.11505	14.5705	12.94758	20.9589	13.14519	13.9362	13.3859	13.85968	14.04568	13.5063
07.06.2020 07:20:00	45	22.07867	20.40458	21.17371	21.85329	19.98271	21.10068	19.95394	18.70701	20.56488	18.82373	17.77323	19.71682	16.82332	20.06278	20.50806	19.56468	16.67999	22.48638	18.54035	20.49504	20.45101	20.76532	21.32408	21.78215	18.49994	17.58172	18.46274	17.29851	16.29606	17.85845	13.14824	17.29415	17.54556	15.27319	17.67291	18.47766	16.36981	14.86795	14.85567	15.39924	15.12635	8.434715	4.092433	17.13148	0,1543869	0.2720344	0.07697834	0.131722	17.48495	16.36375	14.46118	12.75824	14.96279	16.08885	15.25679	14.80815	13.93328	14.52471	20.35722	18.4353	16.62275	17.79653	15.75413	15.78434	16.95059	5.720435	0.3883379	0.06313166	0.03079535	0.03271648	0.2084929	19.01532	15.53256	14.76092	17.376	16.85668	16.59764	15.04035	15.99094	15.6901	15.49364	11.67437	16.25605	17.29921	15.82003	14.01425	22.35167	14.41665	15.41811	14.89429	15.26989	15.12753	14.90017
07.06.2020 10:20:00	48	22.96931	21.4284	22.01114	22.88431	20.88369	22.22599	21.0624	19.46355	21.42504	19.509	18.37223	20.36256	17.78718	21.10116	21.39491	20.58109	17.40747	23.36778	19.53645	21.36989	21.23111	21.49804	22.45816	22.76607	19.40879	18.49783	19.71649	18.29624	17.61521	18.99324	14.2632	18.18219	18.48882	16.03907	18.52145	19.24718	17.2744	15.74181	15.88362	16.13117	16.10174	8.676872	3.945338	18.38514	0,1012155	0.2270355	0.05190862	0.08693054	18.2858	17.46158	15.51435	13.50942	15.74566	17.16106	16.74996	15.80416	14.56515	15.53604	21.18838	19.46358	17.56687	18.7026	16.74294	16.7291	18.08902	5.484325	0.1940797	0.03716878	0.02119063	0.0218929	0.1808517	19.94411	16.37354	15.53216	18.28927	17.67935	17.65591	15.96225	16.75637	16.48443	16.12527	12.43626	17.03017	17.96815	16.56133	14.68833	23.10636	15.22562	16.36609	15.8634	16.18264	15.8686	15.77107
07.06.2020 13:20:00	51	23.69141	22.10255	22.57866	23.36877	21.43161	22.80007	21.72701	19.86933	22.00431	19.92947	18.64896	20.66039	18.4579	21.63082	21.81249	21.12853	17.83485	23.82715	20.16889	21.85069	21.7581	21.91088	23.14311	23.34337	20.05901	19.02304	20.51523	18.84948	18.43062	19.58075	14.95158	18.69142	18.97519	16.49908	19.00687	19.70147	17.82054	16.20876	16.51931	16.65432	16.62615	8.810759	3.865106	18.9905	0,1980366	0.272049	0.05412664	0.1018357	18.86779	18.10231	16.27246	13.98833	16.23135	17.87137	17.74677	16.43192	14.98774	16.1295	21.72706	20.04619	18.12511	19.25455	17.30828	17.37472	18.89143	5.052374	0.2555714	0.04145552	0.0200564	0.02397677	0.1692875	20.50394	16.84249	15.98957	18.88917	18.31481	18.30577	16.54304	17.23839	16.94839	16.54473	12.95944	17.47543	18.39539	17.06009	15.08602	23.63239	15.68329	16.94756	16.45068	16.8259	16.23232	16.26766
07.06.2020 16:20:00	54	23.70916	22.4535	22.88556	23.77389	21.85805	23.22159	22.13089	20.10238	22.30633	20.13662	18.74459	20.87432	18.75014	22.01518	22.11702	21.4401	18.09288	24.17026	20.64599	22.17834	21.99426	22.21594	23.56061	23.73118	20.44306	19.31097	20.93279	19.1554	18.90505	19.92756	15.33056	19.02075	19.2699	16.79391	19.27524	20.08275	18.04542	16.47425	16.91883	16.91228	16.97304	8.877721	3.754808	19.48138	 	0.3776228	0.06346641	0.105441	18.98007	18.4486	16.69745	14.29395	16.53407	18.41655	18.42452	16.83783	15.20829	16.50355	22.01932	20.44666	18.43386	19.57985	17.64316	17.72451	19.28415	5.134194	0.2646434	0.03277534	0.01939873	0.02580313	0.2139745	20.79025	17.19046	16.35848	19.18661	18.62346	18.68562	16.90036	17.44052	17.22558	16.78103	13.28026	17.66412	18.62124	17.33454	15.33672	23.86547	15.96898	17.45708	16.7642	17.11279	16.47807	16.55226
07.06.2020 19:20:00	57	24.04135	22.63513	23.03316	23.8968	21.95898	23.30102	22.23269	20.16515	22.39547	20.13979	18.84041	20.82195	19.02725	22.14476	22.16502	21.59313	18.18536	24.22577	20.76332	22.25979	22.06118	22.21288	23.74559	23.87218	20.60302	19.50494	21.17967	19.2899	19.15009	20.10194	15.58586	19.08739	19.51153	16.90649	19.33614	20.11854	18.18357	16.66244	17.09556	17.01409	17.10469	8.917305	3.614429	19.64477	 	0.4322972	0.0845365	0.1089493	19.06159	18.64347	16.86817	14.44247	16.64478	18.51789	18.80445	17.02642	15.35551	16.64934	22.12565	20.59974	18.61797	19.77377	17.76834	17.85558	19.52552	5.02982	0.2419706	0.05119763	0.0275534	0.03971152	0.2472864	20.94245	17.27207	16.50729	19.2729	18.7703	18.8277	17.10649	17.5244	17.35973	16.86476	13.48307	17.72315	18.61759	17.40759	15.44437	23.87663	16.0674	17.66147	16.95177	17.28384	16.59371	16.68883
07.06.2020 22:20:00	60	23.86446	22.66856	23.00287	23.94554	21.93393	23.30618	22.25131	20.16073	22.37123	20.09487	18.79161	20.8014	18.94609	22.05762	22.02064	21.5612	18.19545	24.20731	20.85908	22.25138	22.00373	22.11976	23.71027	23.87203	20.67672	19.55632	21.17567	19.25415	19.25566	20.22726	15.69442	19.10577	19.45134	16.90245	19.32651	20.06806	18.14407	16.6524	17.17168	16.92796	17.14791	8.955061	2.44532	19.70952	 	0.4266219	0.09284083	0.09836137	19.03705	18.74909	16.99441	14.47041	16.64647	18.62889	19.00526	17.08797	15.39263	16.73131	22.11255	20.69597	18.57422	19.77263	17.8175	17.91179	19.58714	4.620877	0.2879703	0.05666672	0.03429767	0.04627458	0.2616454	20.99343	17.30636	16.51673	19.26526	18.79685	18.86277	17.11971	17.57952	17.2976	16.79359	13.59916	17.70127	18.68991	17.36281	15.40129	23.7846	16.12939	17.65972	17.00892	17.29707	16.57747	16.70189
08.06.2020 01:20:00	63	23.80478	22.65367	22.86485	23.73502	21.94081	23.25768	22.22252	20.05057	22.36099	20.01006	18.73718	20.62432	19.07314	21.93498	22.0479	21.52557	18.11162	24.18759	20.76919	22.122	21.87517	21.93881	23.5436	23.90244	20.45942	19.59223	21.18079	19.18806	19.23155	20.17298	15.70609	19.00262	19.36233	16.86078	19.27749	19.99917	18.1131	16.60596	17.1815	16.82301	17.11495	8.946494	2.331677	19.81282	 	0.3797417	0.0692274	0.08265709	18.82799	18.68894	16.91376	14.42603	16.6603	18.64025	19.06316	17.03604	15.42216	16.71095	22.08062	20.58442	18.60401	19.64047	17.7274	17.87802	19.57307	4.42923	0.1945386	0.0509408	0.03164874	0.05015307	0.2539667	20.95648	17.2458	16.48443	19.22332	18.777	18.81633	17.12123	17.50842	17.2295	16.74629	13.50807	17.62743	18.59588	17.3119	15.3617	23.68567	16.10068	17.71079	16.98641	17.20656	16.49769	16.63651
08.06.2020 04:20:00	66	23.53072	22.45797	22.6403	23.60114	21.68202	23.01126	21.992	19.90174	22.14559	19.83763	18.46516	20.4616	18.84794	21.686	21.7696	21.25796	17.93245	23.82633	20.66814	21.84838	21.70758	21.75045	23.24655	23.63174	20.36256	19.38889	20.89453	19.00578	19.01406	19.97051	15.61916	18.73227	19.08538	16.72492	19.11843	19.77362	17.94393	16.41215	17.10542	16.69513	16.92575	8.90408	2.227878	19.48953	 	0.2592855	0.05229402	0.05672365	18.73418	18.6073	16.87437	14.34045	16.46382	18.61326	19.00859	16.94624	15.2821	16.61806	21.91148	20.35058	18.40482	19.45827	17.58999	17.72419	19.4282	4.280783	0.09803726	0.03264044	0.02245207	0.03912193	0.2667831	20.70743	17.11535	16.35328	19.06136	18.61899	18.67856	17.01447	17.30874	17.09851	16.60753	13.51611	17.3853	18.32719	17.19436	15.26951	23.43322	15.99733	17.50996	16.87428	17.12962	16.37586	16.48344
08.06.2020 07:20:00	69	23.29188	22.25038	22.45757	23.31223	21.74244	22.83663	21.79948	19.68646	22.00819	19.65024	18.29217	20.25373	18.80066	21.46514	21.55979	21.08768	17.81725	23.65153	20.52255	21.52577	21.39174	21.60002	23.07682	23.46708	20.29183	19.21037	20.80835	18.81183	18.89183	19.80883	15.55501	18.57503	18.8612	16.66185	18.96462	19.5653	17.81874	16.30743	16.98564	16.54893	16.78696	8.894799	2.179955	19.28581	0	0.0	0.0	0.0	18.5084	18.46115	16.76694	14.18801	16.28661	18.43154	18.84655	16.82647	15.21133	16.48999	21.75664	20.20966	18.27097	19.27587	17.4507	17.61546	19.30198	4.07867	0.0	0.0	0.0	0.0	0.2018616	20.58428	16.99599	16.24184	18.91771	18.45725	18.48002	16.89527	17.1687	16.95629	16.50884	13.45924	17.25643	18.12577	17.06007	15.13256	23.18867	15.91448	17.37363	16.7355	16.9461	16.17723	16.33535
