Vessel Name: 21-10-2022_KaKr_KK1-80_Screen_S4/4-B2/5_P1_11
Metric: RFP  Integrated Intensity / GFP  Integrated Intensity
Cell Type: 
Passage: 0
Notes: 
Analysis: KaKr-A549-H2B-GFP/-RFP_DEFv10

Date Time	Elapsed	SSB	ST14	STAB1	STAP1	STAT2	TAP1	TAP2	TDO2	TDRD7	TIFA	TLR3	TLR7	TMEM140	TMEM217	TMEM62	TNFRSF1B	TNFSF10	TNFSF13B	TNFSF18	TNFSF8	TRAF3IP3	TRANK1	TRIM21	TRIM22	TRIM25	TRIM38	TRIM5	TRIM69	TYMP	UBA7	UBN2	UBQLNL	VCAN	WARS1	XAF1	ZADH2	ZBP1	ZBTB48	ZC3HAV1	ZMAT3	ZNF44	ZNF516	ZNFX1	Mx2	STAT1	MAVS	BST2	EIF2AK2	RSAD2	NTC1	NTC2	NTC3	NTC4	NTC5
21/10/2022 16:45:00	0	0.0002282437	0.0001227912	3.75065e-05	8.2527e-05	3.93837e-05	5.057039e-05	4.157875e-05	3.90179e-05	6.161031e-05	4.290439e-05	4.071622e-05	5.347852e-05	4.195165e-05	4.199904e-05	4.703299e-05	5.379344e-05	4.654022e-05	3.755344e-05	4.361624e-05	4.60323e-05	4.48552e-05	9.514649e-05	3.641441e-05	4.814933e-05	0.0007763386	4.472607e-05	0.0002346172	3.926468e-05	3.875898e-05	4.986968e-05	7.604591e-05	5.003851e-05	5.231497e-05	0.0001183155	5.054635e-05	5.541564e-05	6.204745e-05	5.609526e-05	5.036902e-05	0.0001105402	0.000111549	4.221636e-05	4.724245e-05	0.0001279375	0.0001382627	5.88644e-05	5.391494e-05	6.476271e-05	6.714249e-05	7.584409e-05	7.196365e-05	7.317916e-05	6.94777e-05	6.720248e-05
21/10/2022 18:45:00	2	0.0002191886	7.702332e-05	3.896487e-05	7.148177e-05	3.599721e-05	5.101409e-05	4.478737e-05	4.015422e-05	6.306116e-05	3.950986e-05	3.824364e-05	5.250632e-05	3.957605e-05	3.876108e-05	4.479884e-05	5.143634e-05	7.792124e-05	3.738911e-05	4.359252e-05	4.086342e-05	4.254208e-05	4.076391e-05	3.695003e-05	4.759563e-05	0.000771843	4.188109e-05	0.000177568	4.200364e-05	4.016193e-05	4.769055e-05	7.433576e-05	4.732483e-05	5.505943e-05	0.0001233572	4.89907e-05	5.660735e-05	6.263647e-05	5.628294e-05	4.713154e-05	9.96382e-05	0.0001038239	4.551192e-05	4.616898e-05	0.0001149485	0.000140231	5.537519e-05	5.789271e-05	5.679877e-05	6.466927e-05	6.865102e-05	7.442148e-05	6.84024e-05	6.603621e-05	6.281475e-05
21/10/2022 20:45:00	4	0.0002260782	9.693935e-05	4.629259e-05	8.452676e-05	0.0001245675	6.229516e-05	0.0001106465	4.907042e-05	0.0001766624	5.242355e-05	7.542935e-05	0.0001058864	5.504412e-05	5.00876e-05	5.861356e-05	6.345221e-05	7.610415e-05	4.864839e-05	5.391735e-05	5.190947e-05	5.555564e-05	5.16597e-05	4.785452e-05	5.984977e-05	0.0007405726	5.241857e-05	0.000196742	5.112855e-05	5.418951e-05	6.194892e-05	8.323757e-05	6.200912e-05	6.266139e-05	0.0001485954	6.360911e-05	7.254332e-05	0.0001277845	6.768252e-05	6.028593e-05	0.0001134549	7.745358e-05	5.332342e-05	6.096377e-05	0.0001470115	0.0001538334	0.0001058563	0.0001422282	0.0001315287	8.224566e-05	9.190517e-05	0.0001341054	8.667132e-05	8.422513e-05	8.229125e-05
21/10/2022 22:45:00	6	0.002028711	0.001740173	0.001375297	0.001403829	0.001447948	0.001875562	0.001838672	0.001566716	0.001271358	0.001568052	0.001217937	0.001671749	0.0008551821	0.001123478	0.001300012	0.0009366293	0.0009126976	0.0008997458	0.001568379	0.0009797808	0.001126294	0.001093307	0.000746153	0.0007348089	0.002037794	0.0007736903	0.001032505	0.0009849456	0.001006711	0.001295628	0.001338131	0.001408925	0.0008234221	0.002043274	0.001080504	0.0009448836	0.00189756	0.00119187	0.001103725	0.0007053007	0.0009666833	0.0006586275	0.001418096	0.004019056	0.001530837	0.001822377	0.00198769	0.00255707	0.002061774	0.002530576	0.003446196	0.002071371	0.002357711	0.001921133
22/10/2022 00:45:00	8	0.01477993	0.01470801	0.01464272	0.014327	0.01447908	0.0195529	0.01817781	0.01449295	0.0138314	0.01409526	0.01260966	0.01417268	0.01286985	0.01161616	0.01151914	0.01326343	0.01233576	0.009105803	0.0151936	0.01070155	0.01010998	0.01169114	0.01049108	0.01132466	0.01153985	0.01074642	0.01104602	0.01103954	0.01001965	0.01265904	0.01280313	0.01345191	0.01150277	0.01499069	0.01182136	0.01315264	0.01395983	0.01239931	0.01225019	0.009066219	0.01105845	0.01077735	0.01274565	0.02595051	0.01636746	0.0164204	0.01534034	0.02011534	0.02149002	0.02210241	0.02440596	0.02145645	0.02324031	0.0209073
22/10/2022 02:45:00	10	0.04749248	0.04807656	0.04578011	0.0453058	0.04920008	0.06064493	0.05696391	0.04753165	0.04556752	0.04513615	0.04150623	0.04600316	0.0398863	0.0370576	0.04243264	0.04769028	0.04372971	0.03266304	0.04589448	0.03684578	0.0374928	0.03853038	0.03624437	0.0399988	0.03902922	0.03754788	0.03771454	0.03694739	0.03525877	0.04314944	0.04266199	0.04571972	0.04093022	0.05047109	0.04062022	0.047444	0.04610207	0.04208024	0.03874097	0.03379661	0.03735625	0.03658432	0.04120848	0.07395492	0.05397816	0.05292663	0.04936471	0.06131204	0.06354787	0.06636082	0.07211827	0.06513052	0.06507909	0.06353284
22/10/2022 04:45:00	12	0.09878311	0.09853155	0.09392279	0.0921924	0.1052086	0.1212469	0.1156965	0.09487829	0.08959543	0.08951596	0.0845345	0.09121773	0.08168302	0.07559985	0.08700182	0.09778371	0.08849789	0.06685366	0.09443628	0.07697047	0.08097799	0.07835273	0.07392177	0.08756229	0.08097328	0.07599033	0.07982708	0.07472548	0.07348216	0.08976763	0.08713637	0.09000182	0.08482899	0.1023404	0.08122922	0.1013998	0.09739953	0.08722196	0.08368982	0.07003947	0.07823893	0.07850518	0.08191532	0.1483321	0.1213272	0.1077934	0.1067494	0.1289978	0.1241483	0.1325996	0.1440093	0.1294642	0.1314237	0.1288404
22/10/2022 06:45:00	14	0.1814544	0.1800706	0.1720048	0.1649878	0.1987567	0.2173417	0.2055261	0.1671014	0.1567472	0.1556782	0.1528054	0.162494	0.1478225	0.1355021	0.1545192	0.1741708	0.153703	0.1181934	0.1694074	0.1361445	0.1501673	0.1390738	0.1272287	0.1588216	0.13804	0.1363394	0.1403468	0.1338886	0.1334207	0.1608275	0.1536455	0.1514919	0.1500778	0.18047	0.145037	0.1884865	0.1750423	0.1551155	0.1502972	0.1281894	0.1390641	0.1455348	0.1506306	0.2594168	0.2289638	0.1924813	0.2039721	0.2383598	0.2228812	0.230283	0.259418	0.2291772	0.2405549	0.2278135
22/10/2022 08:45:00	16	0.3057698	0.3080051	0.2886783	0.272521	0.3471178	0.3627525	0.3458802	0.2761357	0.2652301	0.2582949	0.2563657	0.2670302	0.2432915	0.2275405	0.2535095	0.2829123	0.2554213	0.2031744	0.2888695	0.2219955	0.2515322	0.2286572	0.2109632	0.2668836	0.2216305	0.2301729	0.2283123	0.2189824	0.2256539	0.2758979	0.2504313	0.2478637	0.2486784	0.2976144	0.2378355	0.316995	0.2813631	0.259887	0.2432217	0.2165263	0.2275151	0.2476536	0.2535098	0.4199038	0.3811155	0.3251935	0.3502443	0.4079602	0.3723325	0.3673292	0.4309342	0.3770988	0.3977155	0.3702825
22/10/2022 10:45:00	18	0.4727526	0.4748201	0.4418267	0.4253902	0.5715368	0.5543077	0.5393066	0.4251887	0.4245658	0.3998946	0.4036858	0.4097054	0.3724665	0.3557295	0.3842246	0.4322539	0.3860798	0.3251298	0.4510761	0.3419901	0.392478	0.3475916	0.3252978	0.4143118	0.3400943	0.3655981	0.3476332	0.3386907	0.3468334	0.4319058	0.3860655	0.3752277	0.3890615	0.4543016	0.3621787	0.4895621	0.4292278	0.3964637	0.3704779	0.3348958	0.3466223	0.3900505	0.3953995	0.6351603	0.5998849	0.5136229	0.5426977	0.6493164	0.5754402	0.5496718	0.6589971	0.5868448	0.6109865	0.5514595
22/10/2022 12:45:00	20	0.6893166	0.6924445	0.6599824	0.6328031	0.8911363	0.7991012	0.7979854	0.6266347	0.6457407	0.5823775	0.6024137	0.6038372	0.5434329	0.5262499	0.5566859	0.6372182	0.5507599	0.4830275	0.6663644	0.5045266	0.57744	0.5119254	0.4691458	0.6109162	0.4983338	0.5287611	0.5038261	0.5080423	0.4970435	0.6315784	0.5699991	0.5345667	0.5799668	0.6549282	0.5271315	0.7273891	0.6173351	0.5823239	0.549587	0.484466	0.5095094	0.5631005	0.5886286	0.9149971	0.898272	0.765999	0.8042501	0.9783866	0.8455896	0.7897637	0.9611886	0.8727302	0.9114179	0.7879531
22/10/2022 14:45:00	22	0.9869916	0.9865509	0.9686981	0.9415088	1.331958	1.122225	1.164019	0.9046999	0.9534567	0.8383597	0.8764409	0.8583985	0.785664	0.7573156	0.795832	0.9097635	0.776603	0.6846852	0.9738618	0.7282934	0.8416201	0.7303867	0.665812	0.9004039	0.7063551	0.760592	0.7161648	0.7499657	0.7080747	0.8948001	0.8112547	0.7496993	0.8313494	0.9240354	0.7636094	1.066519	0.8834096	0.8435476	0.8050031	0.6823172	0.7380169	0.8028618	0.8507527	1.288261	1.307175	1.112058	1.164304	1.432909	1.207021	1.129866	1.381305	1.257059	1.338449	1.112702
22/10/2022 16:45:00	24	1.40675	1.408506	1.416331	1.376189	1.948451	1.56489	1.672285	1.29846	1.405457	1.203748	1.27413	1.21439	1.127794	1.083781	1.135618	1.298337	1.092222	0.9654804	1.431972	1.055619	1.220349	1.057364	0.9465816	1.327692	1.012093	1.102999	1.022573	1.089971	1.013366	1.274026	1.16062	1.061935	1.163838	1.29655	1.104894	1.52965	1.245092	1.200651	1.183	0.967509	1.060876	1.128886	1.22848	1.787658	1.882248	1.595593	1.672759	2.074908	1.751462	1.597348	1.977441	1.79066	1.930308	1.560958
22/10/2022 18:45:00	26	1.999043	2.0149	2.028789	2.033989	2.82293	2.166427	2.400642	1.845171	2.026073	1.724286	1.864469	1.730409	1.629199	1.558634	1.623698	1.850314	1.521478	1.36085	2.133816	1.539943	1.795091	1.529042	1.328289	1.934639	1.450755	1.608066	1.481403	1.566824	1.451049	1.799707	1.654865	1.526366	1.638831	1.810319	1.589554	2.167269	1.774601	1.70633	1.745919	1.386693	1.537345	1.622313	1.780027	2.463195	2.69718	2.27254	2.423383	2.980381	2.479236	2.253772	2.82364	2.528546	2.783892	2.179922
22/10/2022 20:45:00	28	2.810146	2.863861	2.921012	2.992227	4.057729	3.034815	3.426651	2.618312	2.936335	2.457445	2.706221	2.482288	2.333632	2.210585	2.307338	2.64446	2.122939	1.920181	3.13177	2.240919	2.622303	2.220689	1.865633	2.783421	2.077426	2.300258	2.139018	2.236139	2.090667	2.573739	2.388686	2.176019	2.306107	2.54578	2.274307	3.026107	2.503148	2.42265	2.568207	1.984026	2.229413	2.324525	2.55212	3.370947	3.896013	3.197557	3.439497	4.215789	3.4719	3.125364	3.944377	3.571101	3.963071	3.038101
22/10/2022 22:45:00	30	3.890581	4.017156	4.177021	4.324477	5.758744	4.190401	4.789944	3.696629	4.206737	3.474754	3.866977	3.593437	3.374032	3.147641	3.276696	3.733979	2.971388	2.705902	4.599258	3.263692	3.819705	3.208501	2.667106	3.971185	2.968578	3.313361	3.037444	3.184715	2.990953	3.619799	3.388107	3.07228	3.242943	3.569411	3.254543	4.197712	3.520737	3.40487	3.680591	2.854213	3.209618	3.342211	3.652623	4.568044	5.533164	4.470817	4.833392	5.898724	4.788319	4.282526	5.461571	4.981127	5.552469	4.212573
23/10/2022 00:45:00	32	5.289339	5.582882	5.911746	6.151258	8.024886	5.703979	6.609526	5.190318	5.898322	4.879903	5.462805	5.087956	4.84103	4.46971	4.628016	5.205741	4.138761	3.775282	6.656141	4.684535	5.512838	4.612446	3.808161	5.571956	4.207744	4.727306	4.273194	4.504038	4.253468	5.024017	4.766557	4.340446	4.527965	4.964134	4.612941	5.722486	4.882232	4.746342	5.230638	4.054857	4.584967	4.759337	5.178487	6.074574	7.763385	6.240759	6.583382	8.14903	6.485667	5.761305	7.309276	6.786678	7.573619	5.736443
23/10/2022 02:45:00	34	6.969797	7.599293	8.148709	8.632641	10.79407	7.568058	8.889855	7.164335	8.226908	6.762521	7.623434	7.030165	6.899194	6.330385	6.429817	7.109951	5.649127	5.252185	9.314712	6.578078	7.781428	6.459181	5.411549	7.675857	5.872694	6.587233	6.042375	6.269294	5.974594	6.818613	6.64395	6.099829	6.260019	6.766023	6.458336	7.652503	6.663567	6.499425	7.274952	5.702461	6.520371	6.661706	7.329975	7.880363	10.56472	8.469819	8.688675	10.94292	8.537881	7.59702	9.445209	8.924736	9.929766	7.597457
23/10/2022 04:45:00	36	8.898358	10.07058	10.97015	11.78195	14.00772	9.802236	11.52549	9.594213	11.12495	9.213434	10.41069	9.41098	9.573045	8.769668	8.697158	9.49966	7.588801	7.165323	12.3934	8.966088	10.70443	8.884047	7.625563	10.2395	8.033773	8.958681	8.277066	8.592091	8.238773	9.13048	9.031279	8.443837	8.445601	8.999002	8.799486	9.984896	8.915991	8.744003	9.855457	7.887698	9.007249	9.200173	10.04902	9.943356	13.77061	11.03052	10.92009	14.18314	10.83089	9.633606	11.72278	11.22077	12.41286	9.907932
23/10/2022 06:45:00	38	10.85038	12.89866	13.88606	14.95457	17.15999	12.1588	14.29097	12.46433	14.28758	12.09834	13.64049	12.0753	12.65705	11.73605	11.3615	12.15663	9.966139	9.66598	15.52131	11.72724	13.92173	11.79363	10.36366	13.01902	10.50328	11.78027	10.96765	11.3249	10.92798	11.66342	11.85595	11.31809	11.09747	11.60194	11.47132	12.59186	11.55029	11.26492	12.86952	10.55605	11.89962	12.18208	13.1664	12.06365	16.89504	13.6576	13.04011	17.33802	13.08405	11.7229	13.88088	13.4767	14.68062	12.35444
23/10/2022 08:45:00	40	12.69275	15.57109	16.53536	17.86279	19.77271	14.42931	16.84449	15.42391	17.27573	15.04668	16.92738	14.68594	15.68171	14.84138	14.09002	14.80694	12.45948	12.39687	18.14951	14.63715	16.84504	14.816	13.39591	15.64075	12.99794	14.62363	13.70593	14.28177	13.72347	14.38251	14.88116	14.38129	13.93893	14.33865	14.22784	15.1539	14.27295	13.96211	16.05051	13.48893	14.91142	15.33657	16.31985	13.97437	19.34605	16.03162	14.91672	20.19354	15.01378	13.56458	15.62598	15.3834	16.55923	14.60673
23/10/2022 10:45:00	42	14.18782	17.81354	18.76788	20.19024	21.84586	16.35747	18.90031	18.08097	19.74415	17.694	19.88904	16.97026	18.19795	17.51401	16.52865	17.0742	14.85905	15.08303	20.33388	17.24296	19.25324	17.47577	16.22387	17.82517	15.2252	17.0552	16.17744	17.0941	16.37719	16.83584	17.67149	17.27298	16.59269	16.72813	16.60342	17.34498	16.97255	16.19888	18.89527	16.278	17.69778	18.26612	18.98141	15.52678	21.22615	17.94769	16.377	22.47686	16.54659	15.17507	16.97279	16.98701	17.95547	16.55786
23/10/2022 12:45:00	44	15.43184	19.53164	20.54577	21.92916	23.463	17.84065	20.43702	20.30312	21.6795	19.73097	22.07201	18.76834	20.09346	19.55075	18.46988	18.83586	16.88272	17.29463	21.89377	19.25563	21.03473	19.5763	18.69363	19.56394	17.00202	19.08369	18.06023	19.46055	18.66647	18.82848	20.0275	19.62014	18.61367	18.67821	18.48092	19.07382	19.18301	18.00502	21.17806	18.65363	20.04144	20.72512	21.11969	16.76437	22.68053	19.38401	17.48177	24.1985	17.6717	16.38421	17.91446	18.15191	18.98919	18.01441
23/10/2022 14:45:00	46	15.99511	20.25507	21.23857	22.71687	23.99168	18.53674	21.06041	21.54555	22.65849	20.91107	23.4328	19.71216	21.04753	20.55622	19.55167	19.62005	18.10971	18.60003	22.3951	20.29643	21.84525	20.7353	20.20817	20.32175	17.98411	20.06669	19.10586	20.71087	19.97199	19.83001	21.12924	20.79888	19.86722	19.64761	19.39198	19.7097	20.16616	18.9012	22.28322	20.08931	21.23242	22.0649	22.19158	17.32959	23.07217	20.02415	17.9843	24.86647	18.16122	17.08983	18.36573	18.55886	19.46011	18.72627
23/10/2022 16:45:00	48	16.94079	21.47484	22.44866	24.01463	25.0962	19.53798	22.17069	22.99672	23.93598	22.36819	25.09767	20.9664	22.35042	21.99694	20.91794	20.86151	19.50263	20.10274	23.59193	21.67778	23.17926	22.25548	21.81918	21.51452	19.23913	21.41662	20.4648	22.31546	21.5702	21.27642	22.74481	22.28455	21.16329	20.85233	20.61232	21.02103	21.68237	20.13113	23.786	21.83673	22.79342	23.7268	23.66656	18.17574	24.15637	21.0062	18.78583	26.14883	19.01098	17.96238	19.16227	19.48935	20.35498	19.76916
23/10/2022 18:45:00	50	17.52325	22.31997	23.19377	24.73288	25.76014	20.09785	22.75529	23.9883	24.72849	23.22239	26.03699	21.68807	23.14675	22.8561	21.79965	21.53623	20.36538	21.1215	24.12571	22.52521	23.87489	23.12713	22.79377	22.18229	19.88495	22.28183	21.35474	23.30205	22.69125	22.0706	23.70934	23.14668	22.03087	21.57939	21.41604	21.73602	22.6364	20.91845	24.62599	22.90289	23.76832	24.65975	24.39576	18.63862	24.72397	21.61502	19.29456	26.8636	19.44163	18.49415	19.59588	19.93599	20.71256	20.45537
23/10/2022 20:45:00	52	17.92949	22.75531	23.63447	25.20879	26.09458	20.55239	23.15285	24.58585	25.21611	23.79319	26.85419	22.25274	23.58474	23.39349	22.33936	22.06414	20.92229	21.82575	24.53531	23.15825	24.30703	23.68051	23.61449	22.59187	20.42275	22.77333	21.85071	23.98963	23.41434	22.57719	24.27618	23.88176	22.63488	22.12904	21.87429	22.19037	23.29546	21.40465	25.1918	23.66517	24.35071	25.46626	25.08583	18.99773	25.1236	22.00626	19.57583	27.1277	19.68531	18.84542	19.83523	20.23362	21.02805	20.88206
23/10/2022 22:45:00	54	18.19532	23.12464	23.93962	25.43268	26.2472	20.76858	23.34026	25.03023	25.63385	24.31669	27.30026	22.50692	23.9093	23.73634	22.78489	22.38443	21.34671	22.30618	24.81342	23.57458	24.68394	24.08567	24.20283	22.91415	20.69477	23.11614	22.24363	24.4722	24.01543	23.03934	24.69802	24.24161	23.05165	22.42972	22.13004	22.48282	23.73742	21.69257	25.62381	24.18823	24.73367	25.86085	25.51166	19.23533	25.25538	22.23188	19.74979	27.45198	19.84056	19.1246	20.00413	20.35614	21.14553	21.1247
24/10/2022 00:45:00	56	18.33846	23.27234	24.0494	25.53926	26.42798	20.94871	23.46426	25.33597	25.8973	24.53204	27.56057	22.75524	24.17994	24.02101	23.07527	22.47594	21.64307	22.62122	24.9742	23.89227	24.9103	24.40892	24.57328	23.10675	21.04505	23.37283	22.52069	24.794	24.36341	23.25082	25.04353	24.51773	23.27372	22.55815	22.36816	22.65608	24.01904	21.80777	25.88862	24.57819	25.07309	26.13001	25.71016	19.3024	25.28096	22.32539	19.87063	27.50715	19.98545	19.32421	20.11401	20.43999	21.17322	21.27744
24/10/2022 02:45:00	58	18.4509	23.4505	24.33001	25.76651	26.46195	20.9644	23.47025	25.46898	25.94781	24.71034	27.70679	22.8211	24.27467	24.16519	23.25706	22.59919	21.89957	22.93951	24.97414	24.00942	24.97442	24.55842	24.78921	23.17029	21.20997	23.53578	22.56075	25.01505	24.57281	23.48376	25.19414	24.71124	23.52856	22.77375	22.54089	22.7859	24.24609	21.94929	26.03447	24.79081	25.1707	26.35656	25.80497	19.41851	25.33201	22.38935	19.92907	27.71606	20.06989	19.31741	20.20309	20.48253	21.2897	21.33599
24/10/2022 04:45:00	60	18.51305	23.51694	24.26732	25.65121	26.40088	21.03427	23.38723	25.53584	25.83356	24.65854	27.85283	22.88299	24.31147	24.17049	23.289	22.63415	21.9514	23.09084	24.94824	24.08273	25.02885	24.54294	24.97568	23.16384	21.1888	23.5861	22.67406	25.02248	24.58193	23.49752	25.27252	24.7966	23.62877	22.73558	22.5691	22.87271	24.29075	21.95999	26.01375	24.80029	25.12177	26.42116	25.97885	19.41252	25.28175	22.36827	19.87176	27.62245	20.04585	19.31783	20.06637	20.47878	21.21726	21.34415
24/10/2022 06:45:00	62	18.56503	23.42628	24.17237	25.57993	26.23317	20.95291	23.33368	25.53135	25.83653	24.71479	27.81519	22.91457	24.39425	24.13998	23.33513	22.65405	21.96702	23.12649	25.00006	24.10437	24.99143	24.57917	25.01708	23.1556	21.29547	23.61258	22.62676	25.09614	24.58914	23.42937	25.31952	24.84802	23.58419	22.74663	22.60552	22.77915	24.31082	21.86397	25.98804	24.93251	25.17536	26.47916	25.96399	19.39002	25.093	22.31132	19.84896	27.5477	19.97294	19.33033	20.05674	20.31671	21.19114	21.34805
24/10/2022 08:45:00	64	18.52826	23.3255	24.17353	25.52869	26.07282	20.8506	23.21366	25.43952	25.65253	24.63173	27.74709	22.81389	24.23868	24.07603	23.26826	22.45951	22.00929	23.07514	24.8657	24.06594	24.93752	24.54196	24.94787	23.03685	21.15871	23.52231	22.54074	25.10604	24.51853	23.4448	25.15996	24.74837	23.48315	22.80352	22.48501	22.74838	24.29113	21.83866	26.10786	24.80037	25.09758	26.36852	25.90568	19.33907	25.05192	22.24559	19.78004	27.55239	19.95189	19.28401	19.99878	20.29498	21.09635	21.29108
24/10/2022 10:45:00	66	18.17536	22.7582	23.52453	24.97735	25.56854	20.40403	22.6977	24.90626	25.12793	23.98195	27.08949	22.39818	23.76033	23.51858	22.75277	22.05221	21.63669	22.67455	24.26552	23.49963	24.37453	24.00026	24.50843	22.6401	20.70968	23.11891	22.17014	24.68697	24.10095	22.8692	24.72444	24.22005	23.01475	22.29974	22.02216	22.18686	23.82378	21.39126	25.54934	24.28768	24.70074	25.94887	25.33796	18.91622	24.56246	21.79268	19.39536	26.96464	19.58804	18.95932	19.58269	19.9034	20.70553	20.86441
24/10/2022 12:45:00	68	17.86633	22.38794	23.13725	24.46267	24.88298	19.95575	21.99961	24.25401	24.4791	23.37073	26.42397	21.9124	23.18512	22.92879	22.32359	21.71211	21.14944	22.22444	23.66132	23.09487	23.87766	23.56691	23.99841	22.23055	20.3685	22.60839	21.69503	24.02414	23.5597	22.43169	24.28473	23.69644	22.41787	21.93778	21.67167	21.77845	23.38835	20.91613	25.00168	23.78505	24.1948	25.4398	24.86386	18.51713	23.96845	21.29557	19.02866	26.27641	19.0888	18.5221	19.11741	19.46212	20.13846	20.44365
24/10/2022 14:45:00	70	17.87923	22.27171	22.97264	24.36238	24.89381	19.9218	21.98575	24.23144	24.40003	23.36224	26.49515	21.82772	23.14668	22.8134	22.17133	21.48709	21.00389	22.10394	23.63635	23.01814	23.82415	23.48338	24.01848	22.06004	20.19247	22.4238	21.58813	23.89355	23.42782	22.27791	24.17704	23.59568	22.384	21.77141	21.47888	21.69889	23.15589	20.74977	24.82612	23.65415	23.99555	25.34028	24.79889	18.39302	23.78075	21.18103	18.99981	26.22795	19.0575	18.44936	19.10223	19.41101	20.13937	20.35116
24/10/2022 16:45:00	72	17.87555	22.19346	22.91283	24.23559	24.89347	19.89205	21.97345	24.3373	24.43609	23.32142	26.51248	21.76457	23.10396	22.87654	22.13897	21.42348	21.01241	22.05966	23.65086	23.03386	23.7483	23.51838	24.00574	22.08431	20.26992	22.377	21.60961	23.89012	23.38273	22.31223	24.17881	23.58513	22.48586	21.7573	21.49317	21.7285	23.15018	20.74142	24.84382	23.76902	24.05786	25.2492	24.77308	18.34728	23.74009	21.13074	19.0323	26.14224	19.00897	18.50654	19.10948	19.3049	20.12311	20.34708
