Vessel Name: 02062020_InCu_KaKr_KK1-73_AC1-8_P1_7
Metric: RFP Integrated Intensity / GFP Integrated Intensity
Cell Type: 
Passage: 0
Notes: 
Analysis: KaKr-A549-H2B-GFP/-RFP_DEFv10

Date Time	Elapsed	MSR1	MT1H	MT1HL1	MT1M	MT2A	MX1	MX2	MYCL	MYD88	NCOA7	NEXN	NKX3-1	NMI	NT5C3A	NUPR1	OAS1	OAS2	OAS3	OASL	OGFR	P2RY14	PALM2-AKAP2	PAQR8	PARP10	PARP11	PARP12	PARP14	PARP9	PCDH17	PDCD1LG2	PDZD2	PGAP1	PHF11	PID1	PIWIL4	PLEKHA4	PLSCR1	PLXDC2	PMAIP1	PNPT1	POLD1	POLI	PPM1K	PSMB8	PSMB9	PTAFR	RAI14	RARRES3	RASA2	RASGEF1B	RASGRP3	RGL1	RGS1	RHBDD2	RIN2	RNF213	RTCB	RTP4	RUFY4	S100A4	SAMD9	SAMD9L	SAMHD1	SDS	SECTM1	SERPINA1	SERPINB13	SERPINB3	SERPINB4	SERPING1	SIGLEC1	SLAMF7	SLC11A1	SLC15A3	SLC16A10	SLC1A5	SLC25A28	SLFN12L	SLFN5	SOCS1	SP100	SP110	SREK1IP1	STAT1	MAVS	BST2	EIF2AK2	RSAD2	NTC1	NTC2	NTC3	NTC4	NTC5
02.06.2020 11:41:00	0	2.783451e-05	2.355146e-05	0.0001311631	0.00016108	8.074794e-05	2.441981e-05	2.614926e-05	2.289155e-05	2.57068e-05	2.1418e-05	2.712494e-05	2.412183e-05	1.978886e-05	2.214418e-05	7.240879e-05	2.352127e-05	2.169241e-05	2.269615e-05	3.26473e-05	0.0001021784	0.0001680294	0.0004579328	2.755313e-05	0.0001018322	2.498046e-05	3.077573e-05	0.0001822274	2.73051e-05	2.678922e-05	6.317774e-05	0.0001773411	2.753068e-05	2.567547e-05	4.068471e-05	6.682154e-05	9.26682e-05	0.0001412979	0.0004530195	2.761903e-05	0.0002092518	2.368579e-05	0.0001978012	0.001950282	0.0004196175	0.003165651	0.00331519	0.007151605	0.02882394	3.327513e-05	7.877374e-05	5.309258e-05	0.0005201448	3.340942e-05	0.0001009662	5.878272e-05	3.479202e-05	3.062153e-05	4.445481e-05	2.97071e-05	3.2103e-05	3.122901e-05	2.819927e-05	3.308226e-05	5.866657e-05	0.001112956	0.0049594	0.003688992	0.08546043	0.03603038	0.008757903	0.01365524	3.264064e-05	3.599827e-05	2.941762e-05	3.554033e-05	3.284021e-05	3.690748e-05	3.626575e-05	3.15953e-05	3.368928e-05	3.307047e-05	0.0001229408	3.988386e-05	0.0001705375	2.970581e-05	3.765566e-05	4.482616e-05	4.17992e-05	3.580281e-05	9.45279e-05	3.194405e-05	4.153368e-05	3.448951e-05
02.06.2020 14:41:00	3	2.369617e-05	2.270886e-05	0.0001473787	9.787623e-05	7.576085e-05	2.11211e-05	2.128147e-05	1.966316e-05	2.497388e-05	2.158334e-05	2.297409e-05	2.221807e-05	1.930047e-05	2.065161e-05	1.937001e-05	2.133076e-05	1.97762e-05	2.021638e-05	2.952357e-05	9.000654e-05	0.0001102776	0.000421437	6.987129e-05	9.077105e-05	2.37741e-05	2.975357e-05	0.00017529	2.699801e-05	2.435356e-05	2.538207e-05	0.000214963	6.804118e-05	2.305049e-05	3.68881e-05	6.403139e-05	2.701602e-05	0.0001298079	0.0001427055	2.766892e-05	0.0002623855	2.178732e-05	0.0001912653	0.001719543	0.0003422324	0.002896413	0.002427571	0.003548619	0.01956961	2.69616e-05	7.362646e-05	4.717273e-05	0.0005080274	7.133073e-05	7.365975e-05	6.129211e-05	8.362341e-05	2.596968e-05	0.0001287468	2.578711e-05	2.751057e-05	0.00012686	2.572666e-05	3.097414e-05	4.81344e-05	0.001024287	0.02335033	0.003179624	0.07743489	0.02529871	0.004018317	0.01128416	3.21624e-05	3.167647e-05	2.716675e-05	0.0001452536	3.029507e-05	3.364979e-05	9.909705e-05	2.938704e-05	3.24679e-05	9.361471e-05	0.0001521816	3.350178e-05	0.0001000267	2.862965e-05	3.415998e-05	3.747628e-05	3.946265e-05	6.931246e-05	0.0001702256	2.863675e-05	3.641345e-05	2.919871e-05
02.06.2020 17:41:00	6	0.002955358	0.001775322	0.002455049	0.001925568	0.00165095	0.001827648	0.002171679	0.001432815	0.002164961	0.00207218	0.002116066	0.002833629	0.003311186	0.001638742	0.002216819	0.001838233	0.00226624	0.002880162	0.00298962	0.002084757	0.002853104	0.003459108	0.002087823	0.002691484	0.004134845	0.005035248	0.003540386	0.002686021	0.002569293	0.003384992	0.01157553	0.002097635	0.001868726	0.006451846	0.002216159	0.002701373	0.00685405	0.006466575	0.003227341	0.003203439	0.002759954	0.02585475	0.001344801	0.003380202	0.002319348	0.001910579	0.002605839	0.01699959	0.005321301	0.005505048	0.005156323	0.02879339	0.004015029	0.003714018	0.001395964	0.003954328	0.003714151	0.008257683	0.003763224	0.00585526	0.005807918	0.00363213	0.003692138	0.002426769	0.00497599	0.03114643	0.002450559	0.06946186	0.02535787	0.0028895	0.01059415	0.003347267	0.006431523	0.003701669	0.006785498	0.003699007	0.004392196	0.004381323	0.003518284	0.005488491	0.009651485	0.003411635	0.005937783	0.005258556	0.003109018	0.007502821	0.009318902	0.007368823	0.007388983	0.006923094	0.004327849	0.005524635	0.009362251
02.06.2020 20:41:00	9	0.03397993	0.02364886	0.0229551	0.02337218	0.02186496	0.02536057	0.02448477	0.01925148	0.02817364	0.02422765	0.02539022	0.02750443	0.02783117	0.02213499	0.02387559	0.02229583	0.02234788	0.02598643	0.02690175	0.02873124	0.03341354	0.03399027	0.02462146	0.03248997	0.04045288	0.04119534	0.02975023	0.02874622	0.02777308	0.03261157	0.06994647	0.0280122	0.02330078	0.05542298	0.02357821	0.02953152	0.05360953	0.04375603	0.03241576	0.03015796	0.02493297	0.1646855	0.001740122	0.03046484	0.002105261	0.002170243	0.002555241	0.01644093	0.04376118	0.04955965	0.04395157	0.1540798	0.03875263	0.03531406	0.01633416	0.03573252	0.03170268	0.06579893	0.03932168	0.04778671	0.04595335	0.03149761	0.03520519	0.02827922	0.03577197	0.04044241	0.003353793	0.06131502	0.02403881	0.003126547	0.01001069	0.03765246	0.05174582	0.0329138	0.05210828	0.03741292	0.04300486	0.04520077	0.03684275	0.04174777	0.07084353	0.03289369	0.0524504	0.04346066	0.03412165	0.05824197	0.07031344	0.0642224	0.05572892	0.05392661	0.04397336	0.05015183	0.06328173
02.06.2020 23:41:00	12	0.1128868	0.07528428	0.07592954	0.08095948	0.07449191	0.08747279	0.0828483	0.06464264	0.1031048	0.08770103	0.08083783	0.09219869	0.08419075	0.07508571	0.08490656	0.07992467	0.08039261	0.08705813	0.09259664	0.1004254	0.1083578	0.115188	0.08446092	0.1169571	0.1289855	0.1341245	0.0950752	0.09374825	0.0918619	0.1049613	0.2130114	0.09305043	0.07790147	0.1474121	0.07988746	0.09771378	0.1593384	0.1423249	0.1064113	0.09721335	0.08120802	0.4475743	0.001221282	0.0938683	0.002012442	0.001778762	0.002056667	0.01476568	0.1350515	0.1507683	0.1360073	0.4207275	0.1220638	0.1163163	0.05019386	0.1158383	0.09314054	0.201075	0.1222658	0.1398708	0.1310482	0.09866437	0.1196046	0.09441505	0.1136978	0.1123296	0.002559199	0.06015157	0.02365274	0.001954056	0.00886146	0.1203111	0.156143	0.1118934	0.1530177	0.1162029	0.1322985	0.1330668	0.1154427	0.1306075	0.2078545	0.1058875	0.1554077	0.1239954	0.1101139	0.1730626	0.2309431	0.1939223	0.1681758	0.1582205	0.1349455	0.1497203	0.1770158
03.06.2020 02:41:00	15	0.2747092	0.1806773	0.1851469	0.20462	0.1889817	0.2189155	0.2022286	0.164969	0.2656016	0.2185871	0.1917345	0.2099513	0.2006001	0.1909571	0.2115476	0.2007126	0.1979652	0.212079	0.2142215	0.2500102	0.268252	0.2816024	0.2135384	0.2880011	0.2984065	0.3050664	0.2119086	0.230706	0.2130139	0.2513353	0.4716637	0.2151578	0.1901914	0.3051949	0.1931773	0.2171457	0.3630265	0.321796	0.2442847	0.2316404	0.2086809	0.9469789	0.001543007	0.21895	0.003704186	0.001769756	0.001852866	0.01677614	0.3078066	0.3469328	0.3134883	0.8723856	0.2874112	0.2721725	0.1071229	0.2569384	0.2152606	0.4340102	0.2895559	0.3233541	0.3089786	0.2363574	0.275924	0.2258522	0.2659118	0.1514524	0.002381633	0.06950037	0.02512815	0.001674743	0.007064169	0.2765762	0.3557679	0.2598954	0.3341729	0.2773985	0.3183849	0.3117496	0.2743247	0.3135312	0.4667112	0.2608539	0.3359162	0.2711161	0.2554423	0.4041401	0.5802326	0.4209015	0.362113	0.3535496	0.3135714	0.332283	0.4005284
03.06.2020 05:41:00	18	0.5471823	0.3794756	0.3780995	0.4199019	0.382259	0.4337226	0.4046326	0.3625583	0.5465037	0.4640896	0.3944716	0.4082892	0.3967662	0.4069286	0.4422907	0.4146857	0.4050246	0.4475271	0.4059697	0.5073534	0.5363244	0.5697535	0.4530271	0.5765703	0.5705879	0.5600358	0.3930084	0.4508066	0.373413	0.468556	0.8288221	0.4306379	0.3712036	0.5529141	0.3795955	0.4244879	0.6775045	0.5702945	0.4563226	0.4316632	0.4062372	1.549429	0.001878654	0.4231697	0.00227523	0.002110872	0.002159095	0.01539551	0.5761729	0.6320814	0.5565181	1.440899	0.5490236	0.5011865	0.1965255	0.461697	0.3866148	0.7619274	0.5833141	0.5866488	0.553773	0.4513569	0.5088353	0.429008	0.5138525	0.3087733	0.002920745	0.0724465	0.02024668	0.00180072	0.006066618	0.5290991	0.6476561	0.4913793	0.5958016	0.5251828	0.5797642	0.5780079	0.5375075	0.5924249	0.8301643	0.5121666	0.6440815	0.5016633	0.4989461	0.780697	1.183055	0.7537338	0.6430873	0.6446311	0.5843283	0.5881047	0.7374308
03.06.2020 08:41:00	21	0.9657776	0.707938	0.7137547	0.7642798	0.7000866	0.7817641	0.725013	0.6756286	1.033641	0.8642398	0.7243758	0.6860304	0.7211537	0.7821997	0.8398664	0.8010262	0.7439324	0.8561134	0.6933406	0.8677289	0.9599944	1.024057	0.827876	1.036208	0.9522758	0.9309713	0.6614663	0.7923343	0.6049102	0.8008554	1.339586	0.7098954	0.6594965	0.912441	0.6765378	0.7162867	1.077047	0.9316109	0.7329463	0.7373277	0.6812791	2.180929	0.001645997	0.6970805	0.001794422	0.001801581	0.001945104	0.01615916	0.9580138	1.006357	0.9011664	2.188526	0.8973043	0.8479188	0.3085694	0.7443385	0.6382097	1.20653	1.040112	0.9682835	0.8909363	0.7632662	0.810795	0.731966	0.8856885	0.4128928	0.002742729	0.07028086	0.02274597	0.001397759	0.005561836	0.899089	1.046532	0.8297151	0.9511259	0.8760952	0.9208848	0.9301993	0.9514434	0.9732035	1.351203	0.8336949	1.090273	0.8516096	0.8781896	1.318054	2.009494	1.214991	1.054197	1.048901	0.9605435	0.9381516	1.192382
03.06.2020 11:41:00	24	1.593454	1.232144	1.288182	1.318128	1.235376	1.353147	1.254454	1.18411	1.866717	1.478129	1.22942	1.063917	1.230907	1.447258	1.532132	1.477306	1.317452	1.554894	1.127607	1.421463	1.677758	1.759182	1.403115	1.756643	1.52136	1.487916	1.081997	1.302869	0.9925883	1.312042	2.068165	1.209557	1.111093	1.436175	1.158667	1.12108	1.648491	1.462345	1.153593	1.17328	1.07316	2.969272	0.001866049	1.121461	0.00228803	0.002292611	0.002092539	0.01828987	1.484301	1.632013	1.437226	3.062852	1.370822	1.360041	0.4692667	1.172515	1.012141	1.806576	1.726993	1.515642	1.40617	1.24822	1.265465	1.178681	1.461677	0.4373192	0.003037281	0.06509123	0.0183351	0.001650887	0.005449083	1.487963	1.663361	1.332564	1.45953	1.461657	1.461411	1.446269	1.570503	1.530243	2.113023	1.20835	1.714351	1.349568	1.435009	2.062918	3.078795	1.883697	1.665598	1.637331	1.504943	1.440046	1.82474
03.06.2020 14:41:00	27	2.541277	2.056185	2.227569	2.23994	2.125805	2.319421	2.102785	2.047617	3.128317	2.37434	1.940264	1.535768	1.984066	2.612695	2.769843	2.665071	2.273623	2.695197	1.745202	2.285058	2.887329	2.865913	2.292016	2.776051	2.326924	2.387103	1.796485	2.11677	1.645173	2.089097	3.115043	1.92953	1.811752	2.212164	1.907146	1.674989	2.369679	2.279617	1.787476	1.823754	1.667773	3.987098	0.001552984	1.779211	0.00409834	0.002088188	0.001903891	0.0192846	2.216851	2.614536	2.275071	4.202581	2.047635	2.161577	0.7273114	1.843899	1.590918	2.607173	2.70279	2.349161	2.231194	2.006678	1.987173	1.879082	2.393015	0.4895472	0.002920217	0.05725465	0.01850175	0.0014357	0.004662701	2.335422	2.643243	2.060565	2.204708	2.333061	2.260879	2.197759	2.503831	2.337022	3.192324	1.685965	2.526275	2.057309	2.233821	3.090227	4.435731	2.774057	2.503579	2.460796	2.273255	2.20831	2.729072
03.06.2020 17:41:00	30	3.748273	3.333786	3.673609	3.71699	3.554396	3.808767	3.35735	3.386742	4.991642	3.645205	2.846034	2.056566	3.084023	4.46727	4.89116	4.699296	3.772796	4.481037	2.656598	3.606076	4.673433	4.537733	3.648745	4.109918	3.406779	3.699501	2.900041	3.374546	2.744083	3.28148	4.472	3.177512	2.901725	3.265323	3.005797	2.391269	3.3555	3.48066	2.745483	2.80758	2.562138	5.138556	0.002103626	2.812663	0.002356351	0.002254861	0.002249074	0.01824006	3.210916	4.094118	3.516131	5.562687	3.025394	3.302369	1.138146	2.913971	2.4991	3.643107	3.916795	3.58973	3.479932	3.223688	3.123299	2.937415	3.856434	0.5150247	0.003420278	0.0679899	0.02716624	0.001555151	0.006848869	3.545228	4.025278	3.111555	3.293806	3.646252	3.488857	3.324254	3.888922	3.463549	4.6338	2.327909	3.513294	2.993764	3.290686	4.435189	6.207621	3.907337	3.528448	3.538666	3.323467	3.252466	3.880158
03.06.2020 20:41:00	33	5.118367	5.160246	5.678079	5.803801	5.662696	5.89413	5.121967	5.295795	7.404593	5.253914	3.857718	2.533206	4.495851	7.243873	7.934793	7.6154	5.929517	7.026283	3.967951	5.351924	7.043569	6.766881	5.453712	5.592872	4.696524	5.51216	4.494843	5.193125	4.407025	5.028044	5.836833	5.050972	4.493627	4.691461	4.50546	3.22671	4.508003	5.036096	4.120217	4.222263	3.819934	6.145514	0.002344269	4.305806	0.004424938	0.002530143	0.002164913	0.01991622	4.416762	6.000767	5.195066	6.877796	4.340913	4.838508	1.745548	4.374399	3.828838	4.835981	5.256554	5.068187	5.134957	4.964402	4.81549	4.351489	5.898576	0.5705273	0.003702163	0.07024693	0.02291922	0.001624956	0.006038221	5.035514	5.830161	4.54456	4.789316	5.53588	5.239451	4.769547	5.762787	4.942555	6.440457	3.136384	4.64232	4.079706	4.664762	5.915668	8.357922	5.155001	4.68572	4.793398	4.719669	4.565853	5.239443
03.06.2020 23:41:00	36	6.493134	7.373466	8.095368	8.439081	8.356089	8.441754	7.247388	7.68159	10.02437	7.043611	4.869447	2.932744	6.113269	10.64347	11.50478	11.03457	8.535896	10.08364	5.677968	7.617824	9.739576	9.219047	7.759552	6.977892	6.005802	7.747635	6.605957	7.54287	6.646388	7.219067	6.992399	7.830538	6.547921	6.364062	6.404163	4.057714	5.672167	6.822762	5.896017	6.060358	5.385787	6.919143	0.001835753	6.261483	0.002257011	0.00209408	0.002015135	0.02291963	5.78636	8.018369	7.134407	7.969228	5.910556	6.695979	2.657442	6.187541	5.533822	6.101412	6.453053	6.69402	7.146209	7.11523	6.989109	6.092958	8.256743	0.6908484	0.003348602	0.07110974	0.02555829	0.001224945	0.006612061	6.815084	7.763466	6.258638	6.561576	7.796074	7.3218	6.551704	7.958882	6.665122	8.320582	4.114908	5.777477	5.169095	6.211485	7.304398	10.59501	6.304963	5.818828	6.029036	6.321139	6.020257	6.681671
04.06.2020 02:41:00	39	7.578755	9.682771	10.67774	11.24741	11.10121	11.07222	9.584476	10.04294	12.20199	8.635653	5.751922	3.183102	7.754121	13.70775	14.63291	14.07968	11.21055	13.01135	7.595543	9.781168	12.26688	11.45279	10.19245	8.057946	7.1988	9.892216	9.016199	10.0798	9.400741	9.481995	7.838471	10.27925	8.81898	7.966969	8.511064	4.749084	6.622717	8.457409	7.841706	7.984605	7.262059	7.384185	0.002343673	8.354071	0.002784035	0.002667074	0.002433301	0.02254405	6.99088	9.811013	8.829473	8.782758	7.519885	8.455173	4.00491	7.989503	7.400393	7.218723	7.372343	7.996893	9.105903	9.404105	9.228304	7.913414	10.38439	0.6825363	0.003821173	0.08454876	0.02500379	0.001593279	0.007148357	8.511475	9.433508	7.963424	8.450996	9.88597	9.321225	8.306756	9.963442	8.346866	9.960272	5.095139	6.781785	6.214996	7.729818	8.391429	12.55912	7.184309	6.896546	7.122624	7.799132	7.385859	7.945059
04.06.2020 05:41:00	42	8.331605	11.72361	12.97499	13.79683	13.25132	13.27985	11.56991	11.88996	13.91781	9.844022	6.435285	3.323457	9.152035	15.98227	16.92184	16.37307	13.40759	15.28504	9.404204	12.00657	14.27734	13.29997	12.37264	8.849513	8.100756	11.61543	11.32418	12.24794	12.00942	11.51135	8.408551	12.60671	10.77075	9.33816	10.47002	5.303934	7.366009	9.82716	9.536981	9.719354	9.205051	7.652513	0.00241697	10.26835	0.001887148	0.001950873	0.001398203	0.02371973	7.965068	11.16878	10.12221	9.297517	8.912647	9.992249	5.926933	9.551405	9.069372	8.080221	8.025304	9.150687	10.6439	11.40158	10.9775	9.649915	12.01122	0.7158409	0.003778816	0.08997731	0.03135398	0.001032769	0.007753131	9.932111	10.7191	9.556809	10.1145	11.54532	10.92772	9.751186	11.55727	9.763992	11.23649	5.934474	7.554646	7.065368	8.962627	9.168485	14.13281	7.777408	7.661163	7.93579	8.977462	8.506375	9.041211
04.06.2020 08:41:00	45	8.790453	13.24833	14.9724	15.81199	14.86985	14.77403	13.05204	13.2014	14.89211	10.6778	6.936881	3.388474	10.1153	17.52103	18.46076	17.92627	14.95367	16.86282	10.88189	13.54155	15.65607	14.5546	14.03259	9.35428	8.766224	12.75197	13.25092	13.70663	13.95013	13.04327	8.798706	13.95521	12.30171	10.44428	11.98969	5.691236	7.843594	10.80133	10.7737	11.02789	11.01233	7.809823	0.00188941	11.80732	0.002451861	0.002579568	0.002034962	0.02438198	8.620364	12.0222	10.99617	9.661899	9.929016	11.04659	8.174831	10.62658	10.32016	8.658831	8.413575	9.777802	11.6539	12.8395	12.22697	11.15284	13.10945	0.7425805	0.003662958	0.08371093	0.03173066	0.001479291	0.007624409	10.91861	11.56799	10.6223	11.35219	12.79526	12.06221	10.80313	12.67963	10.8148	12.02638	6.603137	8.111857	7.670127	9.908491	9.67638	15.18052	8.178481	8.270286	8.585626	9.811705	9.347861	9.84206
04.06.2020 11:41:00	48	9.069073	14.08676	16.15849	17.10382	15.8763	15.65387	13.87358	13.97247	15.47642	11.17004	7.163834	3.37977	10.67996	18.36723	19.38208	18.77437	15.90497	17.68979	11.84669	14.63285	16.46345	15.35163	15.13499	9.636555	9.119851	13.35177	14.4905	14.69779	15.1009	14.03945	8.997751	14.84323	13.25127	11.06259	13.01285	5.924928	8.047731	11.38545	11.57476	11.83897	12.42395	7.866427	0.002430781	12.84909	0.005000441	0.00280585	0.002149323	0.03107036	9.047019	12.4739	11.46814	9.851136	10.60267	11.72956	10.3299	11.31044	11.07607	9.000568	8.629164	10.22814	12.30763	13.73072	12.91272	12.28326	13.64618	0.8049842	0.00349302	0.08745608	0.03455246	0.001558712	0.007018545	11.46057	12.09111	11.40219	12.11469	13.47488	12.79251	11.41719	13.27062	11.47756	12.50676	7.068105	8.429103	8.020346	10.47836	9.888592	15.72765	8.385672	8.576899	8.917379	10.30519	9.847353	10.25465
04.06.2020 14:41:00	51	9.183811	14.62334	16.90869	17.84889	16.50692	16.18167	14.39521	14.39829	15.69407	11.42937	7.326828	3.340263	11.02599	18.79337	19.8412	19.33113	16.47648	18.35052	12.48297	15.28398	16.88235	15.80657	15.6801	9.769502	9.345992	13.76309	15.26613	15.20707	15.91247	14.66834	9.107664	15.285	13.8477	11.43795	13.63213	6.061164	8.19169	11.72168	12.05224	12.29924	13.45858	7.884295	0.002460762	13.46127	0.002587037	0.002844204	0.002072871	0.0571545	9.277836	12.74849	11.7224	9.881966	10.9785	12.08598	11.9729	11.7144	11.54386	9.20237	8.720304	10.40023	12.65812	14.21667	13.23822	12.96113	13.98708	0.8104373	0.003665932	0.09237594	0.02459273	0.001606467	0.009119995	11.78818	12.28963	11.8028	12.53452	13.84624	13.12524	11.76683	13.62225	11.81	12.75723	7.374614	8.588274	8.228503	10.7486	10.04276	15.95257	8.443714	8.752675	9.113027	10.59913	10.11114	10.49836
04.06.2020 17:41:00	54	9.307904	15.11032	17.41616	18.60316	17.02715	16.61355	14.8757	14.77281	15.95951	11.63246	7.436712	3.28008	11.29648	19.22066	20.26822	19.83836	17.08401	18.83069	12.93203	15.7623	17.24809	16.13597	16.18943	9.827449	9.516902	14.08144	15.86809	15.64233	16.46246	15.15459	9.193769	15.63438	14.26077	11.79914	14.06904	6.165826	8.251106	11.98239	12.40112	12.68418	14.321	7.923076	0.002090476	13.92424	0.002532034	0.00284938	0.002039904	0.07199093	9.436879	12.93856	11.91632	9.960839	11.31986	12.44714	13.18011	12.08017	11.94121	9.420212	8.762436	10.47838	12.98577	14.60061	13.5397	13.44971	14.26867	0.849402	0.003668063	0.0921614	0.03896727	0.001655816	0.01175807	11.95738	12.46572	12.10271	12.88378	14.12395	13.45334	12.06511	13.8816	12.08623	12.95942	7.629673	8.765229	8.406298	10.96616	10.17494	16.15734	8.546687	8.890307	9.296625	10.80614	10.3027	10.65633
04.06.2020 20:41:00	57	9.287822	15.25873	17.65975	18.84726	17.18947	16.79182	14.94366	14.90465	16.00775	11.62976	7.371246	3.403504	11.43228	19.35279	20.55023	20.14967	17.35971	19.01522	13.20623	16.01522	17.3962	16.29351	16.41049	9.755227	9.588691	14.18537	16.14719	15.84015	16.74999	15.41801	9.175438	15.77754	14.47027	11.95667	14.33569	6.081017	8.262928	12.0675	12.55181	12.88496	14.83555	7.942896	0.002287388	14.16297	0.0027174	0.002842106	0.002145657	0.08261263	9.477024	13.01544	12.05546	9.998985	11.53445	12.56284	13.90998	12.2335	12.10907	9.490137	8.57453	10.53349	13.09091	14.83642	13.64501	13.70794	14.36179	0.8700792	0.005448862	0.08941484	0.03538267	0.001724742	0.01241298	12.03674	12.54903	12.23937	12.99451	14.253	13.58829	12.15839	13.96945	12.18874	13.05172	7.766001	8.807796	8.463407	11.06122	10.16554	16.12422	8.561148	8.945058	9.343884	10.87817	10.36975	10.73309
04.06.2020 23:41:00	60	9.199867	15.34597	17.71743	19.01646	17.33325	16.8287	14.98286	15.008	15.94881	11.5273	7.205172	3.652016	11.53706	19.37676	20.50398	20.1794	17.50216	19.14307	13.38504	16.18038	17.41596	16.30935	16.53789	9.535602	9.648258	14.16475	16.21882	15.8845	16.95947	15.59331	9.210193	15.8909	14.517	12.01544	14.42958	5.986432	8.273618	12.11258	12.59875	12.97204	15.23089	7.917509	0.00242424	14.18091	0.002911043	0.003047833	0.002038143	0.08624306	9.484967	13.01526	12.06275	10.00881	11.62165	12.64673	14.37444	12.27022	12.19046	9.52354	8.434724	10.5104	13.07077	14.80326	13.68199	13.9121	14.36507	0.9978811	0.005218504	0.1001306	0.03898131	0.001695046	0.03099089	12.08711	12.53692	12.26077	13.03105	14.23442	13.61028	12.16065	13.94529	12.28008	13.00475	7.856156	8.828928	8.475333	11.03685	10.13017	16.04461	8.556201	8.961947	9.369754	10.88721	10.34443	10.73261
05.06.2020 02:41:00	63	8.846727	15.31612	17.73364	19.08129	17.33076	16.82454	15.02252	14.89247	15.91529	11.40701	6.975948	3.540771	11.48081	19.29187	20.49961	20.1239	17.54576	19.14169	13.47015	16.23078	17.36807	16.31824	16.49841	9.250948	9.563629	14.15479	16.25855	15.91761	16.91799	15.65232	9.198503	15.80606	14.51376	12.02988	14.4556	5.849885	8.229976	12.10429	12.60866	13.03129	15.4759	7.955333	0.002586008	14.28121	0.003521377	0.003096048	0.004589848	0.1069524	9.47643	12.95503	12.04533	9.981767	11.64733	12.6749	14.59943	12.26833	12.20975	9.531633	8.196086	10.49935	13.08372	14.8393	13.68358	13.95915	14.31351	1.120485	0.005516302	0.1036483	0.03910682	0.001998068	0.05699344	12.0546	12.50103	12.27877	13.03812	14.21235	13.55346	12.17137	13.93502	12.23006	12.98298	7.898611	8.819441	8.457989	11.05723	10.12318	15.94864	8.521386	8.926645	9.368886	10.86773	10.35571	10.71543
05.06.2020 05:41:00	66	8.583425	15.25741	17.65567	19.08088	17.3016	16.71398	14.90109	14.89534	15.82497	11.10154	6.706446	3.220903	11.39878	19.20197	20.50915	20.01312	17.48666	19.1761	13.49106	16.25972	17.31568	16.29942	16.50934	8.927967	9.479815	14.08944	16.32467	15.90867	16.9765	15.67188	9.139529	15.76114	14.43507	12.02673	14.46029	5.639162	8.236451	12.07849	12.57073	13.03068	15.63681	7.977711	0.0024584	14.28692	0.005865543	0.003191381	0.004487581	0.1318285	9.452463	12.96176	12.01998	9.94733	11.61282	12.6591	14.81067	12.28239	12.17724	9.510653	7.878823	10.48915	13.03515	14.79228	13.62967	14.00579	14.33961	1.095514	0.005944678	0.09851918	0.04709372	0.001617916	0.07117458	12.02804	12.45589	12.31333	13.03445	14.17715	13.56635	12.1775	13.92312	12.24856	12.98919	7.941458	8.815752	8.471605	11.00384	9.991142	15.82869	8.445344	8.895767	9.34668	10.83657	10.32355	10.69222
05.06.2020 08:41:00	69	8.233088	15.19672	17.48892	19.01156	17.22951	16.73319	14.85801	14.74668	15.65685	10.74174	6.395192	2.974696	11.29681	18.9641	20.33665	19.91907	17.49377	19.10161	13.48786	16.14337	17.22264	16.1494	16.40182	8.438818	9.470808	13.98122	16.12876	15.75667	16.85507	15.65176	9.138649	15.68143	14.37715	11.98225	14.38954	5.400264	8.114032	12.08498	12.50367	12.94514	15.72579	7.897604	0.002561496	14.19688	0.007082626	0.00370751	0.007951902	0.1488482	9.356194	12.89529	12.00099	9.876613	11.56882	12.56724	14.86113	12.25082	12.16467	9.478995	7.445907	10.35603	12.97032	14.73173	13.5621	13.91654	14.20337	1.096745	0.0060599	0.104319	0.04865729	0.00196424	0.07432964	11.93199	12.38142	12.23231	12.96575	14.13556	13.44561	12.12358	13.85008	12.18814	12.93823	7.953005	8.744951	8.417929	10.87819	9.828288	15.67501	8.436149	8.842978	9.307691	10.75845	10.28728	10.61945
