Vessel Name: 15052020_InCu_KaKr_KK1-68_P1_5
Metric: RFP Integrated Intensity / GFP Integrated Intensity
Cell Type: 
Passage: 0
Notes: 
Analysis: KaKr-A549-H2B-GFP/-RFP_DEFv10

Date Time	Elapsed	EZH1	FABP4	FAM105A	FAM107A	FAM110A	FAM20A	FAM46A	FAM72A	FBXO6	FCAR	FFAR2	FGL2	FOS	FPR2	GBP1	GBP3	GBP4	GBP5	GLIPR2	GLS	GMPR	GPC4	GPR141	GPR155	HAPLN3	HAVCR2	HELZ2	HERC5	HERC6	HES4	HESX1	HLA-B	HLA-C	HMHA1	HSH2D	IDO1	IFI16	IFI27	IFI35	IFI44	IFI44L	IFI6	IFIH1	IFIT1	IFIT2	IFIT3	IFIT5	IFITM1	IFITM2	IFITM3	IFNE	IFNG	IGF2BP3	IL15	IL15RA	IL1A	IL1RN	IL4I1	IRF1	IRF7	IRF9	IRG1	ISG15	ISG20	ITPKB	KCNE3	KLF7	LAG3	LAMP3	LAP3	LGALS3BP	LGALS9B	LILRA1	LILRA5	LRCH2	LRRC25	LY6D	LY6E	MAP3K1	MBD4	MCM2	MEF2BNB	MNDA	MS4A4A	C1 (Mx2)	C2 (STAT1)	C3 (MAVS)	C4 (BST2)	C5 (EIF2AK2)	C6 (RSAD2)	C7 (NTC1)	C8 (NTC2)	C9 (NTC3)	C10 (NTC4)	C11 (NTC5)
15.05.2020 10:56:00	0	0,0001112026	3,553343E-05	0,0001280011	3,049505E-05	7,747373E-05	5,51521E-05	4,490787E-05	2,492157E-05	0,0001847959	2,302412E-05	2,487232E-05	2,630229E-05	0,000153542	2,857522E-05	3,263037E-05	3,290173E-05	2,981034E-05	2,968679E-05	5,909848E-05	3,040633E-05	2,814321E-05	3,008762E-05	2,807567E-05	2,97757E-05	0,0002841062	3,018161E-05	0,0002789875	2,956092E-05	3,178116E-05	2,878529E-05	2,076821E-05	2,782438E-05	3,045258E-05	3,269176E-05	2,934026E-05	2,932986E-05	3,041625E-05	3,294354E-05	3,077808E-05	6,294085E-05	2,911819E-05	2,875665E-05	2,757687E-05	3,034286E-05	0,000171946	2,871658E-05	0,0002218928	3,091997E-05	0,000620165	2,828957E-05	2,962698E-05	0,0001324011	2,808245E-05	2,730689E-05	6,352799E-05	0,0001433983	0,004271434	3,108078E-05	2,942359E-05	2,94015E-05	0,0002562668	3,179696E-05	3,329639E-05	2,846882E-05	3,182781E-05	3,248909E-05	3,177382E-05	3,161377E-05	3,417723E-05	3,026912E-05	3,228548E-05	2,441758E-05	0,0002149432	0,0001859562	2,980707E-05	7,188664E-05	2,695448E-05	0,0001027366	2,199349E-05	2,694212E-05	2,591828E-05	2,621214E-05	2,945881E-05	2,800906E-05	0,0001055459	2,673033E-05	2,385523E-05	2,350799E-05	2,468689E-05	2,517201E-05	2,703631E-05	0,0002298514	2,862428E-05	7,166778E-05	2,642478E-05
15.05.2020 13:56:00	3	0,0001941386	0	9,303504E-05	0	5,128693E-05	3,225918E-05	1,966196E-05	0	0,0001522839	0	0	0	0,0001486212	0	0	0	0	0	3,021312E-05	0	0	0	0	0	0,0002052726	0	0,0002366804	0	0	0	0	0	0	0	5,574667E-05	0	0	6,524937E-05	0	3,154696E-05	8,513408E-05	0	0	0	0,0001382126	0	0,0001969292	0	0,0005586027	0	0	9,192646E-05	0	5,235973E-05	0	0,0001084534	0,004161608	0	0	0	0,000202652	0	0	0	5,300513E-05	0	0	0	0	0	0	0	0,0001378808	0,0001485081	0	0	0	0	0	0	0	0	0	0	6,814558E-05	0	0	0	0	0	0	0,000206466	0	4,276496E-05	0
15.05.2020 16:56:00	6	0,004036097	0,003044122	0,003277337	0,003213036	0,0018959	0,001324376	0,001651051	0,001558502	0,001237786	0,00213723	0,002435058	0,002071992	0,003249066	0,002704053	0,001428121	0,001908452	0,00176019	0,001436988	0,001609017	0,002309254	0,001966474	0,002100592	0,002666476	0,002278994	0,002059821	0,002359066	0,001519467	0,001606222	0,002623807	0,002201714	0,001447102	0,001563004	0,002072373	0,002034042	0,00311189	0,002098837	0,001790747	0,003042183	0,002858238	0,002143462	0,003129581	0,002224542	0,00111713	0,002143706	0,002603431	0,002262921	0,00248806	0,002008792	0,003994884	0,001495131	0,001466524	0,00116082	0,001110866	0,001161842	0,0009432549	0,002005639	0,00606702	0,001246332	0,0020148	0,001961959	0,003382066	0,002591726	0,001510706	0,002306905	0,002458814	0,001841027	0,003303688	0,002152657	0,003157414	0,002031195	0,00224504	0,002324226	0,003169854	0,001796634	0,001151461	0,002165752	0,001422319	0,001162453	0,002096148	0,00136593	0,00130889	0,001411438	0,001616033	0,001888901	0,002314942	0,002009123	0,001957928	0,0007596271	0,001635385	0,001561967	0,001961934	0,001715437	0,001099522	0,002340158	0,002259663
15.05.2020 19:56:00	9	0,04680665	0,03642764	0,03988661	0,03689168	0,02864454	0,02756349	0,02331302	0,02644395	0,02558405	0,02943049	0,03301654	0,03000408	0,02992474	0,02801386	0,02436566	0,02807734	0,02810557	0,02759719	0,0246443	0,03348589	0,02832411	0,02733378	0,03015691	0,03428657	0,0259004	0,03009416	0,02690056	0,02366584	0,0283714	0,02663056	0,02157285	0,02556011	0,02681611	0,02876848	0,03861738	0,03175006	0,02950296	0,03239635	0,03333466	0,02826103	0,03095304	0,02769153	0,02126812	0,02562099	0,02797473	0,02730509	0,03221656	0,03107688	0,03455207	0,02643025	0,02243228	0,02358828	0,02127598	0,0211299	0,01923461	0,02682685	0,03274183	0,02829475	0,02900462	0,02974794	0,04444696	0,03221143	0,02161581	0,02462711	0,03250216	0,0269803	0,03433011	0,0330472	0,03586203	0,02814227	0,03425091	0,0313619	0,03975932	0,0296773	0,02638463	0,02730734	0,02301821	0,02024036	0,0262879	0,02246794	0,02155444	0,02264318	0,02610665	0,02429914	0,02772889	0,03397495	0,02943867	0,02335059	0,03244139	0,0263192	0,02365329	0,02559479	0,02577179	0,02968984	0,03245923
15.05.2020 22:56:00	12	0,1480354	0,1149648	0,1266982	0,1195286	0,09892591	0,08954706	0,07727659	0,0845558	0,08944535	0,093458	0,1096498	0,0962882	0,1002984	0,09938806	0,08355282	0,0934841	0,09444697	0,09261055	0,07791845	0,1066543	0,09083097	0,09196789	0,09957591	0,1112544	0,09322838	0,09802409	0,09616087	0,08391716	0,0937744	0,08507856	0,07046133	0,07779641	0,08676372	0,08693743	0,1175143	0,1030464	0,09548812	0,1030029	0,1114382	0,09401929	0,1015391	0,09071869	0,07346932	0,08479439	0,09731968	0,08977454	0,107155	0,0963901	0,1094096	0,08986513	0,07121926	0,0760781	0,07115008	0,07383966	0,06454709	0,08329719	0,09296916	0,09941912	0,09423447	0,09733117	0,1396371	0,1069944	0,07220431	0,08366282	0,09947817	0,09167706	0,102522	0,1034206	0,1111612	0,09093953	0,1130923	0,1171512	0,1375904	0,09572744	0,08509777	0,09217571	0,08003128	0,06744827	0,08965492	0,0743582	0,07420133	0,07754643	0,08336219	0,08796094	0,09326741	0,1091524	0,09841087	0,07867542	0,1115684	0,08655231	0,07744841	0,08368991	0,08860993	0,09428614	0,101419
16.05.2020 01:56:00	15	0,3401377	0,2594099	0,2924757	0,2829188	0,228316	0,2081465	0,1791854	0,1953127	0,2026748	0,2128823	0,2608602	0,2238043	0,22884	0,2181715	0,2049374	0,2308683	0,2151143	0,2147601	0,1725818	0,2416231	0,2083912	0,2198239	0,227872	0,2552312	0,2192706	0,2129978	0,2215389	0,2072931	0,2093057	0,204974	0,1629434	0,1765727	0,1977028	0,2002144	0,2628434	0,2339581	0,2216532	0,2309733	0,261556	0,2152995	0,2335745	0,2070885	0,1663576	0,1989641	0,222702	0,2028472	0,2417505	0,2164312	0,2379057	0,2024119	0,1610208	0,1716336	0,1739115	0,1705679	0,1554504	0,1907838	0,2089786	0,2389037	0,2230355	0,2278769	0,3259949	0,2451667	0,1648197	0,2124199	0,2314448	0,2269028	0,2355382	0,2340765	0,2541698	0,2139602	0,2671151	0,2975613	0,3330341	0,2166601	0,1847989	0,2204609	0,1848504	0,1529935	0,2105821	0,1746796	0,1724517	0,1776197	0,1905556	0,2106682	0,2247175	0,2467223	0,2313613	0,1950035	0,2801941	0,1938607	0,1775329	0,195246	0,2178909	0,2275283	0,2373677
16.05.2020 04:56:00	18	0,667704	0,4941345	0,5533082	0,5481395	0,4400336	0,4223487	0,3457459	0,3957011	0,3894489	0,3939622	0,5384619	0,4257066	0,4454077	0,4066412	0,4208348	0,4760274	0,4234528	0,426328	0,3346336	0,4507062	0,4033873	0,427395	0,4214029	0,5020837	0,4435222	0,4153805	0,4284386	0,3927338	0,3989568	0,408771	0,311269	0,3309788	0,3770407	0,3885095	0,4810362	0,4503336	0,4179748	0,4328111	0,490939	0,4091394	0,4505991	0,3946937	0,3148072	0,3919989	0,4433176	0,3907562	0,4733858	0,4289787	0,4558528	0,3876022	0,3174535	0,3309603	0,339784	0,3411039	0,3095319	0,3702887	0,3802154	0,459454	0,440557	0,4290122	0,6374539	0,4734732	0,2874976	0,4459829	0,4681456	0,4428619	0,4478349	0,4569792	0,489165	0,4025033	0,5175487	0,6284536	0,6392782	0,4137352	0,3531095	0,4252293	0,3797671	0,3205188	0,431664	0,340768	0,3500442	0,333436	0,3774345	0,4209127	0,4384292	0,480341	0,4662907	0,4022546	0,5920333	0,3715159	0,3467	0,3844539	0,4417613	0,438826	0,4603583
16.05.2020 07:56:00	21	1,125271	0,8160129	0,9090135	0,9067807	0,774331	0,7537034	0,6070724	0,7058669	0,6798724	0,6616849	1,00125	0,7525038	0,753751	0,685082	0,776753	0,8624952	0,7643126	0,7433289	0,5838183	0,7909164	0,7185515	0,7254031	0,7487084	0,8778846	0,8183451	0,7138366	0,7586572	0,6865649	0,683807	0,7241079	0,5548891	0,5656617	0,6512396	0,6817483	0,8396796	0,8004448	0,7416286	0,7600576	0,867942	0,6956262	0,7885787	0,6892977	0,5472213	0,6735054	0,7599596	0,6671414	0,8419507	0,7770865	0,8116607	0,6885871	0,5474908	0,5879761	0,6017891	0,6233342	0,5488397	0,6590051	0,6289717	0,8099642	0,7757081	0,7282822	1,138335	0,8168902	0,4567553	0,787792	0,8169058	0,7781263	0,7702615	0,8196146	0,8203619	0,6658633	0,8965379	1,232586	1,095161	0,7058668	0,6261047	0,7572902	0,6822227	0,6039746	0,8150258	0,6054317	0,6445531	0,5777149	0,6604388	0,7515439	0,7637852	0,8567788	0,852069	0,7474253	1,101394	0,6663979	0,6279788	0,6678311	0,7708508	0,7379357	0,8005658
16.05.2020 10:56:00	24	1,811784	1,334797	1,475869	1,448897	1,34968	1,312904	1,00621	1,219075	1,164933	1,080073	1,739473	1,283662	1,22385	1,145409	1,363625	1,462659	1,332608	1,240164	0,9816318	1,343666	1,215391	1,217307	1,30262	1,463972	1,45384	1,200862	1,27827	1,180149	1,138087	1,221483	0,9548342	0,9609839	1,097653	1,147618	1,420603	1,360297	1,279086	1,275219	1,500149	1,149726	1,298521	1,179739	0,9068001	1,113849	1,218904	1,082271	1,431718	1,340353	1,368	1,210642	0,9197956	1,021402	1,009045	1,091739	0,9478123	1,109279	1,00418	1,380084	1,316554	1,207156	2,014026	1,332675	0,7303976	1,318688	1,356974	1,304858	1,259183	1,374682	1,322733	1,098468	1,508746	2,272654	1,810872	1,158062	1,057082	1,286081	1,182439	1,100892	1,429971	1,057153	1,146557	0,9813789	1,122574	1,270101	1,288392	1,453114	1,49122	1,321739	1,928949	1,153375	1,095113	1,143987	1,289263	1,197683	1,34102
16.05.2020 13:56:00	27	2,94789	2,21804	2,379011	2,340463	2,302849	2,254947	1,66785	2,078427	1,96974	1,811374	2,984422	2,135837	1,991689	1,930548	2,313776	2,423545	2,248857	2,080651	1,62261	2,246915	2,01342	2,033422	2,271981	2,422221	2,525713	2,016953	2,138931	1,989875	1,855309	2,00205	1,61316	1,638305	1,836929	1,918986	2,347677	2,326492	2,204687	2,123988	2,514757	1,874965	2,152105	2,018711	1,487455	1,831247	1,983422	1,771102	2,369012	2,265724	2,280676	2,071511	1,528895	1,789886	1,722681	1,891623	1,601734	1,81918	1,601987	2,377562	2,176328	1,972055	3,531213	2,169654	1,16816	2,18236	2,25355	2,170977	2,023391	2,269234	2,117455	1,772246	2,454593	4,009274	3,00004	1,850647	1,778494	2,09864	2,066292	1,932402	2,465066	1,815103	1,971364	1,661388	1,887699	2,121813	2,116663	2,394511	2,562471	2,286539	3,301058	1,967557	1,86913	1,926456	2,14184	1,941693	2,2677
16.05.2020 16:56:00	30	4,681235	3,628697	3,839471	3,778472	3,843851	3,765718	2,700777	3,475962	3,293264	2,998975	4,986896	3,443768	3,231688	3,214397	3,891721	3,979651	3,66855	3,46168	2,635159	3,729724	3,321152	3,352426	3,8664	3,914997	4,255048	3,315711	3,514249	3,280702	3,042218	3,249905	2,618588	2,760803	3,004527	3,179569	3,804073	3,872228	3,686421	3,494187	4,156933	3,023248	3,5133	3,392045	2,434466	2,969831	3,28095	2,918747	3,848043	3,772778	3,759111	3,457534	2,465839	3,060483	2,890548	3,205404	2,658395	2,984142	2,54635	4,050193	3,569196	3,260577	6,089169	3,514477	1,823871	3,594429	3,680021	3,564415	3,1473	3,660115	3,348384	2,824517	3,95137	6,629081	4,933562	2,977782	3,053071	3,411604	3,512043	3,273613	4,145157	3,068054	3,33377	2,759326	3,083092	3,482732	3,382751	3,934926	4,263733	3,831324	5,507618	3,256075	3,080181	3,178707	3,454523	3,092149	3,682422
16.05.2020 19:56:00	33	6,991671	5,640078	6,09073	5,836972	6,159625	5,995182	4,319955	5,711255	5,295127	4,786307	7,97267	5,457745	5,22814	5,104661	6,305593	6,369487	5,827258	5,573895	4,233525	6,012032	5,319531	5,438808	6,344731	6,083035	6,892671	5,255014	5,628315	5,294261	4,894113	5,208232	4,153481	4,550355	4,773477	5,14483	6,005209	6,222038	6,002022	5,560849	6,550225	4,802845	5,591498	5,470199	3,963034	4,713282	5,396043	4,698957	6,015579	6,052097	5,909683	5,604906	3,951218	5,017417	4,72941	5,286363	4,383197	4,726511	4,034956	6,5982	5,633646	5,245481	9,998553	5,556765	2,79259	5,736061	5,814972	5,651936	4,785199	5,673747	5,085773	4,368475	6,211103	10,04811	7,856815	4,702834	5,059858	5,450691	5,791793	5,36294	6,695179	5,049101	5,464294	4,489287	4,922404	5,68507	5,265071	6,24255	6,550587	6,086512	8,727354	5,176099	4,924159	4,988401	5,347768	4,811736	5,717669
16.05.2020 22:56:00	36	9,683319	8,16216	9,122106	8,593823	9,299257	9,136292	6,70337	8,913594	8,164971	7,376191	11,73933	8,213268	8,036022	7,706183	9,693117	9,610386	8,815258	8,480312	6,497776	9,177785	8,103013	8,39627	9,687599	9,000975	10,25378	7,914382	8,689115	8,111124	7,449462	7,982794	6,298328	7,071863	7,230866	7,986147	8,938007	9,428543	9,174863	8,339168	9,632083	7,163791	8,354291	8,273958	6,163387	7,06309	8,299348	7,28713	8,933064	9,37255	8,765377	8,524524	6,140095	7,65179	7,397699	8,18249	6,762266	7,30205	6,13398	10,01595	8,39535	7,973017	14,66311	8,22251	4,091119	8,672772	8,746225	8,449221	6,980372	8,263528	7,2775	6,568385	9,01622	13,64201	11,25512	7,054949	7,812516	8,241336	8,932557	8,369269	9,971569	7,768424	8,426713	6,962027	7,468834	8,834799	7,700389	9,377982	9,593455	9,000134	13,1157	7,703877	7,464176	7,435781	7,80593	7,07919	8,316013
17.05.2020 01:56:00	39	12,20577	10,93853	12,46023	11,66981	12,86349	12,83306	9,818686	12,63445	11,62466	10,71256	15,32515	11,55425	11,35603	10,97836	13,60364	13,16967	12,23351	11,84181	9,38113	12,72158	11,57556	11,93997	13,47314	12,18543	13,74839	11,01037	12,43145	11,60371	10,53734	11,28608	8,996726	9,93916	10,25874	11,52243	12,13715	13,12375	12,90252	11,50469	12,97096	10,06016	11,51884	11,49494	8,92051	9,92142	11,67096	10,4458	12,23082	13,16887	12,02173	11,96395	9,014409	10,69526	10,87329	11,87695	9,649697	10,53439	8,756428	13,8074	11,48406	11,31646	18,66418	11,33985	5,791939	12,03998	12,09218	11,66117	9,564788	11,13597	9,637959	9,354218	11,93871	16,62853	14,56506	9,931231	11,14696	11,62315	12,60354	11,97944	13,38244	10,91636	11,99141	10,1676	10,61364	12,54514	10,57003	12,94606	12,8654	12,09067	17,62861	10,61089	10,46548	10,35494	10,49911	9,734096	11,14752
17.05.2020 04:56:00	42	14,14831	13,42698	15,2413	14,47814	16,06276	16,17799	13,10798	15,81015	14,73215	14,05849	18,05631	14,75367	14,50552	14,20275	16,97527	16,38022	15,29503	15,00263	12,52862	15,88962	14,91267	15,34156	16,77214	15,0976	16,52108	13,93656	16,18966	15,07248	13,80264	14,73412	11,82343	12,7358	13,31188	14,99927	14,98359	16,36602	16,03299	14,499	15,80098	13,02277	14,46056	14,46228	11,96164	12,87086	15,00968	13,71801	15,35036	16,44872	14,8931	15,08302	12,18391	13,81842	14,4292	15,44545	12,55982	13,71475	11,47332	17,28267	14,40527	14,44047	21,33087	14,15899	7,797052	15,11087	15,05293	14,76257	12,24031	13,89782	11,94287	12,29901	14,68406	18,773	17,22448	12,71762	14,4347	15,14951	15,96237	15,42491	16,23752	13,9203	15,48737	13,54327	13,86913	16,14031	13,34464	15,86957	15,61408	14,89328	21,27814	13,30802	13,3132	13,11306	13,05223	12,30611	13,64862
17.05.2020 07:56:00	45	15,39551	15,61834	17,21898	16,59034	18,25592	18,62645	15,82129	18,08873	17,06734	16,74788	19,95249	17,16584	16,87056	16,91332	19,19077	18,85715	17,48166	17,34697	15,13119	18,06557	17,44673	18,06584	19,21863	17,34907	18,41482	16,28761	19,12099	17,64918	16,50909	17,55056	14,14212	15,00655	16,07682	17,88249	17,04589	18,89134	18,33764	16,78024	17,89757	15,7372	16,66935	16,65069	14,68197	15,45222	17,93163	16,70072	17,94304	18,93471	17,0537	17,51817	15,15244	16,42464	17,36495	18,48999	15,0487	16,21797	13,98463	19,69187	16,94325	16,95656	23,01525	16,42749	9,809712	17,43886	17,50874	17,3741	14,63224	16,2435	13,92104	14,96523	16,81747	20,22448	18,88843	15,13075	16,9907	17,96074	18,3679	18,28254	18,43235	16,49982	18,35854	16,44424	16,5648	18,62691	15,30099	17,91862	17,49469	16,75607	24,03901	15,37353	15,48295	15,15384	15,03259	14,42855	15,46944
17.05.2020 10:56:00	48	16,19724	16,99889	18,28803	17,98878	19,63592	20,21535	17,7431	19,53716	18,55245	18,55998	21,25666	18,90368	18,5275	18,76195	20,69611	20,44189	18,90463	18,94732	16,96736	19,58674	19,09963	19,95238	21,0009	18,85901	19,74836	18,00959	21,04085	19,47379	18,61748	19,55022	15,8063	16,73046	18,00741	19,96312	18,37449	20,61483	19,98472	18,38918	19,27876	17,56988	18,16523	18,04594	16,65822	17,36905	19,88918	18,63768	19,61244	20,48883	18,44553	19,14502	17,49615	18,26126	19,2136	20,52816	16,71711	18,00589	15,91082	21,35442	18,64356	18,65924	24,07571	17,99127	11,67822	19,02965	19,24877	18,98937	16,27163	17,95694	15,46909	16,99495	18,29754	21,18334	20,12286	16,76937	18,75825	19,98782	19,92136	20,20105	19,66499	18,36887	20,43641	18,5011	18,46535	20,38033	16,68259	19,20868	18,6876	18,03997	25,54137	16,67501	16,77691	16,45316	16,4577	16,09823	16,62231
17.05.2020 13:56:00	51	16,40593	17,62083	18,84542	18,60588	20,14376	20,93725	18,90408	20,03627	19,18783	19,28873	21,55501	19,52146	19,16872	19,8873	21,29691	21,06695	19,62632	19,80303	18,06247	20,40493	19,79081	20,86133	21,61685	19,30062	20,07567	18,60909	21,89575	20,53135	19,78746	20,70421	16,62731	17,87166	19,03189	20,94631	18,96422	21,19501	20,46896	18,99698	19,82037	18,58341	18,79882	18,70588	17,86841	18,37714	20,94062	19,64369	20,45332	21,18964	19,09277	19,86076	18,67314	19,25187	20,23296	21,52717	17,53429	18,8406	16,96368	22,00799	19,53914	19,40263	24,15512	18,61566	12,98978	19,82631	20,14814	19,87222	17,2415	18,83081	16,37139	18,1094	19,13337	21,64151	20,51613	17,4868	19,48911	21,22828	20,58116	21,14152	20,19283	19,44891	21,3175	19,73668	19,58958	21,44749	17,37271	19,84887	19,26948	18,67223	26,23902	17,45843	17,42828	17,13147	17,06401	16,79922	17,24992
17.05.2020 16:56:00	54	16,77369	18,39782	19,3827	19,12969	20,67776	21,48463	19,65261	20,70211	19,79948	20,11144	22,11824	20,2544	19,81584	20,93631	21,82108	21,89958	20,15478	20,53196	18,79154	20,98064	20,57254	21,72479	22,3128	20,02689	20,72725	19,31949	22,75949	21,21711	20,56533	21,3564	17,26506	18,57232	20,04349	21,85003	19,52313	21,95275	21,15068	19,70197	20,39727	19,41352	19,41097	19,35164	18,7671	19,16565	21,8729	20,73223	21,3734	21,89494	19,71021	20,5618	19,68976	20,0793	21,26498	22,60084	18,45469	19,53199	17,89392	22,74377	20,3488	20,16252	24,59395	19,27724	14,03566	20,38237	21,02238	20,76405	18,06821	19,61682	17,12216	19,07367	19,70698	21,83407	21,02134	18,20931	20,24809	21,96549	21,2944	22,10025	20,96236	20,34258	22,2432	20,68972	20,33356	22,13444	17,96645	20,38449	19,75211	19,12246	27,04998	18,20352	18,05135	17,77529	17,64985	17,5659	17,76504
17.05.2020 19:56:00	57	16,89436	18,59554	19,5588	19,50967	21,05583	21,7857	20,24317	21,07791	20,2037	20,54965	22,43217	20,59277	20,20883	21,38025	22,34813	22,10295	20,43556	20,85432	19,37922	21,34177	20,87386	22,37808	22,69169	20,35266	20,98375	19,74707	23,23511	21,81498	21,16223	21,85799	17,66497	19,08163	20,49506	22,2746	19,79259	22,41256	21,63788	20,05566	20,75659	19,78397	19,712	19,63894	19,32229	19,56425	22,33262	21,05565	21,59798	22,17615	20,0872	21,12654	20,33226	20,60264	21,57256	23,04702	18,75446	19,94025	18,37298	23,26633	20,51879	20,52234	24,76579	19,63198	14,77018	20,77161	21,42996	21,0292	18,39777	20,04929	17,51134	19,72961	20,12481	22,05545	21,41161	18,55352	20,67336	22,52093	21,59047	22,31693	21,13449	20,81635	22,6848	21,50364	20,74472	22,49461	18,31878	20,56921	19,95922	19,38223	27,49755	18,40744	18,33722	17,9237	17,95844	18,00182	18,0139
17.05.2020 22:56:00	60	16,94615	18,72985	19,61806	19,59101	21,12867	21,83571	20,3739	21,03297	20,20714	20,62372	22,43936	20,75376	20,50753	21,62761	22,29918	22,22575	20,57319	21,0891	19,45576	21,49157	20,95647	22,44091	22,98797	20,6851	21,28037	19,87527	23,2931	21,80761	21,30876	22,16182	17,87589	19,29875	20,76422	22,48762	19,98452	22,69523	21,63145	20,20319	20,77584	19,91305	19,89458	19,77314	19,62282	19,8475	22,57912	21,29167	21,67097	22,36124	20,10638	21,18764	20,87361	20,8815	21,77624	23,26522	18,99394	20,25725	18,74084	23,30824	20,68216	20,69941	24,62386	19,84828	15,2833	20,91444	21,62211	21,17653	18,58238	20,42382	17,83499	19,90719	20,12837	22,09391	21,36655	18,81489	20,92725	22,83709	21,71123	22,50137	21,24121	21,18185	22,99961	21,61676	20,95961	22,60977	18,2843	20,67705	19,98162	19,46239	27,59571	18,59119	18,46299	18,07517	18,09008	18,082	18,07355
18.05.2020 01:56:00	63	16,82688	18,78311	19,51607	19,59587	21,00307	21,82338	20,32814	20,96343	20,2763	20,55599	22,37425	20,64303	20,44671	21,81977	22,20903	22,26609	20,57296	21,03276	19,64113	21,52979	21,17254	22,4621	22,88375	20,57016	21,16992	19,96617	23,38651	21,89693	21,45178	22,25171	17,9403	19,36588	20,91662	22,57063	19,87319	22,50417	21,54365	20,22984	20,71236	20,0004	19,99708	19,8103	19,82463	19,9178	22,78862	21,50509	21,88482	22,39357	20,11277	21,19995	20,90105	20,90282	21,86682	23,38627	19,20388	20,22337	18,76821	23,22268	20,77212	20,67346	24,48335	19,72764	15,4147	20,90304	21,57473	21,35744	18,76061	20,3369	17,82061	20,01626	20,1752	22,05448	21,39578	18,75349	20,88996	22,97934	21,75014	22,70647	21,27246	21,13586	22,95335	21,73936	21,09998	22,61275	18,25928	20,68652	20,01592	19,48981	27,6757	18,69863	18,57889	18,02067	18,07997	18,08725	17,99544
18.05.2020 04:56:00	66	16,69056	18,63429	19,50035	19,49134	21,00309	21,71151	20,26392	20,80672	20,07782	20,48212	22,2611	20,546	20,26392	21,64674	22,17608	22,13286	20,52501	20,93537	19,61291	21,48512	20,9513	22,50484	22,86332	20,58272	21,21884	19,92877	23,28272	21,93238	21,39734	22,16365	17,91584	19,31952	20,69964	22,49498	19,84618	22,44088	21,50862	20,0883	20,64011	19,91536	19,76714	19,75434	19,80906	19,84903	22,60421	21,40661	21,76638	22,25814	19,95732	21,23409	20,86102	20,82488	21,72346	23,37895	19,08647	20,18069	18,74694	23,18229	20,58435	20,57255	24,32243	19,72895	15,45797	20,84832	21,55293	21,20131	18,57025	20,36548	17,79952	19,99871	20,0811	21,91466	21,2133	18,67553	20,85091	22,91288	21,66492	22,54892	21,13826	21,01606	22,85692	21,78163	20,99435	22,55614	18,13635	20,57586	19,87865	19,45678	27,32147	18,54142	18,38749	17,97848	18,03679	18,01406	17,85634
18.05.2020 07:56:00	69	16,52217	18,42525	19,40152	19,35405	20,76375	21,45675	20,15189	20,61637	19,94301	20,33833	22,08264	20,35376	20,15532	21,52116	21,99785	22,02418	20,46428	20,86851	19,52297	21,34135	20,82662	22,38049	22,67761	20,43122	21,07448	19,79466	23,25291	21,80244	21,38728	22,11504	17,91325	19,18466	20,64102	22,34553	19,70601	22,33527	21,46804	19,98779	20,51621	19,89095	19,59538	19,60444	19,75428	19,7283	22,45895	21,35361	21,60253	22,03834	19,84444	21,14143	20,88602	20,74733	21,55484	23,14275	19,00001	20,06436	18,67056	22,98212	20,45282	20,37256	24,05836	19,60696	15,51766	20,74002	21,39812	21,05786	18,51447	20,26497	17,74164	19,90297	19,95061	21,81941	21,12555	18,61926	20,77789	22,80198	21,64247	22,36301	20,86322	21,00217	22,79528	21,69011	20,90412	22,3863	18,00589	20,38994	19,7559	19,33284	27,09078	18,43168	18,27162	17,88022	17,88107	17,8845	17,73587
18.05.2020 10:56:00	72	16,28406	18,12885	18,9345	19,00195	20,22745	20,97929	19,66759	20,2263	19,53747	20,03594	21,70094	19,96377	19,65385	21,22461	21,59732	21,55581	20,11087	20,52656	19,12532	20,98139	20,39578	21,89073	22,28882	20,04168	20,6855	19,42724	22,74044	21,43491	20,92812	21,73902	17,61032	18,89905	20,29616	22,00777	19,38585	21,90442	20,91979	19,61181	20,17025	19,5137	19,23605	19,2582	19,48932	19,44345	22,07013	20,9162	21,24586	21,71814	19,47811	20,731	20,4887	20,40227	21,18212	22,78821	18,75318	19,75752	18,41759	22,62742	20,07081	20,07511	23,54611	19,25147	15,31671	20,42952	21,10708	20,74479	18,25095	19,9384	17,47719	19,52774	19,61861	21,45594	20,76747	18,28527	20,45842	22,47112	21,27618	21,97608	20,57813	20,54051	22,36658	21,33459	20,54122	22,07914	17,62517	20,01473	19,41386	19,01291	26,49134	18,19913	17,88861	17,52755	17,55085	17,61495	17,42384
