Vessel Name: 13042020_InCu_KaKr_KK1-57_P1_1
Metric: RFP Integrated Intensity / GFP Integrated Intensity
Cell Type: 
Passage: 0
Notes: 
Analysis: KaKr-A549-H2B-GFP/-RFP_DEFv10

Date Time	Elapsed	AC005013.1	ACO1	ADAM12	ADAMDEC1	ADAR	ADORA3	AIM2	AKAP2	ALOX5AP	ANKRD22	APOBEC3A	APOBEC3G	APOL1	APOL2	APOL3	APOL4	APOL6	ARAP1	ARL9	ASGR1	ATF3	ATF7IP	ATXN1	BATF	BATF2	BRD3	BST2	C19orf66	C6orf100	C9orf91	CAPN15	CASP1	CBFA2T3	CCL13	CCL2	CCL24	CCL7	CCL8	CCNA1	CCR1	CCR2	CD180	CD274	CD38	CD69	CD80	CEACAM1	CFB	CFHR1	CH25H	CHST2	CLEC5A	CLECL1	CMKLR1	CMPK2	CNP	CTAGE1	CX3CR1	CXCL10	CXCL11	CXCL3	CXCL9	CYP2J2	DCT	DDX58	DDX60	DDX60L	DEFB1	DHX58	DOK1	DOK2	DOK3	DTX3L	DUSP7	EIF2AK2	EMP1	EMR3	ENG	ENPP2	EPHB2	EPSTI1	ETV7	EVI2A	C1 (Mx2)	C2 (STAT1)	C3 (MAVS)	C4 (BST2)	C5 (EIF2AK2)	C6 (RSAD2)	NTC1	NTC2	NTC3	NTC4	NTC5
13.04.2020 19:20:00	0	0.0	1.60055e-05	1.868569e-05	1.789996e-05	8.856049e-05	1.325898e-05	1.786974e-05	1.725369e-05	6.03535e-05	1.707127e-05	1.744322e-05	0.0	1.759733e-05	6.406631e-05	1.893179e-05	2.187267e-05	2.198606e-05	7.740525e-05	1.964655e-05	1.646133e-05	1.828593e-05	1.845618e-05	6.126559e-05	0.0	1.6756e-05	7.630917e-05	2.506237e-05	2.117132e-05	2.264926e-05	1.806861e-05	2.001734e-05	2.744915e-05	2.124643e-05	5.375565e-05	2.1744e-05	0.0	0.0	0.0	0.0	0.0001155201	0.0	1.882238e-05	1.275752e-05	1.480057e-05	2.01403e-05	1.918451e-05	2.061723e-05	0.0	0.0	0.001209341	0.0001083962	1.646263e-05	1.660167e-05	1.531507e-05	2.001774e-05	2.102131e-05	1.888612e-05	2.220445e-05	0.000202874	0.0	0.0	0.0004857869	0.0001535608	0.0	2.478386e-05	0.0001833317	1.462055e-05	1.205779e-05	7.013286e-05	1.407822e-05	0.0001912943	0.0	0.0	0.0	1.48953e-05	2.306699e-05	2.074766e-05	1.407381e-05	1.63071e-05	1.471438e-05	1.445301e-05	6.785896e-05	1.509278e-05	1.582934e-05	0.0	0.0	0.0	0.0002291373	8.200228e-05	1.481661e-05	0.0002100041	1.684294e-05	2.056885e-05	0.000509002
13.04.2020 22:20:00	3	1.313839e-05	2.340033e-05	2.79575e-05	2.70894e-05	0.000110816	1.910516e-05	2.592637e-05	2.474515e-05	7.192898e-05	2.645417e-05	2.749299e-05	1.875571e-05	2.679305e-05	6.149616e-05	3.355395e-05	3.060478e-05	3.345644e-05	7.121885e-05	3.024366e-05	2.635737e-05	2.803174e-05	2.761639e-05	2.364691e-05	2.472804e-05	2.875699e-05	5.618156e-05	3.71297e-05	2.902513e-05	3.135826e-05	2.992613e-05	2.921274e-05	3.460919e-05	3.300422e-05	2.989357e-05	3.147548e-05	1.963719e-05	2.781772e-05	2.499651e-05	1.996423e-05	0.0001202193	2.689516e-05	2.627202e-05	2.036148e-05	2.226004e-05	3.063127e-05	3.164889e-05	2.759229e-05	1.815133e-05	2.11547e-05	0.001205404	0.0001084332	2.310813e-05	0.0001781985	2.392189e-05	3.286812e-05	3.267611e-05	3.043952e-05	3.006524e-05	0.0002206281	1.847084e-05	2.17054e-05	0.0005096524	0.0001535689	2.979725e-05	3.532338e-05	0.0001891445	2.239951e-05	1.903649e-05	7.873646e-05	2.099119e-05	0.0002028196	1.777576e-05	2.142186e-05	2.928112e-05	2.602024e-05	3.694896e-05	3.266889e-05	2.337158e-05	4.176121e-05	2.36788e-05	2.19183e-05	6.411649e-05	2.435749e-05	5.999262e-05	2.024423e-05	2.534418e-05	2.751501e-05	0.0002638936	3.492304e-05	2.358907e-05	0.0001868345	2.53228e-05	2.847536e-05	0.0005246444
14.04.2020 01:20:00	6	0.0005475797	0.001058303	0.001487872	0.001502955	0.0009434537	0.000949355	0.0009609772	0.001020847	0.001303501	0.0006733642	0.001291545	0.001843515	0.001530194	0.001140971	0.001100195	0.001596692	0.001159157	0.001148493	0.001677113	0.0007584046	0.00165736	0.001508835	0.001049703	0.0007822651	0.001298882	0.001252076	0.002527012	0.001429006	0.002196913	0.001000549	0.001625253	0.001152426	0.001177294	0.0007985392	0.002701023	0.001888996	0.0008546357	0.002169543	0.001681579	0.001536385	0.001458446	0.0007440366	0.0007060597	0.0007293681	0.001503674	0.001080196	0.001431893	0.000874974	0.0009351362	0.002298803	0.0009549464	0.0006860439	0.0008705414	0.000953294	0.001485529	0.001653765	0.00126394	0.001469532	0.001391172	0.0006029715	0.0005845812	0.002158153	0.00125119	0.0006679556	0.0009910103	0.0009841933	0.0009841757	0.0009293014	0.0008683264	0.0005463947	0.0009185511	0.0008055766	0.0006001112	0.001133209	0.0006552329	0.001931453	0.001728886	0.001437863	0.001201913	0.0006702209	0.0008788022	0.0006613107	0.0008417295	0.0007599378	0.0005955413	0.0005376557	0.001062938	0.001758016	0.001218836	0.0007092322	0.001586441	0.001093973	0.001487731	0.001354529
14.04.2020 04:20:00	9	0.009770973	0.02441647	0.02814605	0.0240651	0.01888352	0.0163663	0.02034859	0.02435426	0.02337559	0.01983076	0.0236826	0.01632648	0.01813147	0.02185224	0.02318816	0.02202024	0.02324644	0.01509107	0.02189283	0.01530709	0.02415979	0.02306911	0.02246947	0.01758253	0.02281698	0.01913269	0.02927071	0.02095667	0.03132624	0.0242155	0.0277877	0.02344871	0.0233741	0.02145126	0.03572165	0.0244571	0.02159303	0.02450078	0.0201028	0.01842035	0.02263168	0.01705509	0.01552904	0.01689955	0.02256657	0.02245018	0.02403794	0.01642157	0.01869614	0.01660951	0.01709819	0.01672285	0.01775483	0.01817629	0.02477867	0.0230785	0.02356207	0.02375963	0.02297141	0.01877603	0.01559188	0.02191657	0.01834055	0.01842599	0.02621739	0.01219929	0.01389842	0.01348411	0.01824549	0.01730479	0.0213573	0.01686822	0.01801468	0.02675507	0.02041131	0.0277373	0.03221779	0.02114247	0.02319134	0.0176982	0.01196586	0.008940684	0.019801	0.02017815	0.01810505	0.01580721	0.02280418	0.02974055	0.02846643	0.01866101	0.02102405	0.02061523	0.0236829	0.02329477
14.04.2020 07:20:00	12	0.04677584	0.09132641	0.1068626	0.09406453	0.07463279	0.0688724	0.07627889	0.08705153	0.08585699	0.08270735	0.09460206	0.06619482	0.06902928	0.07709236	0.08639636	0.08359846	0.09337644	0.05886303	0.08532232	0.06664512	0.08768103	0.08172593	0.08290575	0.07271082	0.08809244	0.07482112	0.11127	0.08173918	0.1118035	0.08913638	0.1061525	0.09056114	0.08941516	0.08299405	0.1241784	0.08694617	0.08292636	0.08583494	0.07242956	0.07036354	0.08625691	0.07014672	0.06143038	0.06390296	0.0820899	0.08384427	0.08969724	0.06213006	0.07136539	0.06600447	0.06839324	0.06729545	0.06700461	0.06988427	0.09352858	0.09382928	0.08365368	0.09024776	0.08769965	0.0681579	0.06368331	0.08084704	0.06671914	0.0736369	0.09514316	0.05141219	0.05556598	0.05109766	0.06872831	0.07448045	0.08481885	0.06787401	0.07376678	0.09899593	0.09350379	0.09887733	0.1100916	0.07225557	0.09029314	0.07349649	0.05287746	0.03982381	0.07841112	0.07834225	0.06778011	0.06752583	0.08993655	0.1145696	0.1059429	0.07006648	0.07816051	0.0782155	0.08495691	0.08472195
14.04.2020 10:20:00	15	0.1217874	0.2444876	0.2844312	0.2456644	0.1832723	0.1823498	0.1903968	0.2136744	0.2144057	0.2152955	0.2415787	0.1731521	0.1785228	0.1909755	0.2165673	0.2207869	0.2392162	0.1518375	0.2166092	0.1817096	0.2281758	0.204119	0.2209948	0.1902224	0.2178815	0.1958833	0.296176	0.1977252	0.2777741	0.2301715	0.2597108	0.2276689	0.2290075	0.2104125	0.2963787	0.2266344	0.2080025	0.2120954	0.1885379	0.1723487	0.2131994	0.175184	0.1557488	0.1511098	0.2074399	0.2122581	0.2490381	0.1569559	0.1778176	0.1694131	0.1784185	0.1766409	0.170294	0.1780255	0.2339511	0.2472917	0.2026678	0.2174576	0.2199907	0.1796434	0.1682103	0.2007798	0.1692458	0.1878928	0.2289707	0.130101	0.1405499	0.1316859	0.1690533	0.2030369	0.2278335	0.1799257	0.1822254	0.2376954	0.2637623	0.2508927	0.2775864	0.1793507	0.23073	0.1944776	0.1400017	0.09951182	0.2057023	0.1879447	0.1746075	0.1652386	0.224435	0.302066	0.2553582	0.1810293	0.2046153	0.1907538	0.2072723	0.2091877
14.04.2020 13:20:00	18	0.2911216	0.5389646	0.6145616	0.54567	0.3961401	0.4294336	0.405867	0.4609481	0.4719666	0.4622893	0.5171323	0.3739677	0.3780127	0.4152521	0.4532812	0.4826973	0.5203103	0.340005	0.4634252	0.4085791	0.4992409	0.445696	0.4948704	0.4094113	0.4510433	0.415697	0.6283354	0.4262483	0.5497599	0.4792879	0.5549578	0.4699253	0.4916952	0.4623176	0.6228909	0.520342	0.451807	0.4410906	0.3949269	0.3758111	0.4404879	0.359485	0.3399974	0.3352093	0.4406958	0.4476181	0.571737	0.3574404	0.4050028	0.3556593	0.3982907	0.3934585	0.3544669	0.3647256	0.5048715	0.513639	0.4310743	0.4659248	0.4615132	0.4085282	0.3636388	0.4214506	0.3759421	0.3939433	0.4472688	0.2881617	0.301383	0.2702702	0.377609	0.4581857	0.5139903	0.3981225	0.3872072	0.4960968	0.6028364	0.5320328	0.5868384	0.3834327	0.4769536	0.4288362	0.3014163	0.2238682	0.4412052	0.3943063	0.3852878	0.3422465	0.4868607	0.6706222	0.5410531	0.3783654	0.4460116	0.4154865	0.4311773	0.4381844
14.04.2020 16:20:00	21	0.6590927	1.065911	1.176713	1.099153	0.7427306	0.8858341	0.7746668	0.8989214	0.9066055	0.909016	0.9613807	0.7508186	0.7239986	0.7936862	0.8778467	0.9412822	0.9994652	0.6877703	0.8900822	0.7842378	0.9737288	0.8481203	0.9730442	0.7929211	0.8414892	0.777497	1.171576	0.8313386	0.9419365	0.8710113	1.059709	0.8765963	0.9458222	0.9002457	1.194177	1.057326	0.8858047	0.8198496	0.7397971	0.7213433	0.8078225	0.6710016	0.6900342	0.6567125	0.8236011	0.8356541	1.093945	0.7369262	0.8209019	0.6948231	0.7760433	0.7636679	0.6530419	0.6709768	0.9295902	0.9621922	0.8028452	0.8828984	0.8928994	0.8188742	0.6870955	0.7823079	0.7315905	0.715005	0.7817422	0.5660376	0.5912938	0.5063744	0.7673429	0.8770563	0.9933144	0.8033144	0.7485536	0.8964045	1.188828	0.9775777	1.056983	0.7168463	0.8766231	0.8335525	0.5897919	0.4434555	0.8990169	0.7851369	0.7212798	0.6529269	0.9285462	1.217105	1.000494	0.6945263	0.8400167	0.8194824	0.7834868	0.8534044
14.04.2020 19:20:00	24	1.368518	1.995072	2.11395	2.065309	1.329379	1.703259	1.3896	1.618674	1.640061	1.661823	1.684342	1.433135	1.302425	1.429451	1.623806	1.708894	1.802848	1.292199	1.598753	1.428032	1.779249	1.49554	1.803083	1.476155	1.498835	1.374072	2.035491	1.516407	1.540834	1.513587	1.911947	1.529899	1.678571	1.600368	2.146558	1.987934	1.582829	1.460827	1.34213	1.266785	1.422089	1.163308	1.302224	1.191096	1.446547	1.493948	1.896949	1.398512	1.517607	1.296458	1.396237	1.403627	1.173913	1.211596	1.604441	1.760782	1.406473	1.553863	1.593359	1.521433	1.242812	1.39791	1.34268	1.221477	1.293837	1.037061	1.092114	0.9347394	1.450413	1.611082	1.790807	1.553488	1.372975	1.539752	2.144198	1.688915	1.819657	1.289331	1.550743	1.488576	1.129932	0.8326437	1.719194	1.459614	1.27236	1.181418	1.683624	2.035034	1.744744	1.233161	1.509227	1.508902	1.355258	1.519793
14.04.2020 22:20:00	27	2.658056	3.450835	3.625763	3.648523	2.237846	3.146387	2.405378	2.768767	2.840192	2.876556	2.852154	2.623382	2.282848	2.412993	2.889661	2.939305	3.057619	2.326055	2.763422	2.484674	3.077517	2.502683	3.204852	2.627251	2.593047	2.427978	3.445366	2.679379	2.472857	2.5575	3.251879	2.542047	2.835829	2.732937	3.595098	3.510676	2.665214	2.543115	2.382826	2.17694	2.397543	1.937815	2.313483	2.048833	2.422354	2.553953	3.203572	2.555391	2.650464	2.350172	2.422966	2.502797	2.015938	2.112032	2.668187	3.102603	2.371314	2.660851	2.733356	2.694645	2.156476	2.447318	2.362898	2.066444	2.067847	1.869836	1.986023	1.688899	2.590025	2.879653	3.11602	2.888849	2.436354	2.5598	3.720363	2.817237	3.029693	2.278463	2.632075	2.558034	2.046057	1.542874	3.080767	2.543246	2.136725	2.071253	2.885393	3.289361	2.881427	2.135478	2.645675	2.631089	2.245454	2.550163
15.04.2020 01:20:00	30	4.857251	5.585906	5.81619	5.956694	3.532704	5.427874	3.984201	4.529056	4.652981	4.777262	4.646245	4.527885	3.862906	3.939074	4.909403	4.714778	4.927917	4.03995	4.613194	4.184526	5.053349	4.012508	5.342871	4.481913	4.280964	4.108171	5.581872	4.48119	3.872243	4.17093	5.27054	4.050141	4.629702	4.498105	5.640055	5.894175	4.387094	4.258468	4.063981	3.607205	3.862612	3.164114	3.929267	3.363268	3.929136	4.141786	5.19404	4.448777	4.527024	4.103672	4.102689	4.29184	3.383847	3.604947	4.321579	5.109776	3.824229	4.40664	4.398992	4.579422	3.705719	4.141703	4.033932	3.386861	3.207856	3.243757	3.486446	2.933977	4.412167	4.913131	5.225363	5.192072	4.129486	4.124462	6.329874	4.595058	4.818646	3.87732	4.355248	4.198648	3.539104	2.702894	5.134706	4.217519	3.476454	3.528943	4.737316	5.357189	4.523333	3.602216	4.407393	4.390962	3.555234	4.110921
15.04.2020 04:20:00	33	8.303614	8.434863	8.611669	8.997413	5.184353	8.608626	6.216052	6.94162	7.110346	7.303019	7.054079	7.260452	6.167487	6.085459	7.60782	7.055694	7.3915	6.590076	7.157795	6.638565	7.709678	6.079127	8.104977	7.113806	6.493729	6.439943	8.287868	7.052022	5.81449	6.504261	7.878809	6.025059	7.047696	6.962356	8.214393	9.16501	6.87734	6.734382	6.490221	5.703733	5.907007	5.006818	6.317376	5.185841	6.011138	6.309141	7.932672	7.267134	7.405342	6.729342	6.486636	6.822124	5.435372	5.825224	6.659965	7.803356	5.85769	6.882893	6.6856	7.25074	6.053992	6.613998	6.590114	5.231489	4.760893	5.323248	5.830979	4.836246	7.113633	7.901957	8.23925	8.638133	6.607594	6.27447	10.3036	7.020666	7.256	6.20409	6.745183	6.57614	5.746893	4.440452	7.917301	6.604329	5.463586	5.626454	7.21811	8.416035	6.740966	5.737711	6.816903	6.924436	5.413181	6.284457
15.04.2020 07:20:00	36	12.74583	11.58479	11.49459	12.20263	7.036844	12.51517	9.023398	9.789666	10.07096	10.25531	9.874111	10.53993	9.239849	8.569379	10.68757	9.729338	10.17887	9.977241	10.14299	9.811249	10.82651	8.550708	11.30278	10.64914	9.211369	9.30114	11.11034	10.19002	8.153461	9.542607	10.80463	8.493038	9.899932	9.834366	10.7739	13.09593	9.830452	9.695011	9.376892	8.293305	8.45258	7.428688	9.419068	7.584551	8.615027	9.034857	11.11693	10.81272	10.91734	10.08368	9.628654	10.13503	8.199215	8.748458	9.64119	10.97458	8.372894	9.968946	9.38555	10.56643	9.173587	9.774161	9.883533	7.596164	6.759572	8.205729	9.020137	7.596956	10.52389	11.68052	11.70594	13.01487	9.79629	8.889374	15.47125	9.871832	10.05181	9.20256	9.797712	9.521749	8.662247	6.888566	11.05929	9.645549	8.050956	8.389935	10.10378	12.59424	9.297438	8.507836	9.733432	9.832623	7.80009	8.952597
15.04.2020 10:20:00	39	16.99393	14.28207	13.99667	14.98826	8.855665	15.99651	11.83195	12.52803	13.01283	13.0158	12.47694	13.62302	12.41556	11.09613	13.43287	12.67778	12.8133	13.5123	12.86236	13.06504	13.74278	11.21835	14.15814	14.07661	12.06567	12.43106	13.64905	13.28487	10.56153	12.64489	13.4345	10.99195	12.75305	12.70575	13.00386	16.57986	12.69567	12.60149	12.35807	11.02664	11.11953	10.15725	12.56028	10.2165	11.37119	11.94569	14.17597	14.29889	14.25299	13.69844	12.98724	13.60111	11.15446	11.82253	12.50326	13.82909	11.0134	13.00884	12.08857	13.88979	12.47537	13.25523	13.21423	10.12334	8.899915	11.45966	12.62889	11.00049	14.05655	15.53549	15.02781	17.29613	12.98422	11.71259	20.43852	12.51279	12.80363	12.45093	12.99246	12.50914	12.10287	9.906786	13.97359	12.92473	10.85898	11.43477	12.81988	17.10267	11.8415	11.48836	12.50392	12.67837	10.4127	11.64947
15.04.2020 13:20:00	42	20.4944	16.47109	15.78734	16.93468	10.32572	18.63815	14.07555	14.70435	15.48258	15.25454	14.57689	16.19101	15.16476	13.20962	15.43233	14.95203	14.77863	16.65899	15.00224	15.88044	16.13436	13.77587	16.50354	16.9433	14.54869	15.17036	15.62708	15.81299	12.65	15.35419	15.63061	13.01397	14.97303	15.02004	14.80008	19.23347	15.10561	14.88903	14.92751	13.41235	13.54731	12.73892	15.25222	12.80587	13.74819	14.18546	16.64251	16.96581	16.75773	16.89979	15.92204	16.62286	13.98886	14.65331	15.0007	16.18884	13.20243	15.49215	14.20413	16.42524	15.34962	16.31187	15.85247	12.63679	10.99749	14.59074	15.81439	14.43179	17.06983	18.92679	17.63053	20.49603	15.66837	14.31672	24.42428	14.63916	14.90423	15.33962	15.76804	14.99741	15.49068	13.14867	16.22533	15.56458	13.22322	14.25841	14.9985	21.04067	13.76739	14.01842	14.76306	14.89809	12.71463	13.82745
15.04.2020 16:20:00	45	22.68856	17.62565	16.93899	18.20465	11.37113	20.21775	15.47464	16.02174	16.89135	16.4278	15.71799	17.76816	16.73857	14.60116	16.70473	16.47589	16.04236	18.74381	16.24692	17.77014	17.5079	15.47292	17.7009	18.76527	16.08128	17.07386	16.78781	17.42648	14.10571	17.12227	17.14038	14.37995	16.48499	16.47063	15.63006	20.78043	16.63965	16.21404	16.70311	15.10225	15.24892	14.66934	17.04483	14.68174	15.42321	15.7304	17.94555	18.64788	18.29129	18.92174	17.87604	18.56393	15.83127	16.65693	16.383	17.44172	14.7862	17.16545	15.53538	18.06164	17.2129	18.20808	17.51508	14.45573	12.60386	16.86192	17.92695	16.97198	18.85741	20.89967	19.12605	22.59031	17.38101	15.9358	26.62455	15.94934	16.45715	17.68532	17.59149	16.53525	17.77034	15.65596	17.34912	17.34963	14.86438	16.01857	16.19009	23.76092	15.11304	15.82321	16.19858	16.10338	14.29637	15.02907
15.04.2020 19:20:00	48	24.43052	18.5644	17.72305	18.96824	12.10467	21.39329	16.53428	17.12324	17.9484	17.35546	16.55562	18.95551	17.91311	15.67327	17.67384	17.40258	16.92461	20.2114	17.19757	19.29292	18.66418	16.82575	18.91095	20.1376	17.2686	18.4134	17.73234	18.65804	15.21434	18.47443	18.24758	15.40366	17.58599	17.5099	16.30634	21.83141	17.71848	17.19969	18.18311	16.39228	16.59986	16.19493	18.29095	16.24057	16.49956	16.74319	18.96994	19.86251	19.27554	20.46672	19.24596	20.04399	17.26204	18.17845	17.48592	18.57372	15.82992	18.17808	16.41312	19.20431	18.33744	19.54894	18.73681	15.81853	13.9003	18.69133	19.60954	18.94416	20.28535	22.42643	20.19544	23.89207	18.44668	17.17755	28.46852	16.93944	17.39168	19.19349	18.71362	17.72592	19.57651	17.61011	18.33134	18.43531	15.92537	17.27095	17.14927	25.63549	15.95199	16.95881	17.04654	17.0473	15.41324	15.95038
15.04.2020 22:20:00	51	25.6358	19.29464	18.4973	19.86841	12.72518	22.47027	17.22662	17.75525	18.79424	17.96715	17.10692	19.95725	18.82237	16.55162	18.56193	18.40518	17.77833	21.56585	17.88205	20.27677	19.27581	17.83792	19.70763	21.2105	18.12864	19.5711	18.4914	19.59113	16.05057	19.57601	19.07274	16.29109	18.53705	18.3552	16.84893	22.77632	18.58705	18.03337	19.18466	17.39573	17.58988	17.26325	19.49275	17.67747	17.45637	17.59758	19.78652	20.90015	20.24394	21.73221	20.30007	21.05284	18.31684	19.12652	18.72363	19.19198	16.79298	19.05993	16.96041	20.29543	19.3587	20.64675	19.82535	16.95635	14.97865	19.90341	20.76614	20.30737	21.35585	23.51639	21.12363	25.10765	19.3732	18.12078	30.00677	17.75285	18.291	20.48112	19.71347	18.61805	20.91598	19.14963	19.0748	19.40634	16.83236	18.19991	17.86167	27.439	16.73576	17.92742	17.71902	17.80949	16.26568	16.70274
16.04.2020 01:20:00	54	26.45337	19.76331	19.01465	20.24897	13.06031	22.90755	17.64329	18.2124	19.20642	18.38617	17.4698	20.38949	19.37555	17.18468	19.07796	18.90477	18.18251	22.13316	18.30348	20.89649	19.78288	18.56247	20.14266	21.69274	18.67137	20.3042	19.09682	20.30685	16.68957	20.24238	19.59752	16.72907	19.00202	18.96585	17.09442	23.18487	19.20297	18.59051	19.83778	18.08233	18.26283	17.9943	20.00665	18.52618	17.92964	18.11752	20.34575	21.34814	20.90039	22.4775	20.91989	21.76269	18.99792	19.73553	19.23372	19.67232	17.46792	19.76191	17.34337	20.641	20.06455	21.3759	20.49872	17.62456	15.63581	20.73794	21.57436	21.26166	22.01725	24.21479	21.72793	25.76285	19.99954	18.76588	31.19612	18.23033	18.70701	21.20911	20.35376	19.26834	21.90261	20.12668	19.54789	19.99091	17.50072	18.71591	18.29043	28.3637	17.0515	18.46845	18.1988	18.2711	16.85059	17.13695
16.04.2020 04:20:00	57	26.94434	20.01595	19.31767	20.54714	13.32011	23.27212	17.9281	18.45403	19.42036	18.53528	17.63363	20.69367	19.69435	17.50916	19.39463	19.20935	18.54144	22.67552	18.54934	21.2851	20.06842	18.88051	20.41802	22.02192	19.00993	20.60913	19.33056	20.54647	16.96553	20.70478	19.89102	17.05828	19.35211	19.1049	17.28238	23.42377	19.40469	18.79988	20.36784	18.39053	18.64574	18.43989	20.43088	19.16197	18.3259	18.47989	20.37485	21.61326	21.15558	23.02704	21.35731	22.148	19.43475	20.12244	19.53228	19.98362	17.78778	19.96651	17.38867	21.02831	20.26917	21.7971	20.89878	18.09233	16.0528	21.33655	22.06526	21.83429	22.37826	24.69212	21.92458	26.34353	20.22833	19.11569	31.70102	18.477	19.03647	21.70886	20.53282	19.5258	22.3301	20.7782	19.77854	20.23794	17.70583	19.06045	18.50641	28.95902	17.29227	18.74224	18.30434	18.30874	16.92536	17.31761
16.04.2020 07:20:00	60	27.1276	20.13061	19.51161	20.60782	13.4415	23.29878	17.9432	18.45996	19.44355	18.53745	17.59573	20.776	19.78535	17.75855	19.54482	19.39911	18.6948	22.98199	18.62574	21.4789	20.09246	18.98238	20.46879	22.08816	19.09772	20.74156	19.47367	20.66673	17.13236	20.88348	19.98924	17.1618	19.44539	19.25827	17.27879	23.38634	19.49913	18.87537	20.59192	18.55256	18.82333	18.61825	20.55195	19.51948	18.37681	18.62541	20.48689	21.74946	21.33295	23.22994	21.58373	22.27159	19.57038	20.25693	19.73637	20.04979	17.97085	20.04493	17.42279	21.03724	20.41862	22.01685	21.02688	18.31945	16.27271	21.62103	22.34822	22.13158	22.56133	24.90626	22.02068	26.48973	20.44717	19.3523	32.18924	18.54944	19.2466	21.93904	20.64187	19.63264	22.58819	21.04829	19.86626	20.34404	17.80059	19.23826	18.52132	29.26928	17.39454	18.85602	18.41023	18.33771	17.14702	17.38869
16.04.2020 10:20:00	63	27.27947	20.07924	19.60578	20.63582	13.47072	23.27894	18.02834	18.48297	19.40947	18.41819	17.54126	20.87005	19.73546	17.74027	19.52003	19.42301	18.72064	22.96048	18.64834	21.60443	20.04741	18.96059	20.47098	22.18132	19.10209	20.73513	19.58183	20.65144	17.19063	21.03486	20.03486	17.24591	19.39887	19.29746	17.17536	23.43608	19.41547	18.89151	20.60382	18.65493	18.88661	18.74007	20.58302	19.71604	18.38722	18.66219	20.47094	21.72622	21.3168	23.32102	21.61152	22.27613	19.7102	20.25578	19.75916	19.94735	18.04127	20.0949	17.40928	21.11485	20.46549	22.1493	21.05704	18.42678	16.37364	21.69665	22.31812	22.2862	22.54133	24.9092	21.92628	26.45245	20.4992	19.3527	32.19569	18.51407	19.23382	21.996	20.6253	19.6429	22.59909	21.15674	19.81231	20.32512	17.79619	19.22456	18.48896	29.45187	17.38989	18.86098	18.32771	18.27539	17.1747	17.36168
16.04.2020 13:20:00	66	27.1845	20.01826	19.55469	20.54344	13.45162	23.18441	17.88132	18.40776	19.36237	18.38569	17.40507	20.78855	19.61292	17.69737	19.43598	19.40271	18.65625	22.89734	18.58867	21.50565	19.89777	18.95707	20.43457	22.07556	19.02148	20.70197	19.47681	20.55633	17.20093	20.94301	19.96136	17.2802	19.36656	19.24739	17.14673	23.33689	19.29673	18.8256	20.60918	18.57631	18.86885	18.76058	20.5356	19.80766	18.35352	18.54756	20.37813	21.47786	21.23304	23.32331	21.60072	22.18935	19.61708	20.12241	19.70565	19.89752	17.98713	20.09018	17.3083	20.9399	20.39385	22.04645	20.97341	18.38035	16.40874	21.71577	22.26599	22.31611	22.51586	24.85708	21.88357	26.34625	20.36591	19.37674	32.10733	18.47027	19.17693	21.96339	20.57113	19.5869	22.59151	21.14116	19.87708	20.24874	17.74054	19.23252	18.41875	29.33507	17.36749	18.71388	18.19483	18.16762	17.02551	17.30366
16.04.2020 16:20:00	69	27.03059	19.85715	19.55159	20.45051	13.4126	22.99444	17.79644	18.2776	19.2286	18.24219	17.28751	20.60686	19.58464	17.57019	19.33659	19.25169	18.52255	22.82955	18.43719	21.44514	19.80492	18.82327	20.26233	21.91468	18.9234	20.55377	19.44788	20.41237	17.18843	20.83825	19.7716	17.1062	19.16033	19.13202	17.02575	23.11471	19.12595	18.68881	20.47645	18.4328	18.7571	18.7154	20.39412	19.7496	18.19462	18.40726	20.29435	21.32755	21.03132	23.11043	21.50301	22.02126	19.56083	20.03315	19.5565	19.68972	17.85131	19.93208	17.14374	20.76275	20.2029	21.88727	20.74329	18.2583	16.39128	21.55993	22.22159	22.24526	22.3447	24.69641	21.7636	26.20695	20.20976	19.29004	31.9501	18.40521	19.06179	21.8202	20.32006	19.41919	22.48586	20.90291	19.67738	20.03414	17.61349	19.07532	18.21774	29.18392	17.1923	18.54522	18.02912	18.0054	16.94729	17.10393
