Vessel Name: 12052020_InCu_KaKr_KK1-67_AC1-3_P1_4
Metric: RFP Integrated Intensity / GFP Integrated Intensity
Cell Type: 
Passage: 0
Notes: 
Analysis: KaKr-A549-H2B-GFP/-RFP_DEFv10

Date Time	Elapsed	EZH1	FABP4	FAM105A	FAM107A	FAM110A	FAM20A	FAM46A	FAM72A	FBXO6	FCAR	FFAR2	FGL2	FOS	FPR2	GBP1	GBP3	GBP4	GBP5	GLIPR2	GLS	GMPR	GPC4	GPR141	GPR155	HAPLN3	HAVCR2	HELZ2	HERC5	HERC6	HES4	HESX1	HLA-B	HLA-C	HMHA1	HSH2D	IDO1	IFI16	IFI27	IFI35	IFI44	IFI44L	IFI6	IFIH1	IFIT1	IFIT2	IFIT3	IFIT5	IFITM1	IFITM2	IFITM3	IFNE	IFNG	IGF2BP3	IL15	IL15RA	IL1A	IL1RN	IL4I1	IRF1	IRF7	IRF9	IRG1	ISG15	ISG20	ITPKB	KCNE3	KLF7	LAG3	LAMP3	LAP3	LGALS3BP	LGALS9B	LILRA1	LILRA5	LRCH2	LRRC25	LY6D	LY6E	MAP3K1	MBD4	MCM2	BORCS8	MNDA	MS4A4A	STAT1	MAVS	BST2	EIF2AK2	RSAD2	NTC1	NTC2	NTC3	NTC4	NTC5
12.05.2020 10:44:00	0	0.0001939919	2.873411e-05	2.946157e-05	2.690872e-05	2.207333e-05	3.738125e-05	2.454894e-05	2.721875e-05	2.548899e-05	2.546489e-05	5.76e-05	2.187965e-05	0.002222557	2.238035e-05	6.828037e-05	3.247509e-05	3.01254e-05	2.775852e-05	5.720364e-05	6.285665e-05	2.561676e-05	2.833641e-05	2.69231e-05	4.794858e-05	2.217493e-05	2.312913e-05	5.6673e-05	2.943579e-05	2.454119e-05	0.0004713657	3.468038e-05	2.430616e-05	2.183349e-05	2.40122e-05	2.538114e-05	2.223459e-05	2.366938e-05	4.308224e-05	2.746185e-05	2.382698e-05	2.551395e-05	2.770338e-05	2.860216e-05	6.009598e-05	3.098946e-05	2.861987e-05	5.148508e-05	0.0001149698	2.274165e-05	0.000669616	2.289178e-05	2.662005e-05	2.53189e-05	2.648254e-05	3.255834e-05	2.907075e-05	2.676237e-05	0.0001004374	0.001012672	2.712058e-05	5.390041e-05	3.950056e-05	2.09209e-05	2.372617e-05	2.646064e-05	2.595533e-05	2.574074e-05	0.0003663837	5.625469e-05	2.647331e-05	0.0004779179	2.672131e-05	2.447853e-05	2.464055e-05	2.284471e-05	4.225782e-05	2.45285e-05	2.526664e-05	2.293726e-05	9.609911e-05	2.442966e-05	9.501273e-05	2.085928e-05	2.454466e-05	9.703499e-05	2.411871e-05	0.003615805	2.765561e-05	3.004545e-05	2.814257e-05	3.054758e-05	3.000588e-05	0.0001479127	2.606664e-05
12.05.2020 13:44:00	3	0.0001813103	2.353268e-05	2.333082e-05	2.372577e-05	1.84803e-05	3.159539e-05	1.955556e-05	2.570182e-05	2.113195e-05	2.148579e-05	5.470948e-05	2.181219e-05	1.550316e-05	1.923321e-05	6.3384e-05	2.705436e-05	2.490225e-05	4.094001e-05	5.322501e-05	2.100335e-05	2.314687e-05	2.45894e-05	2.467769e-05	2.167184e-05	1.505593e-05	1.970808e-05	4.965608e-05	2.469355e-05	1.87888e-05	0.0004497026	2.717216e-05	2.031274e-05	1.872071e-05	2.202638e-05	2.21333e-05	2.05975e-05	1.663073e-05	3.756835e-05	2.399474e-05	2.071021e-05	2.1919e-05	2.230391e-05	2.423773e-05	5.237751e-05	2.534825e-05	2.399475e-05	4.438405e-05	0.0001114139	1.734566e-05	0.0006284247	1.775015e-05	2.317595e-05	1.93225e-05	2.284909e-05	2.823724e-05	2.560979e-05	2.086275e-05	9.609439e-05	0.001001059	2.585333e-05	4.992639e-05	3.375728e-05	1.469183e-05	2.214096e-05	2.212771e-05	2.191935e-05	2.183284e-05	0.0003446939	4.82065e-05	2.165255e-05	0.0003997681	2.268669e-05	1.895973e-05	1.643768e-05	1.994616e-05	3.995458e-05	2.116091e-05	9.276823e-05	1.690103e-05	1.965879e-05	2.226316e-05	8.670774e-05	1.814549e-05	2.038501e-05	2.242021e-05	6.61781e-05	0.003440505	2.446409e-05	2.502695e-05	2.344527e-05	2.523189e-05	2.394137e-05	0.0001379292	2.288631e-05
12.05.2020 16:44:00	6	0.0006956149	0.001248398	0.001571694	0.000727421	0.0005493606	0.0007473417	0.0007579592	0.0002733491	0.0005411961	0.0005629259	0.0003053883	0.0005588607	0.0008165753	0.000670072	0.000624776	0.001047385	0.00065441	0.0006940199	0.0004117225	0.0006092089	0.0002715415	0.0004726142	0.00040207	0.0003899744	0.000453305	0.0006798374	0.000775816	0.000535916	0.0007161717	0.001029265	0.0009012382	0.0004162446	0.000322476	0.0005914926	0.0008107626	0.0008657747	0.0006737164	0.0007041858	0.0005318675	0.0003437916	0.0008674636	0.0006464288	0.0006039959	0.0005679897	0.0005285346	0.0004335384	0.0007063819	0.0009779327	0.00040962	0.001155946	0.0003341397	0.0003400654	0.0006684447	0.0002645397	0.0001130155	0.001361914	0.0008489522	0.0005023844	0.002053752	0.0007371742	0.001331106	0.0004169694	0.0004739835	0.0004910214	0.0004201084	0.0006949668	0.0008508314	0.0007914827	0.0004150425	0.0004881301	0.001207405	0.0003737059	0.0006417178	0.0004240862	0.0004779428	0.0004124474	0.0006667721	0.0006873537	0.0003705373	0.000410286	0.000620487	0.0008292897	0.0005726058	0.0005634569	0.0004990898	0.0003346314	0.003926153	0.000720811	0.00131338	0.0007318753	0.001067078	0.001121815	0.000732997	0.000949834
12.05.2020 19:44:00	9	0.02308807	0.02366778	0.02046801	0.01685108	0.0124784	0.02296901	0.01898672	0.0147608	0.01528134	0.01552555	0.01558679	0.01386685	0.01611369	0.01469683	0.01062805	0.01923515	0.01186791	0.01175428	0.007867771	0.01308489	0.01183571	0.01192744	0.01031536	0.01087245	0.0124855	0.01397163	0.01360216	0.0121567	0.01376833	0.01661758	0.01916305	0.01187956	0.008679182	0.01207525	0.01546588	0.01273712	0.01483455	0.01319462	0.0144975	0.01196795	0.01397608	0.01262138	0.01211065	0.0116417	0.01536052	0.01123582	0.01495151	0.01699723	0.01617534	0.01643765	0.01271397	0.01470455	0.01576796	0.01274588	0.01238709	0.01980298	0.01555441	0.01571246	0.01599704	0.01902617	0.02104574	0.01330926	0.01055472	0.01120781	0.01464044	0.01317962	0.01531047	0.01182668	0.01176608	0.01093073	0.01707498	0.01150977	0.01611456	0.01148561	0.01241355	0.01172551	0.01511901	0.01426737	0.00948773	0.01149314	0.01293585	0.01306787	0.01195821	0.01572973	0.01283684	0.01499922	0.01770085	0.01924359	0.01906863	0.01693114	0.01962346	0.01699453	0.0153801	0.01614638
12.05.2020 22:44:00	12	0.085076	0.09004688	0.08612263	0.07436618	0.05363528	0.08477564	0.07090671	0.06289288	0.06445416	0.06167432	0.06777415	0.06455008	0.06151149	0.05982524	0.04666124	0.07869747	0.04994463	0.05121207	0.0366849	0.05379779	0.05284546	0.05376621	0.05296835	0.05044609	0.05878937	0.05833369	0.06123147	0.05243358	0.05450622	0.07092086	0.06531221	0.04770025	0.03874221	0.05197423	0.06174615	0.05465437	0.0643879	0.05451316	0.0634065	0.05362684	0.05829011	0.05153612	0.05003355	0.04732116	0.05993728	0.05023382	0.06038786	0.07281361	0.06923969	0.06541184	0.05109525	0.05970191	0.06325331	0.05673555	0.04986775	0.07208659	0.05916584	0.06311148	0.06078671	0.0740604	0.07978067	0.05634621	0.04448285	0.05382189	0.05701154	0.05735673	0.0595298	0.05002257	0.05175899	0.04521601	0.06658909	0.05865499	0.07126921	0.05087827	0.05830974	0.04998679	0.06275808	0.05981848	0.04353687	0.0512378	0.05219986	0.05620972	0.04820063	0.06452028	0.05298988	0.06331512	0.06401383	0.08083735	0.0727898	0.06868745	0.07393583	0.06799112	0.05831092	0.05790301
13.05.2020 01:44:00	15	0.2098401	0.2200355	0.2038761	0.1974906	0.1328152	0.206045	0.1618221	0.1520397	0.1699433	0.1472843	0.1725523	0.1547774	0.1625956	0.1614299	0.1336005	0.2103528	0.1326766	0.1333328	0.09252521	0.1395786	0.1365089	0.1439225	0.1461161	0.138709	0.1602243	0.1516768	0.1723367	0.1361295	0.1456825	0.1844141	0.1596866	0.1192772	0.1065293	0.1420655	0.1646604	0.1499234	0.1589072	0.1428856	0.1776986	0.146377	0.1597667	0.1306355	0.1193425	0.1255513	0.1459783	0.1311589	0.1608645	0.1903563	0.1826912	0.178446	0.1343099	0.153922	0.1567276	0.1515037	0.1181315	0.183832	0.1523935	0.1661175	0.1615838	0.1989744	0.2192365	0.1566968	0.1157629	0.1526972	0.1519027	0.1472818	0.1530383	0.1295356	0.1297098	0.1224063	0.177185	0.1839981	0.2094544	0.1354305	0.1590153	0.1284406	0.1703799	0.1597076	0.117158	0.1351385	0.1379407	0.1581928	0.1224929	0.1698493	0.1291069	0.1653025	0.1558475	0.2246787	0.1803486	0.1634228	0.183832	0.1653336	0.1381839	0.1397359
13.05.2020 04:44:00	18	0.4379753	0.4713362	0.4215117	0.4132103	0.2776051	0.4147989	0.3052622	0.316178	0.3599045	0.3042874	0.3581748	0.3207366	0.3593303	0.3669911	0.3052482	0.4643338	0.2953528	0.2860622	0.1965957	0.3045967	0.2697725	0.3256838	0.3280235	0.2946298	0.3733017	0.3361886	0.3678764	0.3026784	0.3104501	0.3782617	0.3034081	0.2749228	0.2368134	0.3233202	0.376215	0.3529376	0.3516947	0.3119504	0.3957817	0.326729	0.3395633	0.2625514	0.2362899	0.2633435	0.3016964	0.2892193	0.3487048	0.4214038	0.3980922	0.3978842	0.2955574	0.3232721	0.3227859	0.3351049	0.2185379	0.3857276	0.3251794	0.368141	0.3482892	0.4400392	0.5026528	0.3531476	0.2453248	0.3433668	0.3400306	0.3184014	0.3200533	0.2738181	0.2769908	0.2689776	0.3778776	0.4488465	0.4879955	0.2978969	0.3767347	0.2740258	0.3758096	0.3314441	0.2508065	0.2904124	0.3042842	0.3523876	0.2691586	0.3610369	0.2665479	0.3651079	0.3241978	0.4928685	0.3746632	0.3251337	0.3727951	0.3469815	0.281962	0.298415
13.05.2020 07:44:00	21	0.8061152	0.882302	0.7942232	0.7457362	0.5295218	0.7231426	0.5112724	0.554999	0.6362474	0.5479023	0.665843	0.5948002	0.6784654	0.7216289	0.6053576	0.9227411	0.5650538	0.5818698	0.3658538	0.578474	0.4905244	0.6646916	0.6422451	0.5492497	0.7483175	0.67393	0.688212	0.5912308	0.593312	0.6916077	0.506384	0.5320889	0.4506031	0.6479174	0.7329527	0.707809	0.7030275	0.6039259	0.7861294	0.6345899	0.6497353	0.4847372	0.4306339	0.5001367	0.5733673	0.5587844	0.6714268	0.8150746	0.7751138	0.789361	0.5689151	0.6035622	0.6027818	0.6447086	0.3570198	0.7125121	0.6115776	0.7336451	0.6527626	0.8560909	1.003367	0.7076269	0.440246	0.6785749	0.688111	0.6046588	0.5772078	0.5398012	0.5348142	0.5120559	0.7262111	0.9482048	0.9691042	0.5684727	0.753195	0.5330846	0.7192912	0.6231433	0.4930118	0.5646042	0.6015643	0.7030038	0.5295213	0.6932498	0.4753796	0.7111636	0.6061398	0.9027397	0.67988	0.58626	0.6631681	0.6356266	0.5275932	0.531167
13.05.2020 10:44:00	24	1.470889	1.57304	1.381217	1.318389	0.9568688	1.194012	0.8249408	0.9335839	1.077128	0.9475393	1.174058	1.014684	1.242079	1.343635	1.165317	1.697499	1.016897	1.122239	0.6462046	1.070901	0.8800127	1.219912	1.158769	1.000374	1.417026	1.312696	1.251095	1.086954	1.099966	1.214923	0.8318722	0.9395326	0.8116412	1.229864	1.348721	1.329404	1.317891	1.107066	1.479545	1.167012	1.170272	0.8670033	0.7620468	0.9129754	1.034295	1.023301	1.217253	1.461401	1.389208	1.427499	1.040385	1.094597	1.104238	1.169947	0.5686058	1.243096	1.108874	1.328699	1.153117	1.567916	1.931203	1.333998	0.7515025	1.220493	1.319716	1.08418	0.9935619	1.024258	0.9660722	0.9359277	1.32457	1.827524	1.759621	1.034282	1.411703	0.9724008	1.332572	1.107752	0.902963	1.043321	1.081237	1.313926	0.9798984	1.268202	0.8051679	1.259867	1.075848	1.537926	1.163487	0.9991773	1.131145	1.086583	0.9182957	0.8915201
13.05.2020 13:44:00	27	2.668363	2.688604	2.314204	2.291239	1.679612	1.973557	1.305438	1.567271	1.795296	1.5968	2.068545	1.730044	2.202639	2.425284	2.234579	2.998322	1.76017	2.05015	1.107899	1.946423	1.54557	2.102917	2.040093	1.758229	2.552026	2.388577	2.239112	1.904006	2.016528	2.057406	1.306918	1.576157	1.413732	2.262828	2.386763	2.411669	2.367824	1.952696	2.645674	2.138583	2.019318	1.492838	1.303767	1.594101	1.807821	1.835384	2.12487	2.49373	2.40098	2.521103	1.828805	1.929855	1.964545	2.050692	0.9247782	2.066239	1.915332	2.252914	2.013793	2.766369	3.695836	2.384887	1.243829	2.173925	2.360244	1.894436	1.683635	1.817933	1.645694	1.715858	2.34741	3.307389	3.125032	1.827699	2.508941	1.703409	2.402422	1.877048	1.571437	1.847298	1.854718	2.340409	1.749333	2.260539	1.343691	2.161262	1.833012	2.589618	1.921099	1.653853	1.83429	1.807699	1.529717	1.463624
13.05.2020 16:44:00	30	4.643072	4.349236	3.784857	3.85352	2.874364	3.24175	2.035135	2.587094	2.95858	2.636382	3.614393	2.907619	3.808842	4.1164	4.051286	4.958931	2.972418	3.580673	1.854693	3.393506	2.656055	3.510831	3.422572	2.970032	4.413786	4.148385	3.901782	3.243944	3.524067	3.399915	2.035771	2.549579	2.439271	3.939791	4.036247	4.12642	4.046339	3.328674	4.439536	3.722239	3.364761	2.552342	2.224576	2.723112	3.020144	3.199641	3.559384	4.087447	3.934212	4.216612	3.106035	3.270591	3.314283	3.446483	1.440827	3.327729	3.129644	3.682823	3.407482	4.56499	6.771708	4.042241	1.977713	3.739376	3.955022	3.238312	2.797723	3.064573	2.720363	3.046029	3.962316	5.634593	5.335071	3.082934	4.2942	2.900932	4.112263	3.04803	2.659413	3.138669	3.103269	3.950431	2.991745	3.818162	2.20369	3.580162	2.997989	4.244209	3.05326	2.65317	2.920377	2.834089	2.518548	2.364255
13.05.2020 19:44:00	33	7.351508	6.78637	6.021922	6.231268	4.782914	5.216448	3.185305	4.154298	4.702705	4.22912	5.976272	4.687682	6.080906	6.527183	6.73539	7.591593	4.773973	5.776985	3.019098	5.545137	4.334554	5.632072	5.340251	4.75823	7.087631	6.645728	6.336328	5.188741	5.636661	5.306708	3.124264	3.983394	4.036348	6.341581	6.360699	6.605282	6.516462	5.3117	6.931847	6.063277	5.229649	4.177798	3.578954	4.457686	4.80144	5.251198	5.65174	6.354809	6.052718	6.626868	4.968257	5.224443	5.225517	5.50194	2.196822	5.015022	4.749757	5.671908	5.331946	6.894409	11.02201	6.400127	3.016955	5.978151	6.182546	5.179668	4.450866	4.926534	4.308393	4.995639	6.295133	8.900139	8.513111	4.98032	6.785486	4.718668	6.591131	4.704575	4.364324	5.050039	4.816553	6.262145	4.789466	6.018569	3.414474	5.632913	4.678193	6.870133	4.604563	4.008647	4.38661	4.218585	3.947638	3.679126
13.05.2020 22:44:00	36	10.75564	9.732741	9.094484	9.452939	7.465938	7.983913	4.880236	6.493028	7.140879	6.54183	9.328157	7.264554	8.83028	9.40824	10.06302	10.49334	7.211704	8.597569	4.724207	8.278915	6.564686	8.396654	7.686028	7.209975	10.32082	9.756001	9.475493	7.720384	8.346256	7.660872	4.528501	5.895041	6.275899	9.184647	9.113586	9.680291	9.563762	7.827922	9.863672	9.035075	7.439866	6.326774	5.409749	6.751997	7.105608	7.946219	8.354915	9.08838	8.660021	9.445443	7.386174	7.757644	7.622941	8.092474	3.261403	6.98504	6.823875	8.056194	7.791679	9.494468	15.377	9.26175	4.366887	8.86811	8.967483	7.695961	6.528351	7.3527	6.462839	7.450064	9.309837	12.56438	12.14512	7.388916	9.659339	7.120442	9.673209	6.776027	6.674063	7.478075	6.960105	8.981072	7.11406	8.74684	4.955392	8.161759	6.841855	10.6271	6.614266	5.789875	6.180142	5.94101	5.836353	5.433157
14.05.2020 01:44:00	39	14.1756	12.94887	12.54344	13.22418	11.08587	11.16263	7.12607	9.505031	10.33665	9.576448	13.37836	10.48999	11.44979	12.28855	13.27643	13.16783	9.964083	11.49615	6.917701	11.25967	9.08806	11.46121	10.21102	9.947401	13.55633	12.7377	12.79902	10.47104	11.31706	10.29265	6.14247	8.124853	8.971345	12.13461	11.76215	12.62972	12.61942	10.43814	12.74347	12.02205	9.669947	8.809059	7.585881	9.453346	9.750231	10.96382	11.28292	11.64761	11.25028	12.29451	9.986018	10.37036	10.31403	10.79884	4.739064	9.041413	9.023706	10.54531	10.30245	12.0215	18.83726	12.00543	5.849297	11.69958	11.85847	10.53463	8.813586	10.07028	9.00758	10.2495	12.52192	15.81351	15.39285	10.07298	12.56813	9.857208	12.82128	9.088276	9.347403	10.04047	9.347436	11.75665	9.680216	11.52373	6.688004	10.76637	9.22273	15.12514	8.842612	7.690686	8.06162	7.86951	7.949518	7.552743
14.05.2020 04:44:00	42	16.95589	15.63184	15.94229	16.57277	14.6577	14.26775	9.742116	12.75936	13.77833	13.00496	17.13343	13.80746	13.47256	14.75433	15.88292	15.24027	12.57877	13.96115	9.265184	13.90719	11.46844	14.11243	12.5668	12.41804	16.04917	15.10291	15.70073	12.97533	14.02747	12.86227	7.839091	10.3698	11.62925	14.71416	13.96189	14.98008	14.96483	12.60161	15.08855	14.41868	11.54753	11.0974	9.678317	11.95809	12.2834	13.72285	13.71212	13.59475	13.24851	14.53724	12.42015	12.63712	12.79689	13.17746	6.548248	10.83083	10.94299	12.62414	12.28904	14.03677	21.22875	14.08387	7.266152	14.09255	14.19822	13.2183	10.9813	12.48063	11.36581	12.86392	15.33731	18.24192	17.77631	12.42617	14.90566	12.40121	15.36528	11.23611	11.92398	12.32147	11.4075	14.03734	12.03464	13.84568	8.393953	12.8492	11.23393	19.31157	10.83484	9.387774	9.672935	9.643588	9.870557	9.631039
14.05.2020 07:44:00	45	19.00716	17.80759	18.60586	19.05424	17.93799	16.77312	12.50835	15.67585	16.71451	16.08443	19.93118	16.74884	14.891	16.57063	17.79713	16.70597	14.64103	15.81551	11.50717	15.85972	13.35679	16.08282	14.53668	14.28725	17.89098	16.73583	17.87897	14.95706	16.01524	14.91054	9.33963	12.45278	13.79972	16.74747	15.56306	16.68924	16.68344	14.28	16.76781	16.22429	12.98257	13.03027	11.46505	14.11628	14.28321	15.832	15.44875	15.22518	14.66716	16.18586	14.26192	14.36329	14.78366	15.00192	8.451169	12.30518	12.70234	14.32679	14.0465	15.5646	22.85515	15.59844	8.484301	15.88092	15.84239	15.10295	12.65838	14.31536	13.3258	14.86223	17.38515	19.94574	19.41281	14.25447	16.70631	14.39849	17.15585	13.03531	14.01175	14.03757	13.10542	15.74809	13.93089	15.61113	9.784289	14.33263	12.73186	22.40125	12.32122	10.83263	10.88799	10.99465	11.37786	11.39727
14.05.2020 10:44:00	48	19.99342	18.9429	20.15312	20.44068	19.89365	18.2246	14.79096	17.49604	18.56282	17.95627	21.41158	18.51221	15.57921	17.5442	18.79531	17.43319	15.75989	16.79082	13.07705	16.83243	14.51834	17.11366	15.68736	15.40033	18.90718	17.55947	18.98412	16.01477	17.1985	16.07253	10.34598	13.77712	15.11025	17.80349	16.43699	17.49864	17.39326	15.19833	17.71687	17.13948	13.76138	14.2059	12.6036	15.4845	15.50233	17.07164	16.42989	15.99338	15.44656	17.05288	15.35911	15.30839	15.95857	15.99637	10.11989	13.06298	13.72586	15.44927	14.91081	16.3117	23.4759	16.23109	9.294807	16.73197	16.67942	16.27315	13.57164	15.38016	14.55859	16.02841	18.50751	20.66853	20.21709	15.3105	17.89851	15.56344	18.12368	14.09132	15.31847	14.91875	14.11726	16.62426	14.99965	16.43725	10.63685	14.98351	13.57513	24.2317	13.05942	11.55145	11.47972	11.79649	12.25871	12.53511
14.05.2020 13:44:00	51	21.06488	20.09076	21.53119	21.68948	21.75736	19.53528	16.82973	19.06012	20.26245	19.5341	22.75549	20.14619	16.31604	18.61851	19.85467	18.26216	16.90444	17.81474	14.60741	17.89022	15.52613	18.23486	16.67635	16.5418	20.03961	18.48944	20.06095	17.11242	18.30426	17.22613	11.40756	15.03215	16.27391	18.92097	17.36404	18.41783	18.35921	16.12537	18.65676	18.10532	14.57314	15.30897	13.58068	16.86102	16.61698	18.28119	17.42917	16.77231	16.17759	17.94631	16.41028	16.32728	17.0779	16.94675	11.69564	13.89765	14.72689	16.4689	15.62565	17.13472	24.42266	17.04527	10.05141	17.67474	17.61903	17.73849	14.45268	16.41935	15.71467	17.12353	19.63883	21.61931	21.14358	16.34492	19.02202	16.67437	19.06811	15.1713	16.55236	15.90727	14.95965	17.61694	16.02436	17.4369	11.45132	15.78742	14.44186	25.97948	13.82565	12.32328	12.10701	12.57635	13.06744	13.51463
14.05.2020 16:44:00	54	21.51728	20.45697	22.10103	22.22056	22.68579	20.09624	17.99819	19.82849	20.98552	20.32397	23.31193	20.84674	16.57648	19.11945	20.20222	18.65144	17.44713	18.27045	15.43681	18.33451	15.94501	18.71099	17.09678	17.01276	20.43551	18.82476	20.54735	17.53056	18.70565	17.72576	11.92749	15.6215	16.78121	19.38557	17.67421	18.77726	18.75503	16.56841	19.06607	18.43448	14.83206	15.85857	14.03752	17.56223	17.07843	18.89053	17.87065	17.10184	16.42444	18.32007	16.89537	16.74991	17.5625	17.37071	12.59251	14.17672	15.24477	16.91978	15.93449	17.35571	24.61996	17.34774	10.42257	18.12686	17.9552	18.26863	14.84199	16.85848	16.16253	17.56568	20.11106	21.97474	21.43286	16.75182	19.42514	17.22066	19.45905	15.59787	17.13574	16.29535	15.33881	17.93197	16.49897	17.83067	11.81622	16.1088	14.82427	26.73386	14.1049	12.57141	12.37191	12.89472	13.43062	14.06039
14.05.2020 19:44:00	57	21.81211	20.82679	22.52241	22.59585	23.61004	20.55612	18.89852	20.38157	21.53789	20.94723	23.84509	21.44495	16.76771	19.52417	20.53363	19.06089	17.80766	18.64655	16.13402	18.67735	16.1852	19.12344	17.62004	17.38252	20.78712	19.09433	20.8902	17.95035	19.22149	18.20417	12.37997	16.01869	17.11013	19.74486	17.95931	19.14066	19.07834	16.83994	19.35636	18.74006	15.05669	16.24023	14.46	18.09996	17.22964	19.36178	18.03563	17.399	16.58545	18.60545	17.28043	17.03537	17.9175	17.77032	13.25733	14.53178	15.72285	17.15036	16.21151	17.59725	24.84169	17.54235	10.72583	18.42894	18.27413	18.7824	15.15594	17.23626	16.60286	18.00792	20.5407	22.36348	21.68029	17.08029	19.60115	17.67357	19.86661	15.98841	17.55528	16.63069	15.64666	18.2547	16.8713	18.15419	12.1289	16.33968	15.0815	27.48537	14.33686	12.83563	12.54803	13.13785	13.67913	14.37418
14.05.2020 22:44:00	60	21.93426	20.97132	22.70549	22.7442	23.81308	20.79531	19.35073	20.63606	21.87371	21.16627	23.88939	21.63272	16.82344	19.65222	20.63585	19.16892	17.94698	18.7579	16.55254	18.84995	16.41602	19.35035	17.82097	17.45214	20.94219	19.15153	20.99452	18.06865	19.39647	18.43638	12.72056	16.28376	17.33862	19.89293	18.10117	19.20599	19.14889	17.0279	19.49186	18.7997	15.1556	16.44292	14.62782	18.37049	17.51522	19.59488	18.14921	17.51847	16.73514	18.76648	17.48446	17.17258	18.13294	17.95712	13.56029	14.63142	16.06543	17.37519	16.55583	17.66619	24.93595	17.61069	10.87165	18.54225	18.4341	18.64855	15.29999	17.42807	16.77535	18.18131	20.77643	22.448	21.87303	17.33196	19.85018	17.86608	20.00504	16.1455	17.80862	16.75457	15.77683	18.38104	17.02077	18.2866	12.25902	16.30373	15.2479	27.83282	14.43018	12.91078	12.63303	13.22868	13.83865	14.54051
15.05.2020 01:44:00	63	21.91594	21.04992	22.80575	22.82238	24.1614	20.86394	19.62367	20.68158	21.97113	21.28855	23.93373	21.72104	16.8114	19.7023	20.7026	19.22787	18.08234	18.85204	16.76288	18.95856	16.53072	19.37058	17.92239	17.50379	21.04044	19.16989	21.00764	18.17451	19.47259	18.56902	12.87182	16.37774	17.41401	19.92448	18.15491	19.13926	19.05238	17.07275	19.64237	18.79872	15.18824	16.5487	14.69779	18.55131	17.58112	19.68493	18.21562	17.57757	16.71927	18.72354	17.4772	17.27432	18.17171	17.96118	13.7949	14.70098	16.21263	17.47292	16.62618	17.67742	24.90072	17.62979	10.94729	18.63505	18.48183	18.72769	15.37716	17.48557	16.85093	18.2388	20.77532	22.49628	21.83386	17.35962	19.93683	17.99124	20.05108	16.29307	17.92396	16.81141	15.78265	18.42676	17.07201	18.2973	12.33777	16.31054	15.32315	27.89763	14.44456	12.91204	12.62856	13.26283	13.87296	14.60378
15.05.2020 04:44:00	66	21.81969	20.99671	22.66656	22.68463	24.16869	20.81375	19.71193	20.68292	21.9121	21.27797	23.85123	21.5589	16.76929	19.68987	20.60744	19.16999	18.04309	18.77953	16.83653	18.96333	16.48978	19.32537	17.81915	17.47049	21.0128	19.08072	20.97899	18.15109	19.40301	18.56069	12.90779	16.36262	17.26912	19.9108	18.08319	19.01032	19.14417	17.06121	19.56487	18.70551	15.12265	16.55905	14.66374	18.50269	17.53088	19.66405	18.21996	17.50414	16.67906	18.66766	17.50266	17.18213	18.15239	17.83717	13.95097	14.61522	16.28953	17.45091	16.57327	17.61623	24.73535	17.57674	10.98028	18.64975	18.41268	18.81164	15.34194	17.44518	16.81884	18.21899	20.71684	22.42015	21.74121	17.35742	19.96016	17.9174	20.08949	16.31891	17.90685	16.79012	15.69803	18.37398	17.04924	18.23862	12.33921	16.28203	15.29905	27.86396	14.3967	12.92422	12.6103	13.23476	13.78208	14.58715
15.05.2020 07:44:00	69	21.63775	20.82841	22.50573	22.54893	24.18623	20.85469	19.70533	20.6022	21.79403	21.15264	23.77695	21.48695	16.68866	19.60642	20.50588	19.13901	17.99435	18.7311	16.78611	18.86081	16.45359	19.35448	17.73633	17.48653	21.03118	19.01272	20.89206	18.09473	19.35764	18.54361	12.89294	16.30289	17.18513	19.74866	17.99587	19.00392	19.05375	16.93079	19.47968	18.54032	15.02775	16.54392	14.56179	18.4488	17.46815	19.65613	18.16404	17.27223	16.5616	18.57826	17.37093	17.09501	18.03808	17.79539	14.01864	14.55453	16.24221	17.41407	16.24605	17.52085	24.53993	17.54193	10.9555	18.56752	18.41116	19.00519	15.2617	17.36751	16.72891	18.08889	20.60947	22.41292	21.64563	17.22105	19.8673	17.88787	19.98974	16.24354	17.81887	16.68369	15.62497	18.31873	16.91943	18.14889	12.2597	16.20709	15.25782	27.84438	14.34167	12.80644	12.52734	13.08776	13.73663	14.54447
