Vessel Name: 19052020_InCu_KaKr_KK1-69_AC1-5_P1_6
Metric: RFP Integrated Intensity / GFP Integrated Intensity
Cell Type: 
Passage: 0
Notes: 
Analysis: KaKr-A549-H2B-GFP/-RFP_DEFv10

Date Time	Elapsed	EZH1	FABP4	FAM105A	FAM107A	FAM110A	FAM20A	FAM46A	FAM72A	FBXO6	FCAR	FFAR2	FGL2	FOS	FPR2	GBP1	GBP3	GBP4	GBP5	GLIPR2	GLS	GMPR	GPC4	GPR141	GPR155	HAPLN3	HAVCR2	HELZ2	HERC5	HERC6	HES4	HESX1	HLA-B	HLA-C	HMHA1	HSH2D	IDO1	IFI16	IFI27	IFI35	IFI44	IFI44L	IFI6	IFIH1	IFIT1	IFIT2	IFIT3	IFIT5	IFITM1	IFITM2	IFITM3	IFNE	IFNG	IGF2BP3	IL15	IL15RA	IL1A	IL1RN	IL4I1	IRF1	IRF7	IRF9	IRG1	ISG15	ISG20	ITPKB	KCNE3	KLF7	LAG3	LAMP3	LAP3	LGALS3BP	LGALS9B	LILRA1	LILRA5	LRCH2	LRRC25	LY6D	LY6E	MAP3K1	MBD4	MCM2	MEF2BNB	MNDA	MS4A4A	C1 (Mx2)	C2 (STAT1)	C3 (MAVS)	C4 (BST2)	C5 (EIF2AK2)	C6 (RSAD2)	C7 (NTC1)	C8 (NTC2)	C9 (NTC3)	C10 (NTC4)	C11 (NTC5)
19.05.2020 10:51:00	0	3,397827E-05	3,153459E-05	3,307851E-05	0,0004989649	4,013513E-05	4,311957E-05	4,57266E-05	0,0003096888	3,045903E-05	0,0001828956	3,393818E-05	3,050973E-05	3,394228E-05	3,047178E-05	3,395451E-05	3,263425E-05	3,747043E-05	3,276113E-05	3,045988E-05	0,0001555095	3,573989E-05	3,558825E-05	3,74542E-05	3,571304E-05	3,368562E-05	3,573456E-05	3,878503E-05	3,429801E-05	3,853252E-05	0,001362887	4,861478E-05	6,154746E-05	3,269378E-05	3,518745E-05	3,746359E-05	0,0001372911	6,199304E-05	0,000267693	4,28278E-05	7,902543E-05	3,810221E-05	0,0001212047	3,007089E-05	2,80862E-05	2,808397E-05	9,181645E-05	3,573432E-05	0,0007970778	6,368757E-05	0,0001096971	3,558047E-05	0,0001742132	3,740602E-05	3,910581E-05	7,682382E-05	3,547948E-05	0,000118218	3,877559E-05	3,643757E-05	0,0002680077	5,712995E-05	3,453807E-05	3,628306E-05	3,797234E-05	9,454341E-05	3,525471E-05	3,151082E-05	3,74995E-05	0,0001464113	3,669287E-05	3,89022E-05	0,0001103309	3,828253E-05	3,757317E-05	3,840983E-05	3,739049E-05	8,476879E-05	3,643116E-05	3,662887E-05	3,370998E-05	8,452304E-05	3,583063E-05	3,339731E-05	3,458859E-05	3,543158E-05	3,53531E-05	3,353698E-05	9,158021E-05	3,381867E-05	3,463048E-05	3,148167E-05	3,803424E-05	4,038223E-05	3,788728E-05	0,0001296083
19.05.2020 13:51:00	3	3,233822E-05	2,926211E-05	2,945433E-05	0,0005097102	3,2873E-05	3,581741E-05	4,712858E-05	0,000285837	3,011091E-05	2,889037E-05	3,113534E-05	2,892732E-05	3,058337E-05	3,111488E-05	3,111565E-05	3,228802E-05	3,419018E-05	3,389548E-05	2,812829E-05	0,0001546994	3,293659E-05	3,260469E-05	3,387152E-05	3,403121E-05	2,988151E-05	0,0001478554	3,413907E-05	3,144519E-05	3,941093E-05	0,001146141	2,842499E-05	2,570164E-05	2,816253E-05	3,192034E-05	3,393533E-05	0,0001074628	5,298034E-05	0,0002519831	3,493049E-05	0,000115328	3,648716E-05	0,0001151972	2,714426E-05	2,492097E-05	2,837814E-05	8,812191E-05	3,348392E-05	0,0001521304	5,620047E-05	0,0001706516	3,553893E-05	0,0001353898	7,000184E-05	3,595587E-05	7,095362E-05	3,484996E-05	0,0001842442	3,337574E-05	3,521449E-05	0,0002627517	5,294701E-05	3,122987E-05	3,39933E-05	3,599195E-05	9,628864E-05	3,553314E-05	2,931641E-05	3,522402E-05	0,0001107782	3,442965E-05	3,619906E-05	9,4214E-05	3,264483E-05	3,570161E-05	3,746197E-05	3,590031E-05	8,641181E-05	3,429564E-05	3,342416E-05	3,282054E-05	6,738986E-05	3,393426E-05	2,926753E-05	3,263731E-05	3,249549E-05	3,308379E-05	3,155486E-05	7,695759E-05	3,151101E-05	3,359473E-05	3,271851E-05	3,374209E-05	3,66934E-05	0,0001410293	0,0002122921
19.05.2020 16:51:00	6	0,002078958	0,001737751	0,001642345	0,002415733	0,001364117	0,0008443825	0,001606738	0,00309943	0,002083149	0,001351491	0,002469294	0,001865157	0,001340262	0,002071905	0,001670151	0,0008187043	0,002579559	0,001550113	0,001649551	0,003130481	0,001989	0,001096679	0,002217372	0,0008996898	0,002342429	0,003242831	0,002880162	0,001042941	0,001732271	0,00206332	0,001180698	0,001210218	0,001360007	0,001682422	0,001744435	0,001629501	0,003298751	0,002088494	0,002331084	0,00178597	0,00173485	0,001962204	0,001131171	0,0009467659	0,001835602	0,001987646	0,0009092123	0,002297889	0,003019401	0,002416422	0,001789745	0,002308119	0,002428531	0,001219895	0,001771692	0,002108223	0,00348243	0,002625891	0,002110042	0,002519028	0,00377768	0,003180447	0,00204478	0,001847383	0,002840425	0,001714692	0,00183702	0,001406172	0,004937927	0,003798218	0,00171316	0,002733013	0,001895691	0,002655595	0,002153148	0,002912155	0,001487417	0,001289169	0,001986837	0,001081284	0,002631015	0,002209179	0,001439576	0,001805491	0,002380188	0,003621995	0,001993241	0,002060458	0,002256991	0,002262478	0,002375352	0,002390336	0,002004551	0,001420814	0,002317035
19.05.2020 19:51:00	9	0,03310702	0,02458899	0,02690299	0,0329203	0,02248539	0,02579193	0,02255019	0,03138644	0,03046844	0,0266866	0,03096937	0,02875433	0,02529681	0,03064118	0,02382898	0,01905671	0,02767475	0,02548971	0,02055558	0,03741991	0,02619151	0,02488172	0,03047678	0,02135909	0,03231265	0,03322311	0,03538049	0,02219405	0,02180502	0,02134635	0,01828818	0,02241134	0,02275153	0,02335313	0,02734857	0,02524213	0,03280076	0,02929843	0,03092426	0,02715399	0,02548475	0,02665446	0,01964126	0,02075462	0,02511049	0,01987441	0,0220596	0,02907591	0,03685072	0,03252368	0,02635076	0,03028547	0,02952439	0,02561595	0,02341389	0,02711532	0,03934881	0,03290492	0,03296061	0,02992225	0,04411717	0,03530115	0,02534129	0,0279905	0,0352722	0,02803961	0,02422722	0,02478881	0,0478868	0,03559105	0,02738119	0,0334502	0,03591749	0,033557	0,03392023	0,03446564	0,02546638	0,02685001	0,02726673	0,02274938	0,0291154	0,03102381	0,02436155	0,02807363	0,02970393	0,04647178	0,02476212	0,02481635	0,02988041	0,02807259	0,02925058	0,03133054	0,02856397	0,02496436	0,02849453
19.05.2020 22:51:00	12	0,1037835	0,08009197	0,08551957	0,09768318	0,07967367	0,0856678	0,0707209	0,09714037	0,09744694	0,0892351	0,096792	0,0908474	0,08325165	0,09270945	0,07778153	0,06416568	0,08748795	0,07963675	0,0696793	0,1139559	0,08762801	0,08082181	0,09819707	0,06933319	0,1010118	0,1061086	0,1122239	0,07286317	0,070236	0,06608258	0,05919218	0,07304677	0,06882748	0,07793344	0,08851478	0,07937612	0,09672993	0,09480156	0,100378	0,0862452	0,08213003	0,08222095	0,06630043	0,06755644	0,07805718	0,06711576	0,06720556	0,09014856	0,1130931	0,1032302	0,08684178	0,09409104	0,09341028	0,08738418	0,0723869	0,0820892	0,1066875	0,1070491	0,1063197	0,09768663	0,1291821	0,110404	0,07832301	0,08892445	0,1086882	0,09029017	0,07567903	0,07889694	0,1295764	0,1053412	0,08966604	0,1090523	0,11164	0,1018611	0,1097551	0,1034326	0,08331113	0,09028889	0,08843783	0,07272379	0,09408168	0,09546176	0,07594635	0,08701239	0,09342659	0,1400848	0,08300794	0,08301101	0,1109212	0,08857872	0,09292521	0,09725921	0,0875682	0,08111286	0,08481238
20.05.2020 01:51:00	15	0,2397028	0,1844117	0,1872192	0,2085114	0,1886518	0,1937425	0,1610907	0,2222672	0,2255366	0,1983593	0,2288348	0,2036732	0,1848326	0,2027397	0,1677966	0,1421272	0,1994293	0,1860141	0,1607396	0,2573987	0,202402	0,1765669	0,2252481	0,1551217	0,2286128	0,2290858	0,2760219	0,1560736	0,156808	0,1457288	0,1293673	0,1636732	0,14733	0,180465	0,2034057	0,1810932	0,2141449	0,2027922	0,2378693	0,189348	0,1890914	0,1794968	0,1414643	0,1587512	0,1714987	0,1516603	0,1507933	0,2016609	0,247296	0,2363523	0,1962509	0,2096076	0,2063478	0,1935406	0,1567914	0,1824891	0,2319375	0,2320911	0,238453	0,2047313	0,3000577	0,2439941	0,1612563	0,2059768	0,2492359	0,1961313	0,1661059	0,1730694	0,2803989	0,2300141	0,2082085	0,2507824	0,255419	0,2306162	0,2427726	0,227874	0,1798702	0,2029395	0,2093845	0,1686165	0,1975818	0,2000697	0,1726083	0,192652	0,2095874	0,3432093	0,1924925	0,193055	0,2888556	0,203021	0,2007084	0,212249	0,1904655	0,1911224	0,1864507
20.05.2020 04:51:00	18	0,4456096	0,3502941	0,3586505	0,3921487	0,3653746	0,3536116	0,3038421	0,4365911	0,4236722	0,3749984	0,4485929	0,3901531	0,3629892	0,3693057	0,3041809	0,2622736	0,3713712	0,3555498	0,2971258	0,4765177	0,3789763	0,3253593	0,4023905	0,289378	0,428694	0,4218502	0,5466521	0,2935669	0,2954652	0,2710382	0,2460919	0,3021319	0,2674806	0,323841	0,3793185	0,3355671	0,404931	0,378822	0,4458944	0,3496287	0,3588293	0,3181705	0,2526828	0,3005525	0,3250237	0,2706739	0,2740033	0,3807397	0,4459184	0,4435464	0,3622297	0,3844558	0,3731996	0,3566661	0,2798255	0,3259329	0,4115239	0,4237768	0,4265026	0,3701747	0,6023126	0,4611079	0,2914859	0,3852826	0,4769363	0,3496573	0,3087288	0,3370825	0,4913511	0,4244917	0,3832658	0,4893665	0,4830557	0,432746	0,4525301	0,4180643	0,3375792	0,3671296	0,3993182	0,3233056	0,3596626	0,3651084	0,3222874	0,3568401	0,3941028	0,6749716	0,3741575	0,3542313	0,6143979	0,3821295	0,3713267	0,3788739	0,3524686	0,364591	0,3453929
20.05.2020 07:51:00	21	0,7515048	0,6033102	0,5932394	0,6687676	0,6103675	0,5761268	0,5257139	0,7530182	0,6998077	0,615871	0,7662939	0,648018	0,6252393	0,5843139	0,5201523	0,4290128	0,5925568	0,5985541	0,5035938	0,7787463	0,6338882	0,5242644	0,6588663	0,506211	0,7401763	0,7059245	0,9042612	0,4982205	0,4968152	0,4399041	0,4282577	0,4986415	0,4533819	0,522758	0,640331	0,5493202	0,6959026	0,6374311	0,7618586	0,590983	0,5943537	0,5173792	0,4239908	0,5137714	0,5651871	0,4430096	0,4434819	0,6370986	0,7310646	0,7165611	0,5982627	0,6684357	0,6267444	0,5799425	0,4541653	0,5253716	0,6474679	0,7014105	0,6916664	0,603181	1,04328	0,7670554	0,4523691	0,6339985	0,8090093	0,5943306	0,5216268	0,5633287	0,7886941	0,7100779	0,6222895	0,8388852	0,815039	0,7131227	0,7109916	0,7024034	0,5531159	0,6019427	0,6582839	0,5630975	0,5807338	0,5996838	0,5409731	0,5872231	0,6821252	1,146302	0,652634	0,5726206	1,091268	0,6429557	0,630256	0,6179357	0,5955695	0,5944675	0,551589
20.05.2020 10:51:00	24	1,206484	0,9881381	0,9537052	1,077762	0,9820713	0,921344	0,8789291	1,214693	1,121534	0,9801379	1,261148	1,02962	1,018003	0,9202263	0,8367009	0,6749097	0,9320076	0,9781982	0,8293962	1,247729	1,022477	0,8395469	1,050468	0,8111828	1,22315	1,141095	1,461585	0,846916	0,8085561	0,67575	0,7069358	0,814464	0,7476313	0,8508435	1,043042	0,8666648	1,094741	1,035417	1,258914	0,9640023	0,9325073	0,8562477	0,69534	0,8634806	0,9520221	0,7384716	0,7224077	1,021683	1,197078	1,12918	0,9607362	1,097145	1,036018	0,9130265	0,7140803	0,8171378	0,9850703	1,116964	1,106066	0,975461	1,744176	1,229642	0,6470521	0,9913037	1,325459	0,946767	0,8019289	0,9022095	1,226574	1,137505	0,9666562	1,427408	1,315523	1,149322	1,072894	1,164304	0,8918327	0,9961111	1,044202	0,9347727	0,913314	0,9498638	0,8637009	0,9137714	1,08951	1,898859	1,059906	0,8955567	1,7816	1,04667	0,9973118	0,9835376	0,9550846	0,9583578	0,8819445
20.05.2020 13:51:00	27	1,924869	1,614915	1,528742	1,729393	1,565288	1,48134	1,439403	1,930494	1,799294	1,553434	2,069516	1,634239	1,69631	1,511401	1,384071	1,071937	1,464202	1,590938	1,390601	2,035283	1,647246	1,35151	1,7079	1,30782	2,028316	1,81737	2,373066	1,409064	1,322327	1,063154	1,152712	1,336181	1,217341	1,396457	1,667217	1,388957	1,799047	1,672295	2,029781	1,556331	1,450981	1,419912	1,158445	1,4405	1,584616	1,256413	1,176482	1,642238	1,920314	1,754007	1,528984	1,789028	1,666344	1,425674	1,151041	1,267302	1,518056	1,794948	1,791648	1,565562	2,915159	1,969309	0,9229234	1,56091	2,175812	1,533807	1,262504	1,426464	1,917681	1,822104	1,535698	2,392023	2,147277	1,811646	1,651574	1,850012	1,448736	1,639394	1,657188	1,523454	1,490894	1,478408	1,388237	1,441475	1,68367	3,049258	1,649337	1,416562	2,844663	1,671935	1,569369	1,516967	1,546003	1,490238	1,355832
20.05.2020 16:51:00	30	2,984007	2,605671	2,386289	2,743089	2,448491	2,387876	2,268924	3,012793	2,82904	2,398318	3,323394	2,513427	2,736126	2,4982	2,286426	1,712932	2,28036	2,55935	2,29019	3,283206	2,600858	2,12317	2,73635	2,086645	3,332443	2,837482	3,8149	2,291668	2,167701	1,69082	1,795462	2,158931	1,953525	2,248827	2,551778	2,149324	2,80624	2,58699	3,167976	2,506159	2,272483	2,258208	1,895757	2,357475	2,580354	2,086958	1,877922	2,586264	2,999934	2,68586	2,420628	2,800834	2,604674	2,228055	1,817886	1,902925	2,286918	2,837529	2,828457	2,419354	4,677483	3,162636	1,305357	2,375662	3,514836	2,480172	1,926993	2,213496	2,909834	2,822374	2,453916	3,839917	3,48563	2,738425	2,593412	2,867087	2,349442	2,633807	2,570544	2,415587	2,402106	2,242013	2,244927	2,191721	2,575085	4,727611	2,492037	2,206634	4,411932	2,622605	2,400507	2,252869	2,384131	2,236172	2,106647
20.05.2020 19:51:00	33	4,512891	4,126897	3,729182	4,223878	3,779936	3,754804	3,528818	4,60364	4,378174	3,614538	5,203948	3,822495	4,346862	4,022608	3,60524	2,66138	3,472292	4,092058	3,628891	5,168288	4,0719	3,318578	4,32231	3,277423	5,371404	4,333034	6,010258	3,712205	3,427958	2,564773	2,796757	3,42152	3,054982	3,580449	3,885785	3,31145	4,450062	3,914522	4,864261	3,964863	3,550049	3,587497	3,017125	3,761469	4,113831	3,374494	3,003903	3,9821	4,670381	4,155277	3,723001	4,337473	4,004377	3,381934	2,857334	2,890757	3,43802	4,377198	4,379834	3,697222	7,394232	4,859726	1,817133	3,583121	5,510161	3,805286	2,916107	3,455163	4,23719	4,346269	3,858422	5,990464	5,566234	4,202172	3,988616	4,436706	3,706924	4,136866	3,970473	3,799413	3,840343	3,488685	3,587821	3,365048	3,894422	7,235314	3,770293	3,375283	6,831409	3,951855	3,631725	3,370966	3,713827	3,421041	3,271569
20.05.2020 22:51:00	36	6,519201	6,365316	5,697864	6,347624	5,55773	5,704422	5,357339	6,757837	6,496369	5,341738	7,738304	5,632058	6,765149	6,210759	5,59305	4,174667	5,154651	6,306652	5,412289	7,661664	6,15268	5,14128	6,541888	4,98068	8,15254	6,385489	8,988811	5,759266	5,214412	3,873458	4,205878	5,266064	4,678957	5,572224	5,720355	5,05446	6,731832	5,819653	7,038748	6,007713	5,357164	5,356239	4,672489	5,799448	6,34584	5,355983	4,628746	6,026325	6,97508	6,214869	5,439882	6,373042	5,851245	4,951467	4,329226	4,346543	5,122459	6,466119	6,52714	5,383862	11,05328	7,061066	2,522534	5,37576	8,048706	5,635617	4,361454	5,294056	6,0639	6,414249	5,848319	8,7395	8,416846	6,193547	5,85478	6,610911	5,604699	6,259281	5,994116	5,826855	5,841366	5,285494	5,583358	5,012943	5,715226	10,58986	5,550524	4,975212	10,28727	5,700703	5,388285	4,926763	5,579603	5,035868	4,804781
21.05.2020 01:51:00	39	8,682657	9,09657	8,22731	8,850125	7,663764	8,184633	7,74656	9,247934	8,837006	7,369652	10,52089	7,786123	9,725235	8,99084	8,12495	6,272724	7,199697	8,940112	7,830437	10,33635	8,538642	7,432826	9,213991	7,138655	11,22203	8,824958	12,33841	8,25487	7,556791	5,653601	6,063538	7,671039	6,800617	8,042979	7,974915	7,260951	9,534173	8,0936	9,488704	8,408442	7,594494	7,474639	6,837415	8,401135	9,167777	8,094494	6,666564	8,499756	9,564194	8,715335	7,526119	8,571737	8,061939	6,902338	6,138716	6,282679	7,188044	8,979107	9,025276	7,455091	14,58849	9,602351	3,390329	7,614319	10,76399	7,916048	6,168066	7,540606	8,209993	8,739774	8,345907	11,54284	11,55925	8,497161	8,006124	9,247725	7,928053	8,918492	8,420825	8,358703	8,1804	7,596579	8,104505	7,015659	7,753833	13,94063	7,638016	6,968896	14,5093	7,607899	7,589955	6,777926	7,792806	6,941697	6,662078
21.05.2020 04:51:00	42	10,59697	11,76555	10,94689	11,29951	9,926615	10,76414	10,36622	11,73742	11,06477	9,536033	13,00759	9,964354	12,4171	11,82215	10,98455	9,005881	9,490732	11,67715	10,61114	12,89119	10,90793	10,05936	11,84081	9,547596	13,9506	11,46185	15,31715	10,76016	10,14054	7,814675	8,170435	10,4876	9,382034	10,90487	10,46472	9,889279	12,32231	10,57077	12,06218	10,77707	10,06321	9,697098	9,453591	11,40656	12,13877	11,29942	9,219797	11,07229	11,85993	11,40134	9,870046	10,6413	10,42936	9,035179	8,26565	8,673691	9,522541	11,54618	11,47806	9,71218	17,26681	12,00986	4,434648	9,988765	13,11507	10,35146	8,341992	10,03696	10,44923	11,11441	11,04318	13,87529	14,31015	10,88229	10,32247	11,82388	10,39301	11,59452	11,09412	11,2293	10,71017	10,13376	10,93801	9,347754	9,729012	16,5119	9,820156	9,167124	18,53474	9,502578	10,00467	8,740307	10,00969	8,902678	8,601613
21.05.2020 07:51:00	45	12,02726	13,79653	13,35221	13,23619	11,94452	12,95635	12,76229	13,69746	12,77994	11,41321	14,78338	11,70142	14,40009	14,07108	13,32304	11,64733	11,43916	14,08236	13,11573	14,92706	12,85488	12,50083	13,82578	11,70339	15,92519	13,73706	17,51171	12,87656	12,50375	9,754454	10,19255	12,98059	11,95065	13,46643	12,6217	12,29698	14,42049	12,65538	14,26487	12,73128	12,24652	11,72618	12,06839	14,306	14,63235	14,31306	11,8463	13,2569	13,56757	13,66761	12,0767	12,17496	12,4785	11,12209	10,3108	10,90688	11,6222	13,71062	13,35827	11,6324	18,94962	13,68135	5,587882	12,0588	14,87659	12,37459	10,58785	12,29247	12,20813	13,02238	13,36861	15,60168	16,26393	12,79814	12,37148	13,83884	12,5507	13,69801	13,23768	13,61073	12,89325	12,52573	13,37084	11,32	11,29571	18,15377	11,6524	11,02357	21,66245	11,0014	11,95168	10,52795	11,76824	10,55753	10,25064
21.05.2020 10:51:00	48	13,00972	15,13505	15,00144	14,52616	13,4904	14,63472	14,59347	14,91157	13,96762	12,80107	15,90389	12,90443	15,77392	15,6859	15,13084	13,81222	12,92368	15,85826	14,99047	16,32231	14,34728	14,25872	15,27822	13,40973	17,12787	15,30496	19,00115	14,56144	14,19853	11,59702	11,81752	14,84535	13,95791	15,37529	14,24337	14,1942	15,81998	14,20617	15,83236	14,20432	13,91905	13,27865	14,28073	16,56504	16,54749	16,68935	14,05155	14,70401	14,72518	15,18589	13,89288	13,30916	14,15377	12,81519	11,89909	12,74732	13,2267	15,21877	14,66226	13,092	19,91549	14,74362	6,792358	13,56901	16,09393	13,83278	12,64716	14,11357	13,44137	14,41915	15,09769	16,69318	17,52166	14,05818	13,82121	15,17778	13,9965	15,05962	14,65506	15,28583	14,54949	14,19184	15,07093	12,82337	12,32247	19,16016	13,01013	12,34552	23,77329	12,04294	13,28464	11,88651	12,91815	11,7312	11,43329
21.05.2020 13:51:00	51	13,58078	15,95741	16,07066	15,45851	14,56963	15,74803	15,82194	15,65476	14,68567	13,67914	16,54934	13,62499	16,53928	16,70227	16,33743	15,33932	13,86586	17,06488	16,08115	17,18537	15,17857	15,40419	16,11281	14,48401	17,92089	16,24796	19,88753	15,74135	15,31645	13,07254	12,9444	16,19989	15,41881	16,54684	15,34456	15,4761	16,62505	15,27573	16,81068	15,20487	14,97068	14,37817	15,87984	18,03532	17,79431	18,18462	15,45535	15,65367	15,40796	16,13296	15,05715	14,1	15,3279	14,04523	12,98319	13,95192	14,27447	16,15883	15,48447	14,01171	20,44613	15,40503	7,849097	14,62597	16,78631	14,87587	14,05168	15,2	14,16999	15,19313	16,20596	17,37899	18,25214	14,88635	14,75702	16,0285	14,98958	15,91875	15,50691	16,35778	15,60003	15,29816	16,22691	13,80656	12,99286	19,74997	13,83993	13,1507	25,05921	12,70935	14,09863	12,81445	13,70321	12,502	12,15334
21.05.2020 16:51:00	54	13,85667	16,42217	16,66343	15,99045	15,22689	16,32024	16,58496	16,03068	15,04313	14,15781	16,90277	14,08701	17,01616	17,28267	16,92183	16,19218	14,47297	17,83889	16,81084	17,70399	15,66038	16,07514	16,60854	15,18228	18,31402	16,73182	20,33757	16,55223	16,00064	14,14233	13,6405	16,96278	16,3131	17,22188	15,92422	16,27122	17,00179	15,9844	17,35793	15,80067	15,59824	15,09994	16,8997	18,98349	18,5304	19,08599	16,53924	16,1834	15,80706	16,72855	15,72752	14,57548	16,03119	14,84167	13,65612	14,72784	14,9702	16,69975	15,87904	14,51772	20,66705	15,76299	8,726235	15,18308	17,13756	15,57703	14,95626	15,89461	14,63891	15,71947	16,8322	17,74395	18,63083	15,32753	15,29625	16,49856	15,51937	16,3869	15,99459	16,96189	16,27357	15,87628	16,8814	14,28821	13,28497	19,95734	14,21844	13,65044	26,08121	13,1405	14,59306	13,34708	14,10529	12,99862	12,50088
21.05.2020 19:51:00	57	14,03844	16,73911	16,97529	16,25465	15,59875	16,71881	17,06949	16,29462	15,25789	14,46317	17,06145	14,29249	17,17488	17,54519	17,47021	16,86458	14,81499	18,24137	17,19076	17,96894	15,99289	16,52581	16,82165	15,51928	18,48503	17,00785	20,51857	17,03028	16,39038	14,86195	14,10207	17,40695	16,87679	17,61624	16,26114	16,69658	17,3539	16,33054	17,68711	16,11855	15,91066	15,57576	17,53097	19,53554	18,89417	19,52718	17,11018	16,46416	15,94414	17,04019	15,94214	14,84803	16,50636	15,36149	14,05499	15,14271	15,33843	17,00593	16,19522	14,77096	20,72209	15,92224	9,393709	15,56869	17,31332	15,92828	15,48128	16,23698	14,86115	15,95711	17,18916	17,9502	18,88806	15,51421	15,6484	16,76824	15,88333	16,68171	16,32593	17,2794	16,61477	16,20303	17,19677	14,67579	13,50075	20,06259	14,55031	13,88388	26,56203	13,34025	14,89877	13,66661	14,31774	13,22904	12,81779
21.05.2020 22:51:00	60	14,0618	16,72428	17,0023	16,31796	15,72438	16,78614	17,34219	16,3071	15,31321	14,55895	17,06151	14,37485	17,12207	17,64909	17,62136	17,17158	14,94166	18,41498	17,34361	18,04857	16,10337	16,70123	17,04103	15,79428	18,50719	17,1288	20,59538	17,25215	16,59141	15,35363	14,31533	17,5492	17,10755	17,78012	16,46327	16,90236	17,40818	16,50809	17,77789	16,28791	16,01881	15,82017	17,81319	19,85928	19,12474	19,78127	17,35697	16,6205	16,01083	17,09921	16,27258	15,00866	16,63651	15,66564	14,27953	15,36168	15,52466	17,10368	16,25976	14,93429	20,71675	16,00972	9,845071	15,72159	17,30299	16,16229	15,80597	16,45408	14,95059	16,01273	17,32926	18,0347	18,9258	15,68837	15,7777	16,81688	15,98743	16,77631	16,44842	17,40941	16,80668	16,25119	17,3539	14,84528	13,62845	20,04819	14,6554	13,98494	26,65436	13,4855	14,96097	13,78959	14,38343	13,32034	12,94617
22.05.2020 01:51:00	63	14,06469	16,74019	17,10284	16,23495	15,81348	16,83667	17,29675	16,27697	15,23095	14,5438	16,97416	14,39712	17,18135	17,71309	17,51726	17,17584	14,97589	18,3832	17,39623	18,04457	16,15093	16,74188	16,99849	15,7614	18,52771	17,0985	20,52188	17,2828	16,67558	15,47985	14,40267	17,62592	17,14202	17,80476	16,41669	16,90777	17,34943	16,55097	17,8093	16,34238	16,02762	15,94572	18,0633	19,95097	19,07761	19,88531	17,49198	16,57096	15,94619	17,18825	16,32682	15,03482	16,70935	15,7992	14,34355	15,49395	15,63031	17,17867	16,21592	14,91248	20,51859	15,88607	10,16573	15,78339	17,3352	16,15521	15,91752	16,45974	14,88798	16,0325	17,30007	18,04335	18,8526	15,66547	15,81146	16,83245	16,00752	16,69323	16,442	17,38353	16,84732	16,28331	17,31837	14,82273	13,57725	19,92814	14,68648	14,01174	26,66334	13,4524	14,96376	13,80104	14,40006	13,3909	12,96796
22.05.2020 04:51:00	66	13,90138	16,58439	16,93803	16,20484	15,75134	16,71821	17,28789	16,11666	15,16268	14,43689	16,80532	14,27224	16,97137	17,63548	17,59657	17,28637	14,90562	18,36877	17,34259	17,95863	15,99376	16,67023	16,90516	15,73324	18,39612	17,05804	20,37482	17,31766	16,5731	15,65562	14,33939	17,45534	17,11499	17,70994	16,31331	16,92112	17,3218	16,50465	17,61246	16,24635	15,97666	15,88143	17,89741	19,8899	18,9902	19,87874	17,38611	16,50999	15,75532	17,07814	16,24508	15,00609	16,66114	15,75624	14,32188	15,40133	15,56207	17,08017	16,10106	14,82242	20,2588	15,86632	10,27051	15,72624	17,16963	16,12272	15,86109	16,39514	14,79009	15,87554	17,18466	17,91729	18,76039	15,54713	15,73144	16,73115	16,00178	16,71798	16,32612	17,28942	16,70867	16,21372	17,19302	14,79646	13,52131	19,76759	14,57411	13,96381	26,45832	13,40342	14,87888	13,76238	14,30633	13,32177	12,94472
22.05.2020 07:51:00	69	13,83258	16,48387	16,83227	16,06609	15,70635	16,56689	17,16892	16,00967	14,98382	14,391	16,63923	14,20711	16,97565	17,54515	17,41885	17,20642	14,88328	18,25797	17,30549	17,88418	15,84419	16,59162	16,71952	15,59684	18,31559	16,91742	20,14078	17,17869	16,49247	15,57333	14,2967	17,43365	17,00555	17,49284	16,14679	16,85375	17,1164	16,40776	17,49319	16,07693	15,83843	15,81855	17,92776	19,72042	18,83997	19,75432	17,32006	16,39795	15,71317	16,99521	16,17558	14,9524	16,54704	15,70877	14,3018	15,36044	15,44371	16,96322	15,93847	14,79266	20,03278	15,77994	10,34364	15,66287	17,05364	16,08939	15,7725	16,35322	14,72439	15,77575	17,04253	17,84694	18,61675	15,47325	15,6434	16,61467	15,93516	16,59873	16,21527	17,14444	16,66611	16,1528	17,00427	14,66604	13,40748	19,60006	14,50633	13,84904	26,21145	13,33759	14,834	13,67571	14,16266	13,27754	12,82356
