Vessel Name: 15052020_InCu_KaKr_KK1-68_P2_5
Metric: GFP Integrated Intensity / RFP Integrated Intensity
Cell Type: 
Passage: 0
Notes: 
Analysis: KaKr-A549-H2B-GFP/-RFP_DEFv10

Date Time	Elapsed	EZH1	FABP4	FAM105A	FAM107A	FAM110A	FAM20A	FAM46A	FAM72A	FBXO6	FCAR	FFAR2	FGL2	FOS	FPR2	GBP1	GBP3	GBP4	GBP5	GLIPR2	GLS	GMPR	GPC4	GPR141	GPR155	HAPLN3	HAVCR2	HELZ2	HERC5	HERC6	HES4	HESX1	HLA-B	HLA-C	HMHA1	HSH2D	IDO1	IFI16	IFI27	IFI35	IFI44	IFI44L	IFI6	IFIH1	IFIT1	IFIT2	IFIT3	IFIT5	IFITM1	IFITM2	IFITM3	IFNE	IFNG	IGF2BP3	IL15	IL15RA	IL1A	IL1RN	IL4I1	IRF1	IRF7	IRF9	IRG1	ISG15	ISG20	ITPKB	KCNE3	KLF7	LAG3	LAMP3	LAP3	LGALS3BP	LGALS9B	LILRA1	LILRA5	LRCH2	LRRC25	LY6D	LY6E	MAP3K1	MBD4	MCM2	MEF2BNB	MNDA	MS4A4A	C1 (Mx2)	C2 (STAT1)	C3 (MAVS)	C4 (BST2)	C5 (EIF2AK2)	C6 (RSAD2)	C7 (NTC1)	C8 (NTC2)	C9 (NTC3)	C10 (NTC4)	C11 (NTC5)
15.05.2020 10:56:00	0	0,009499393	0,007973786	0,03934733	0,01598228	0,02028479	0,01464809	0,01041823	0,03485415	0,06591554	0,01769574	0,02936285	0,01036353	0,006979655	0,02033047	0,0512767	0,0699144	0,04754292	0,01226518	0,01386495	0,02127682	0,01551337	0,01959768	0,01895914	0,01407167	0,03488058	0,0355882	0,02311643	0,008167615	0,00548624	0,006846284	0,007243507	0,008811017	0,009619079	0,01171532	0,02020292	0,04757113	0,009748141	0,01284214	0,01283772	0,008647914	0,01308129	0,01022103	0,01007259	0,01231316	0,0122166	0,006141955	0,01456873	0,01676738	0,007070205	0,008145714	0,00713474	0,00921486	0,01130327	0,006315327	0,008365941	0,009408616	0,02537228	0,01055906	0,01151624	0,006024032	0,0513487	0,009168214	0,01175521	0,01096471	0,007090528	0,0172335	0,006820531	0,01555982	0,01758821	0,01562482	0,0152642	0,01517315	0,01146293	0,009607897	0,01333714	0,0101218	0,01430472	0,008169111	0,0083383	0,006126205	0,006157392	0,008467383	0,03455437	0,007384147	0,006093405	0,009990539	0,009007921	0,009181177	0,008787233	0,0103235	0,01190732	0,01819623	0,005976576	0,007383139	0,01747576
15.05.2020 13:56:00	3	0,007480628	0,007687184	0,02510286	0,01417623	0,01588708	0,01056031	0,009330144	0,01869252	0,04305747	0,01466854	0,01853422	0,009574119	0,008029516	0,01009251	0,04004002	0,05276192	0,02915737	0,009386322	0,01052219	0,0167219	0,01190339	0,01458674	0,01860622	0,01254129	0,02069917	0,01386021	0,0177504	0,008353972	0,006814611	0,00614976	0,006302514	0,009072159	0,008398075	0,01045879	0,01494465	0,0113576	0,009252892	0,01464971	0,01207904	0,005794904	0,01183922	0,01031714	0,008805813	0,01193509	0,01184613	0,009162464	0,01319526	0,01265132	0,005381194	0,007939293	0,007770667	0,009395177	0,009375116	0,006568746	0,008437839	0,008452535	0,01789314	0,009253272	0,009968852	0,006218318	0,009270392	0,008950221	0,009387447	0,01035447	0,007332767	0,01525916	0,007752745	0,01374647	0,01720317	0,01342606	0,01276044	0,01495125	0,006854092	0,009007678	0,01111208	0,009158386	0,01249656	0,008148111	0,007122023	0,007343624	0,006444967	0,007838164	0,02692969	0,007206946	0,005386322	0,009076588	0,008458091	0,006959506	0,007393987	0,01110307	0,008581164	0,01377652	0,006425595	0,006910126	0,00899426
15.05.2020 16:56:00	6	0,006422875	0,006850046	0,01688568	0,01338946	0,01497388	0,009496663	0,008228256	0,01316165	0,0344027	0,01439275	0,01479347	0,01038258	0,007887581	0,007780769	0,03247039	0,03928711	0,01242467	0,008908186	0,00843344	0,01308244	0,01141157	0,015927	0,01527738	0,01083105	0,01231119	0,007170974	0,0117951	0,007644359	0,005858978	0,005716527	0,005979614	0,006983818	0,007398038	0,0108728	0,01067648	0,006865772	0,00801422	0,01198977	0,01084191	0,005096379	0,009597511	0,009301721	0,008523619	0,01278202	0,0103108	0,007598066	0,0116909	0,01347726	0,006014968	0,006385589	0,006741837	0,007749879	0,007830258	0,005966237	0,006857338	0,0069617	0,01247992	0,008279255	0,007979335	0,005734762	0,008904125	0,008014343	0,008240663	0,009355225	0,007886111	0,01307911	0,006659011	0,01239744	0,01518711	0,0120299	0,01074231	0,01419795	0,006620848	0,009139604	0,009332372	0,008256418	0,01126357	0,006907802	0,006909663	0,007643464	0,00546066	0,008109854	0,02130545	0,006984009	0,005055425	0,009052206	0,008935629	0,006829861	0,007899833	0,009392	0,006630199	0,009079007	0,006856291	0,00639855	0,00625992
15.05.2020 19:56:00	9	0,006757258	0,008565784	0,01145832	0,01372092	0,01611537	0,01055903	0,009592742	0,01221516	0,02697292	0,01404225	0,01571351	0,01140011	0,007769589	0,008969583	0,02912663	0,02975901	0,01239698	0,009068684	0,007596109	0,01234453	0,01199639	0,01412972	0,01478849	0,0116902	0,01019515	0,006476444	0,007988562	0,007361833	0,006275934	0,006670295	0,00589373	0,006126944	0,008198415	0,009487121	0,008894968	0,006459684	0,01034074	0,01222092	0,009966504	0,005541218	0,01053763	0,009877219	0,008183672	0,01661111	0,009601239	0,007116322	0,01191744	0,01511915	0,007362657	0,005966241	0,006497556	0,006840897	0,009741823	0,007105634	0,00700086	0,00672152	0,009629708	0,007449236	0,007205545	0,006760329	0,009438677	0,007863156	0,008249096	0,009718807	0,009286012	0,01290585	0,006122588	0,01372791	0,01893924	0,01002422	0,0112776	0,01546468	0,00722056	0,01002763	0,00972065	0,007476395	0,009995765	0,008785695	0,007264986	0,009394062	0,005990962	0,007342153	0,01821639	0,007335501	0,00555892	0,01010445	0,009614121	0,007370811	0,00855593	0,009926222	0,004938407	0,006643068	0,009670859	0,006393751	0,006748702
15.05.2020 22:56:00	12	0,01025536	0,01137217	0,01183272	0,01729235	0,02278789	0,0123925	0,0145133	0,014049	0,02418144	0,01836655	0,01893615	0,0164068	0,01050493	0,01241893	0,02270754	0,02587787	0,01372706	0,01002328	0,008319903	0,01578274	0,01735327	0,01737661	0,0173908	0,01445115	0,011612	0,006868548	0,009905438	0,01082821	0,008239075	0,009225851	0,00656193	0,006784777	0,01003959	0,01170484	0,009389514	0,00774976	0,0132689	0,01559703	0,01138984	0,006793324	0,01230252	0,0115891	0,0094354	0,02106776	0,01067341	0,009001775	0,0144068	0,02075952	0,01351854	0,008164412	0,008838038	0,008684072	0,01412181	0,009605081	0,008737706	0,009258629	0,01101379	0,009499057	0,01022695	0,009696291	0,01358337	0,009252738	0,008743322	0,01195394	0,01598673	0,01516143	0,008618943	0,01848556	0,02881868	0,01164004	0,01534947	0,01859744	0,008857637	0,01822362	0,01214302	0,00864528	0,01156071	0,01166771	0,009265535	0,01761476	0,007410353	0,009487427	0,01761401	0,009535096	0,007524983	0,01384285	0,01123485	0,009678543	0,01052411	0,01311926	0,006188186	0,009732923	0,01344335	0,008717954	0,01028768
16.05.2020 01:56:00	15	0,02080073	0,02100904	0,01960748	0,03142884	0,03560403	0,02145865	0,02568802	0,02019455	0,03061553	0,02653868	0,03086198	0,02863104	0,01665897	0,02419667	0,02859434	0,03165635	0,01885267	0,01786189	0,01287147	0,01954053	0,02539481	0,03251274	0,03081733	0,027065	0,01699418	0,011515	0,02060644	0,02118905	0,01580191	0,01528216	0,01056911	0,01177092	0,01575102	0,01835957	0,01385052	0,01504197	0,02387922	0,02220211	0,01643538	0,01065307	0,02026408	0,01759092	0,01273318	0,0368273	0,0170349	0,01560125	0,02215401	0,03440649	0,02675492	0,01545392	0,01424984	0,01674344	0,02484586	0,01660729	0,01528927	0,01367574	0,01948093	0,01488585	0,01970517	0,01786426	0,0247045	0,01446157	0,0123652	0,02167408	0,02638986	0,02634375	0,01526255	0,02743842	0,04556482	0,01799214	0,02719421	0,02563771	0,01365273	0,02944845	0,01822289	0,01281933	0,01637203	0,01782401	0,01363413	0,02703245	0,01230859	0,01739536	0,02343968	0,0152419	0,01329088	0,02571517	0,0179357	0,01536918	0,01650725	0,02172803	0,01188679	0,01700869	0,02431497	0,01666669	0,0186247
16.05.2020 04:56:00	18	0,05090105	0,04656004	0,04269783	0,05201409	0,05599961	0,0415875	0,05071301	0,03666389	0,05281218	0,04693706	0,0603596	0,05261864	0,03185802	0,05006868	0,04166976	0,05859786	0,03532297	0,03396985	0,02598706	0,03653215	0,0446218	0,0629932	0,05519544	0,05222941	0,02653293	0,02313956	0,03947017	0,04287609	0,02942021	0,03117706	0,02190317	0,02293831	0,03256165	0,0369632	0,02680002	0,0334846	0,04742162	0,03764772	0,02808019	0,02230193	0,04252854	0,03436238	0,02456789	0,0717663	0,03433271	0,03365606	0,04054837	0,05869959	0,04616552	0,0297679	0,0258749	0,03386441	0,05117749	0,03099696	0,02932265	0,03031348	0,04196093	0,03149366	0,04323392	0,04150243	0,04784109	0,02981574	0,02343735	0,0428438	0,05050936	0,05114998	0,03418887	0,05129953	0,06577188	0,0389531	0,05004247	0,04283109	0,02429407	0,05124336	0,03555485	0,02500253	0,03089713	0,03589191	0,02855046	0,04710452	0,0307238	0,03790745	0,04567518	0,03204253	0,0259812	0,05187704	0,03342757	0,02971021	0,0332049	0,04107686	0,02462723	0,03501926	0,04656637	0,0357845	0,04141758
16.05.2020 07:56:00	21	0,104775	0,09552094	0,09027534	0,1026206	0,1046446	0,08214048	0,09907931	0,07365838	0,09885469	0,08951536	0,1215212	0,1023485	0,06723191	0,1139267	0,09022893	0,1104896	0,07618321	0,07195235	0,06088871	0,06864936	0,08975974	0,1035043	0,1043573	0,1061884	0,04732301	0,05081508	0,08856276	0,09754238	0,05810819	0,06161749	0,051415	0,04983366	0,06928612	0,07943896	0,05823477	0,07505336	0,1019119	0,08831874	0,06037849	0,04729334	0,08049213	0,07256248	0,05053066	0,1450783	0,06968775	0,07262533	0,07450979	0,1050166	0,09783313	0,06172805	0,05440213	0,0570435	0,09312849	0,06691954	0,05701024	0,06316366	0,08503934	0,06535156	0,0978566	0,0969365	0,1007034	0,06853254	0,04616718	0,09104384	0,08985804	0,09490287	0,07614788	0,09386853	0,1116912	0,08487523	0,1211965	0,06977175	0,05556342	0,09873044	0,07480871	0,05237256	0,05809581	0,07609717	0,06170608	0,08180644	0,06997997	0,08721801	0,09205559	0,06543708	0,05588558	0,09953148	0,06278572	0,06046959	0,06818067	0,08221992	0,05840326	0,0771822	0,09332704	0,07828917	0,07498262
16.05.2020 10:56:00	24	0,2064168	0,1854114	0,1654854	0,2032344	0,1930806	0,1751979	0,1724614	0,1562772	0,1949196	0,1755703	0,2222367	0,1945971	0,1388388	0,2101382	0,2338916	0,2167504	0,1504917	0,1468349	0,1205385	0,1322967	0,1713996	0,1794321	0,1667957	0,2079982	0,09803485	0,1081081	0,1463251	0,1707332	0,1260978	0,1190735	0,114869	0,1002043	0,1302325	0,1378416	0,127925	0,145152	0,1849352	0,1570105	0,1308412	0,1010183	0,1576501	0,142263	0,09600852	0,287311	0,1206477	0,159134	0,1434841	0,1671892	0,1766499	0,1179144	0,1141055	0,1162013	0,1649432	0,1394769	0,12012	0,1310607	0,160506	0,1182026	0,1894272	0,1936603	0,192011	0,1364195	0,08803564	0,1761901	0,1629282	0,1706334	0,176341	0,1732011	0,1911914	0,1728192	0,213059	0,1192411	0,09711234	0,1808272	0,1327359	0,1020344	0,1047537	0,1398461	0,1168229	0,1612141	0,1518016	0,180808	0,1856559	0,1263369	0,111344	0,1855202	0,1238226	0,1141697	0,1382372	0,1602691	0,1263151	0,1443938	0,1929443	0,1421977	0,1368602
16.05.2020 13:56:00	27	0,3601477	0,3114997	0,2909062	0,3441715	0,3239867	0,338271	0,356869	0,2994406	0,3850186	0,3399996	0,3810455	0,3595873	0,2599525	0,3675075	0,3761923	0,3614854	0,2737559	0,2890469	0,2066786	0,222304	0,3208136	0,3129511	0,2976964	0,3093824	0,1826315	0,2187038	0,2344902	0,3553979	0,2177763	0,2035241	0,2049445	0,198134	0,2433038	0,2524401	0,2418707	0,2560911	0,3649803	0,2585166	0,2407251	0,1977194	0,2807744	0,2556759	0,181216	0,4708107	0,2158338	0,2932126	0,254729	0,3023095	0,3328199	0,2073807	0,2131138	0,2034933	0,2665764	0,2499562	0,2288911	0,2360051	0,2966829	0,2092547	0,3476861	0,3534375	0,359813	0,2334584	0,1594003	0,2972005	0,2928348	0,3233344	0,3128578	0,3087693	0,3340712	0,3267455	0,3832455	0,2292861	0,1886204	0,2873685	0,2147125	0,1909145	0,1907009	0,2421148	0,2240073	0,2700599	0,3085255	0,3185081	0,3441114	0,2222206	0,2018768	0,3996479	0,2221734	0,2011294	0,2451834	0,2735017	0,2367147	0,2729053	0,3425463	0,2480011	0,2336368
16.05.2020 16:56:00	30	0,5692243	0,5170437	0,4638571	0,5435108	0,5248353	0,5783359	0,5690135	0,4869197	0,600491	0,5264579	0,6338544	0,5635588	0,4135104	0,6031722	0,532677	0,6075671	0,5150496	0,4486644	0,3715653	0,3859449	0,5112621	0,4577802	0,4911795	0,4572074	0,3290464	0,3794836	0,4420903	0,5853848	0,3480366	0,3209541	0,3436103	0,4028074	0,4394357	0,4316621	0,4203435	0,4337505	0,4817333	0,4166303	0,374717	0,337188	0,4403695	0,4388758	0,300263	0,7263231	0,3595262	0,4715036	0,5193478	0,4809681	0,5013674	0,3459344	0,3507911	0,353568	0,4624473	0,4297184	0,3748094	0,3833997	0,4812394	0,3586439	0,5492744	0,537948	0,6148767	0,4166535	0,2744411	0,5606463	0,5195389	0,5628902	0,606103	0,4666904	0,5231869	0,5426503	0,6216508	0,3672041	0,3330483	0,4715813	0,3792902	0,3421519	0,3022448	0,4279728	0,4072918	0,4601493	0,4925555	0,475322	0,6355646	0,3880599	0,3519278	0,5852322	0,3526492	0,364304	0,4437327	0,4384377	0,3982901	0,4553856	0,6000378	0,4156921	0,4022102
16.05.2020 19:56:00	33	0,9015701	0,8204076	0,7191318	0,9182937	0,8350914	0,9869674	0,8710844	0,7673981	0,8486607	0,8943995	0,8942744	0,86723	0,6830587	0,9400513	0,8483742	1,043276	0,7706191	0,764281	0,5880447	0,6442906	0,8172952	0,7300861	0,7758309	0,6415362	0,5346856	0,6131294	0,6311367	0,8533558	0,5215158	0,4714518	0,5896356	0,6074848	0,68691	0,6754873	0,6477389	0,7003798	0,7572274	0,7122921	0,5731072	0,5527555	0,656863	0,673611	0,5152388	1,106831	0,6142575	0,7740352	0,6841714	0,7088369	0,7663382	0,5429559	0,6341528	0,5527346	0,7125884	0,7345867	0,6485153	0,6913613	0,7793503	0,5944868	0,7787847	0,8187227	0,9733407	0,6418794	0,4215462	0,7775107	0,7445307	0,8219039	0,989474	0,7227844	0,7964507	0,7894006	0,8493857	0,5670912	0,4882943	0,8011528	0,6421472	0,5887671	0,5093211	0,6322485	0,6369333	0,6697952	0,7859995	0,6884297	0,8649148	0,6058821	0,5992573	0,9720647	0,6468121	0,6142946	0,6965073	0,6574205	0,6502975	0,7105861	0,9738948	0,6716322	0,6444611
16.05.2020 22:56:00	36	1,386455	1,348129	0,9813146	1,342893	1,133183	1,493729	1,270952	1,123127	1,258265	1,20528	1,200961	1,292692	1,048957	1,28346	1,085831	1,579947	1,125299	1,050632	0,8311251	0,9103261	1,12459	0,9595642	1,197062	0,9431852	0,7611156	1,102487	0,9203463	1,202302	0,8043767	0,8327394	0,9061782	0,9353018	0,9964312	0,9830716	1,047003	0,9696239	1,163788	1,004997	0,8279575	0,8307455	0,9766114	0,9478389	0,7597738	1,326188	1,028475	1,067422	1,108226	1,186612	1,178541	0,7762489	0,9892638	0,8579312	1,109582	1,133049	1,052273	1,053977	1,071691	0,9150228	1,123785	1,233101	1,575971	1,09772	0,6751565	1,082703	1,112169	1,182137	1,246317	0,9935068	1,300511	1,128003	1,444488	0,7895063	0,7940938	1,291201	0,9569996	0,9219036	0,8550298	0,9463518	0,8758745	1,002736	1,252219	0,9864363	1,124393	0,8892469	0,9450421	1,498653	0,8849483	0,9140356	1,05688	1,051797	1,032791	1,060881	1,350159	1,025329	0,9584796
17.05.2020 01:56:00	39	1,857551	1,896942	1,283838	1,907972	1,463317	1,796141	1,820052	1,634104	1,785913	1,708089	1,591928	1,887891	1,662851	1,603212	1,472783	2,044619	1,747115	1,613551	1,195939	1,408035	1,672493	1,338587	1,561309	1,206176	1,026233	1,606027	1,210571	1,652282	1,228654	1,064748	1,267395	1,338676	1,332196	1,562461	1,536638	1,513831	1,664296	1,654963	1,054704	1,161743	1,381954	1,3382	1,157113	1,765552	1,461669	1,532333	1,485722	1,406346	1,587737	1,115868	1,460961	1,166081	1,504452	1,921713	1,488364	1,494197	1,450465	1,191274	1,354715	1,772235	2,484066	1,503831	0,9636569	1,444178	1,405665	1,597182	1,614946	1,310925	1,574795	1,570552	1,952812	1,035489	1,166358	1,536757	1,217741	1,338016	1,226513	1,557696	1,286518	1,386219	2,045622	1,504574	1,569848	1,187006	1,43984	2,231981	1,312098	1,289304	1,524463	1,437117	1,583415	1,402792	1,779852	1,453353	1,337209
17.05.2020 04:56:00	42	2,241999	2,513317	1,595229	2,201107	2,038692	2,154311	2,448099	2,535239	2,242848	2,093644	2,046944	2,406025	2,114909	2,182214	1,880214	2,851149	2,042019	2,089584	1,667198	1,731236	2,162213	1,612747	1,952092	1,562781	1,365425	2,258508	1,583943	2,258904	1,682842	1,370795	1,691798	1,804719	1,776909	2,264485	1,992958	1,807838	2,093481	2,051852	1,575267	1,638875	1,984069	1,679643	1,588798	2,309722	2,092816	2,513989	1,990018	1,792863	2,341781	1,54925	2,067779	1,590039	2,069	2,251067	2,006636	1,881095	2,043036	1,692824	1,861816	2,293409	3,63847	1,930077	1,196388	2,007364	1,925811	2,077543	1,953158	1,640836	1,961821	1,987768	2,617556	1,149627	1,44822	2,248872	1,575617	1,646175	1,73591	1,956696	1,504742	1,860269	2,680344	2,314562	1,981341	1,559757	1,977882	2,88563	1,95388	1,58428	2,244375	1,898248	2,083486	1,815041	2,190731	1,862618	1,636051
17.05.2020 07:56:00	45	2,709335	2,937952	2,001748	2,567037	2,519513	2,722089	3,068258	3,180821	2,94088	2,491948	2,705345	3,210632	2,640459	3,061585	2,351481	3,318677	2,350601	2,642831	2,011293	2,145349	2,619768	2,074428	2,445631	2,293314	1,794155	2,816259	1,809404	2,896442	2,090847	1,688412	2,24095	2,413051	2,536665	2,55429	2,50691	2,880791	2,650714	2,785774	2,047373	2,082502	2,496121	2,304677	1,939627	3,129238	2,496255	3,086324	2,597835	2,277337	2,483103	2,032178	2,461142	1,903755	2,714964	2,865025	2,47971	2,787221	2,615237	2,124077	2,254517	3,072059	4,502841	2,341584	1,647843	2,608728	2,515874	2,582592	2,322605	1,861186	2,396975	2,860037	3,194466	1,331872	1,708452	2,610725	1,92415	2,35344	1,99109	2,258514	1,899067	2,413282	3,260338	2,769375	2,697528	1,963288	2,361694	3,599464	2,700867	1,933392	2,730868	2,133935	2,569291	2,322679	2,662304	2,155623	2,221313
17.05.2020 10:56:00	48	3,387849	3,574038	2,419889	3,321226	3,07218	3,342545	3,806532	3,909251	3,648222	3,383975	3,203375	3,763066	3,241758	3,48615	2,810688	3,769607	2,726262	3,132131	2,348779	2,591596	3,137638	2,586328	2,721011	2,953209	2,290114	3,169148	2,062551	3,303234	2,522203	2,147151	2,781714	2,787026	2,974806	3,03171	3,167129	3,306107	3,232978	3,526086	2,385927	2,562074	3,079671	3,076784	2,134305	3,644186	3,023692	3,656066	3,213233	2,743741	2,678869	2,611506	2,874441	2,241898	3,132254	3,318299	2,648231	3,086625	3,53562	2,43786	2,99666	3,667311	4,872311	2,784354	1,976248	3,089609	2,792053	3,035274	2,423576	2,458884	2,958766	3,477829	3,398238	1,507373	2,169415	3,075649	2,103877	2,798632	2,260849	2,626534	1,99515	3,067129	3,885622	3,233145	3,340282	2,256007	2,863765	3,834214	3,073252	2,215438	3,255676	2,658962	2,969532	2,777362	3,036908	2,521497	2,567585
17.05.2020 13:56:00	51	3,862574	4,228305	3,158817	3,76261	3,873747	3,5097	4,308455	4,547432	4,050068	3,732399	4,069139	4,133409	3,690075	3,605955	3,677728	4,251196	3,066199	3,411397	2,655244	2,831985	3,516563	3,019319	3,228512	3,221342	2,881631	3,388638	2,275203	3,679219	3,161988	2,512491	3,20036	3,500584	3,321586	3,778723	3,55819	3,717152	3,284458	4,088551	2,899845	2,757718	3,55652	3,442815	2,221646	3,965289	3,436789	4,823203	3,477924	3,345489	3,049662	3,017519	3,218975	2,511854	3,651845	3,677723	2,869	3,248973	3,912604	2,760198	3,215255	3,966257	5,34272	2,904181	2,536447	3,582255	3,280866	3,608056	2,693044	2,641836	3,501125	3,876832	3,914354	1,815503	2,439908	3,518823	2,466958	3,04314	2,616144	2,88825	2,312571	3,51634	4,190378	3,785051	3,653284	3,103247	3,103936	3,790661	3,176462	2,523491	3,634493	2,908569	3,46927	3,388481	3,368665	2,950814	3,12555
17.05.2020 16:56:00	54	4,076757	4,547438	3,417685	3,925341	4,230139	4,354086	4,61529	5,020537	4,446941	4,123889	4,36435	4,828474	3,901473	3,877879	3,832585	4,31671	3,364474	3,678911	2,778293	3,28424	3,801536	3,43909	3,258185	3,789352	3,18689	3,548782	2,314837	4,221006	3,357303	2,974372	3,435514	3,842293	3,655128	3,67696	3,544816	4,041718	3,411554	4,608585	3,051336	2,891093	3,881232	3,505263	2,252596	4,071537	3,555925	5,352453	3,747406	3,879417	3,407776	3,171618	3,40211	2,705964	4,215726	3,728297	3,031396	3,474409	4,231149	2,98191	3,334088	4,444132	5,316854	3,209573	2,755155	3,70406	3,841021	3,756456	2,994198	2,953226	4,027523	4,273564	4,062644	2,206657	2,60768	3,554955	2,584094	3,545314	3,171229	2,814918	2,476281	3,730369	4,445935	3,838561	4,005833	3,181675	3,294206	3,900245	3,247797	2,50296	4,036501	3,188667	3,709646	3,683576	3,67363	3,157056	3,358593
17.05.2020 19:56:00	57	4,31079	4,566871	3,719045	4,080113	4,535687	4,975706	4,757862	5,383607	4,453736	4,292362	4,672306	4,899641	4,196243	4,230265	3,987188	4,394863	3,594253	3,964259	2,948452	3,533313	3,952245	3,575583	3,749885	4,099216	3,24772	3,740593	2,329558	4,464356	3,742957	3,164574	3,530039	3,917338	4,171618	3,937781	3,683603	4,248706	3,435772	4,772153	3,385258	2,868273	4,347644	3,890654	2,3097	4,47342	3,796322	5,310092	3,942464	4,356477	3,478746	3,365707	3,482839	3,11083	3,977473	3,891079	2,873564	3,539955	4,438887	3,260922	3,533213	4,410079	6,134772	3,221732	2,753374	3,603356	4,004395	3,969965	3,262821	2,929075	4,639608	4,262666	4,332106	2,360543	2,583669	3,857374	2,728842	3,432393	3,169579	2,603478	2,551738	4,007007	4,808303	3,980772	4,325711	3,154381	3,617433	3,959854	2,994103	2,527111	4,307746	3,267145	3,934126	3,934336	3,852364	3,357038	3,500572
17.05.2020 22:56:00	60	4,291018	4,607459	3,964178	4,121809	4,821081	5,280441	4,886551	5,507633	4,461211	4,333078	4,593089	5,062772	4,243944	4,267397	4,258488	4,537961	3,845217	4,022423	3,094785	3,66416	4,448745	3,67734	4,222126	4,504198	3,451626	3,633482	2,27899	4,655687	3,831554	3,361381	3,514699	4,039769	4,526949	4,238951	4,181039	4,579767	3,304304	5,145864	3,603142	2,521661	4,675296	4,080965	2,410167	4,719386	3,909387	5,402087	4,085701	4,905227	3,26483	3,474246	3,433623	3,231458	4,114537	4,090235	2,764307	3,471883	4,332393	3,332024	3,838988	4,413235	5,976859	3,262986	3,007851	3,486639	4,49215	4,246491	3,436499	3,216383	4,900154	4,349022	4,226437	2,216014	2,503169	3,867145	2,642862	3,338979	3,141338	2,510759	2,508727	3,939281	4,824966	4,036672	4,463793	3,293729	3,583753	3,884831	2,921486	2,482608	4,399164	3,102596	4,015863	4,091173	3,978286	3,267126	3,512545
18.05.2020 01:56:00	63	4,170914	4,678483	3,926033	4,05471	4,887791	5,099242	4,681318	5,32847	4,372593	4,159555	4,879952	5,18624	4,094576	4,273981	4,122564	4,256955	3,718407	4,011607	3,189868	3,66028	4,622561	3,715995	4,553118	4,711792	3,413468	3,43876	2,21599	4,550625	3,849651	3,335057	3,553771	4,063315	4,533978	4,246819	4,295628	4,51817	3,212034	5,12994	3,802895	2,322096	4,609106	4,046485	2,450508	4,884075	3,816826	5,162149	4,31645	5,169843	3,153307	3,301586	3,385233	3,221089	4,135828	4,1617	2,731164	3,586991	4,204125	3,327202	3,853282	4,231344	6,014353	3,349028	2,994485	3,210073	4,518725	4,584697	3,439671	3,456941	4,989968	4,25991	4,147186	2,381802	2,552077	3,946028	2,446851	3,254196	3,203298	2,368515	2,372381	3,98975	4,754447	4,149473	4,332406	3,224977	3,545519	3,909353	2,782747	2,239141	4,681616	3,131241	3,96087	4,092635	3,857839	3,177551	3,418002
18.05.2020 04:56:00	66	3,933616	4,578032	3,889266	4,203588	4,747088	4,915968	4,588002	5,030904	4,268241	3,925039	4,827034	5,252084	3,885268	4,032804	4,253519	3,990157	3,795913	3,843223	2,992423	3,560428	4,598067	3,457696	4,618318	4,524276	3,043342	3,308546	2,171746	4,67106	3,920528	3,346535	3,247238	4,037939	4,840238	4,078535	4,346618	4,579224	2,867262	4,86431	3,771135	2,048587	4,648735	4,049661	2,222986	4,820072	3,806671	5,070997	4,295705	4,902451	2,806374	3,145144	3,064768	3,129833	3,975326	3,903485	2,512129	3,456114	3,867346	3,245142	3,7119	4,266836	5,945839	3,292725	2,721151	2,887698	4,360965	4,490439	3,579473	3,380651	5,159029	4,243733	3,850153	2,245701	2,284718	3,703086	2,33516	3,197885	2,863519	2,400733	2,204055	4,043308	4,742974	4,196822	4,078228	3,073478	3,196108	4,222841	2,625315	2,055055	4,31841	3,170051	3,525448	3,991236	3,670018	3,150847	3,227248
18.05.2020 07:56:00	69	3,792922	4,179241	3,756978	3,968006	4,493906	4,602181	4,318446	5,088668	4,057237	3,839376	4,576056	5,095166	3,660245	3,688379	4,197395	3,757582	3,512477	3,999423	2,914185	3,752522	4,791904	3,329611	4,238033	4,481634	2,784199	3,120659	2,035603	4,53187	3,421004	3,076278	3,179012	3,889201	4,895989	4,013776	4,396905	4,217056	2,880254	4,537116	3,606936	1,888122	4,52957	4,002287	2,024467	4,796413	3,696247	5,478119	4,117165	4,939205	2,512194	2,917089	3,013762	3,053176	3,832695	3,57982	2,513865	3,071927	3,8258	3,120732	3,434957	4,305384	6,03395	3,026076	2,51613	2,734961	3,939068	4,33485	3,349443	3,20636	4,802891	3,807554	3,502086	2,255213	2,057774	3,475969	2,221504	3,099079	2,605949	2,258054	2,058143	3,908991	4,339458	3,897041	3,81794	2,70516	2,885822	4,163092	2,449695	1,950624	4,292165	3,003619	3,364576	3,737759	3,420284	2,929836	2,97557
18.05.2020 10:56:00	72	3,587603	3,747957	3,654717	3,795912	4,257376	4,423263	3,779867	5,128505	3,875176	3,737876	4,107221	5,262499	3,471855	3,59504	4,198252	3,367301	3,598248	3,757768	2,926244	3,481889	4,711895	3,132895	4,066441	4,431922	2,641205	3,22022	1,967182	4,525909	3,111422	3,20486	2,966301	3,710683	4,702948	3,790696	4,549091	4,053444	2,48839	4,362353	3,84261	1,692012	4,257461	3,94268	1,944628	4,240836	3,662859	5,381877	3,82179	4,716412	2,303841	2,663717	3,110077	2,832142	3,516694	3,654569	2,322272	2,940298	3,418021	3,048637	3,160317	4,316624	5,864905	3,049842	2,279607	2,672131	3,665338	4,190319	3,377876	2,995889	4,512448	3,685774	3,421046	2,09261	1,624072	3,148858	2,047744	3,1102	2,349055	2,036736	1,811453	3,680515	3,690903	3,759665	3,461142	2,476777	2,805719	4,368649	2,282409	1,850519	4,197185	2,519287	3,261418	3,673671	3,160718	2,704675	2,729656
