Vessel Name: 09062020_InCu_KaKr_KK1-76_P2_8
Metric: GFP Integrated Intensity / RFP Integrated Intensity
Cell Type: 
Passage: 0
Notes: 
Analysis: KaKr-A549-H2B-GFP/-RFP_DEFv10

Date Time	Elapsed	MSR1	MT1H	MT1HL1	MT1M	MT2A	MX1	MX2	MYCL	MYD88	NCOA7	NEXN	NKX3-1	NMI	NT5C3A	NUPR1	OAS1	OAS2	OAS3	OASL	OGFR	P2RY14	PALM2-AKAP2	PAQR8	PARP10	PARP11	PARP12	PARP14	PARP9	PCDH17	PDCD1LG2	PDZD2	PGAP1	PHF11	PID1	PIWIL4	PLEKHA4	PLSCR1	PLXDC2	PMAIP1	PNPT1	POLD1	POLI	PPM1K	PSMB8	PSMB9	PTAFR	RAI14	RARRES3	RASA2	RASGEF1B	RASGRP3	RGL1	RGS1	RHBDD2	RIN2	RNF213	RTCB	RTP4	RUFY4	S100A4	SAMD9	SAMD9L	SAMHD1	SDS	SECTM1	SERPINA1	SERPINB13	SERPINB3	SERPINB4	SERPING1	SIGLEC1	SLAMF7	SLC11A1	SLC15A3	SLC16A10	SLC1A5	SLC25A28	SLFN12L	SLFN5	SOCS1	SP100	SP110	SREK1IP1	Mx2	STAT1	MAVS	BST2	EIF2AK2	RSAD2	NTC1	NTC2	NTC3	NTC4	NTC5
09.06.2020 10:43:00	0	0.01658169	0.0144831	0.01040789	0.01479751	0.01797462	0.01223203	0.01067338	0.009532555	0.01343792	0.01214035	0.006825448	0.009302717	0.009990375	0.01302043	0.01252121	0.01120552	0.01038554	0.01075261	0.01123214	0.01118049	0.009290003	0.007678538	0.01182314	0.01316548	0.009498877	0.01023337	0.008027099	0.008881741	0.007159246	0.007942261	0.007449211	0.009787063	0.01019379	0.008314518	0.009809699	0.01105408	0.008732848	0.006763397	0.007843295	0.007295306	0.00837644	0.02751339	22.91881	0.01049646	2.683233	131,4152	4.583935	91.70672	0.007805891	0.006354936	0.0069494	0.008092462	0.00884573	0.008941828	0.007713842	0.006722696	0.01643041	0.009772277	0.01086017	0.01025619	0.007229867	0.007766705	0.01004173	0.009820398	0.0105749	0.4998394	2.302883	1.016224	84.48203	16.51059	83.66421	0.01172578	0.008857011	0.00836781	0.01269085	0.008089268	0.009836006	0.01066599	0.007239435	0.009653725	0.007992627	0.007540746	0.01012112	0.009243461	0.008012199	0.01141289	0.01186906	0.008537041	0.00881981	0.007044672	0.006561722	0.005911337	0.006623066	0.008353504
09.06.2020 13:43:00	3	0.01594789	0.01414957	0.009604044	0.0139089	0.01841397	0.01220699	0.009874706	0.009321519	0.01286019	0.01191893	0.006540957	0.01017518	0.009365237	0.01063986	0.01234132	0.01193979	0.01039273	0.0112484	0.01135629	0.01011601	0.008154168	0.007726807	0.01075056	0.01232062	0.008346544	0.01069979	0.007774892	0.008616683	0.007857813	0.008670514	0.007004167	0.009182994	0.01034421	0.007944436	0.007803252	0.01149581	0.007710988	0.007172945	0.008287683	0.008972987	0.008538013	0.02950102	47.05864	0.0102176	5.512669	248,5497	5.814097	188.1562	0.007067909	0.006092699	0.007457897	0.007551396	0.008035888	0.00827394	0.007835874	0.00786545	0.0156309	0.008514452	0.01102271	0.009025472	0.007373986	0.007749704	0.0103389	0.009606832	0.009788784	0.7429491	4.964497	2.435512	206.3221	34.86975	156.7268	0.01187288	0.008519644	0.008367726	0.01300398	0.00917722	0.009704793	0.01058123	0.007518922	0.009563623	0.008094826	0.007457325	0.009661432	0.008684218	0.007609622	0.01003878	0.01050739	0.007044794	0.007342875	0.006175884	0.006486999	0.005129929	0.006549125	0.009243566
09.06.2020 16:43:00	6	0.01453193	0.01265488	0.009587646	0.0138043	0.01643991	0.01020497	0.009466914	0.00885682	0.0125565	0.01200381	0.006963126	0.01018373	0.008887175	0.009715991	0.01065453	0.01092959	0.01011055	0.01013023	0.009816458	0.01093987	0.008455894	0.006542617	0.009733899	0.01159435	0.008015049	0.009133587	0.006694541	0.007544055	0.006962693	0.007586477	0.006193366	0.007954198	0.008922676	0.006574696	0.007698501	0.0101056	0.007194236	0.007171446	0.007665896	0.007953107	0.007280691	0.02734796	49.97143	0.00861737	4.884901	 	5.875389	248.4209	0.006029852	0.005288278	0.00737735	0.006477619	0.007107266	0.007887417	0.007058157	0.007296837	0.01331504	0.007550574	0.009933549	0.008228784	0.005647581	0.006521236	0.008997925	0.007986269	0.008382875	0.6445161	4.006574	2.023839	292.3256	35.98421	236.8028	0.01081935	0.007199127	0.00810851	0.01284996	0.008902142	0.01066407	0.009156862	0.007255632	0.008643899	0.006620212	0.007447474	0.00930712	0.007966993	0.00823395	0.01064447	0.01040614	0.006906526	0.007933276	0.005955526	0.005981163	0.004607812	0.007028433	0.008890482
09.06.2020 19:43:00	9	0.01423	0.01305459	0.00975037	0.01355984	0.01688931	0.01110135	0.009374009	0.01007825	0.01252807	0.01318555	0.006874884	0.01101283	0.009244543	0.01069504	0.01066361	0.01062171	0.01068647	0.009027767	0.00966222	0.0118795	0.008267452	0.006803355	0.01090524	0.01211	0.008865134	0.009600811	0.006791734	0.007312585	0.006776553	0.007312659	0.006023582	0.007948956	0.009007014	0.006363557	0.008328783	0.01103834	0.00738558	0.007929202	0.008125364	0.007071584	0.0073813	0.02789469	35.11632	0.008957116	3.662076	183,9653	4.473802	163.9267	0.006474542	0.006371869	0.00960963	0.006824239	0.007568546	0.007756158	0.006830567	0.007082446	0.01246744	0.007234336	0.01012279	0.008761076	0.005303099	0.006206098	0.009484068	0.008037504	0.007713341	0.5497946	3.022418	1.696114	140.9395	25.68324	151.0722	0.01134182	0.006540836	0.008369362	0.01372812	0.008773394	0.009302702	0.009064998	0.007147899	0.008162752	0.006400229	0.007451972	0.009159841	0.008072951	0.01018125	0.0103368	0.01105761	0.008391694	0.008797519	0.00649808	0.005954867	0.004691861	0.007687585	0.009099306
09.06.2020 22:43:00	12	0.01439388	0.01463418	0.01133607	0.01518812	0.01707691	0.01295447	0.01080966	0.01328176	0.01336459	0.01786234	0.008874817	0.01261041	0.01039236	0.01560546	0.01086905	0.01225	0.01190051	0.01075471	0.01139504	0.01329396	0.01058633	0.01003198	0.01505406	0.01540396	0.01096357	0.01210263	0.00874617	0.008008933	0.008563907	0.008860704	0.007055509	0.009966495	0.01081193	0.007117289	0.01035908	0.01153919	0.01014607	0.01258918	0.01210146	0.008513924	0.007381363	0.03570442	30.45171	0.01081268	2.981442	156,7618	3.324301	154.449	0.00818137	0.007338693	0.01194929	0.009919995	0.0089639	0.008655178	0.009475347	0.009487848	0.01280193	0.008384153	0.01042413	0.0100026	0.006285215	0.007207577	0.01089044	0.009869172	0.00822454	0.4910116	2.403456	1.423227	119.5293	23.75525	137.7695	0.01234285	0.008159376	0.01131035	0.01596945	0.01081582	0.01049584	0.009705824	0.009228703	0.008937575	0.008228702	0.009013832	0.01052291	0.009139162	0.01387769	0.01201851	0.01501657	0.01088118	0.01061733	0.008043236	0.007441235	0.006894756	0.01121996	0.01091565
10.06.2020 01:43:00	15	0.0193386	0.01815351	0.01717172	0.01868175	0.02003952	0.01755884	0.01504583	0.02136625	0.01734102	0.02233813	0.01455154	0.01851956	0.01508626	0.02556004	0.01433385	0.01780805	0.01696859	0.01323256	0.01535801	0.01894973	0.01579001	0.0174917	0.02160184	0.02337874	0.01621831	0.01891713	0.0138973	0.01229337	0.01401611	0.01425187	0.01097274	0.0161517	0.01614665	0.01033254	0.01691584	0.01484497	0.01800429	0.02055108	0.0213721	0.01373994	0.01153605	0.04994737	22.9379	0.01863254	2.482764	134,494	2.981754	152.0116	0.01264988	0.01254413	0.02085306	0.01464162	0.01383782	0.01313988	0.014866	0.01654766	0.01469076	0.01123654	0.01432223	0.01625073	0.009545376	0.01033392	0.01514374	0.01608093	0.01125825	0.4836721	1.827479	0.9866334	107.7576	22.41937	121.2709	0.01644456	0.01236393	0.01642762	0.02246934	0.01565567	0.01560028	0.01366094	0.0154633	0.01128379	0.01232194	0.0142854	0.01511119	0.01433193	0.0264324	0.01518786	0.02316014	0.01857931	0.01726137	0.01318491	0.01127717	0.01261373	0.0158088	0.01543606
10.06.2020 04:43:00	18	0.02902736	0.03070357	0.02876336	0.02738612	0.02794145	0.03030524	0.02331475	0.03317316	0.03093511	0.03672136	0.03279764	0.03328679	0.0280762	0.04425816	0.02450571	0.03284999	0.03060688	0.02208181	0.02656757	0.03527834	0.02900789	0.03296572	0.03383084	0.03902841	0.03470085	0.0345498	0.02724987	0.02071022	0.03005319	0.02939547	0.02064965	0.03272829	0.03009513	0.01888013	0.0343166	0.02298692	0.04047197	0.03828432	0.03759655	0.02583901	0.0231254	0.08992907	20.30201	0.03513386	2.223794	111,7054	3.102607	153.0493	0.02701557	0.02678388	0.03655438	0.02644673	0.02506401	0.02524599	0.02389352	0.03203283	0.02026563	0.01943052	0.02581021	0.03249716	0.01843826	0.02001249	0.0240272	0.03019973	0.01891008	0.4048676	1.750564	0.8813123	89.30604	23.22758	122.2382	0.02895061	0.02621277	0.03121188	0.0354646	0.02891204	0.02776392	0.02547506	0.02980819	0.01961828	0.02195768	0.02771337	0.02892265	0.02665782	0.056437	0.0264752	0.03989099	0.03752078	0.02962484	0.02604459	0.02145871	0.02707833	0.02686024	0.02358201
10.06.2020 07:43:00	21	0.05434916	0.05889372	0.05339708	0.04799566	0.04808713	0.05716811	0.04394893	0.06144958	0.05989469	0.06859179	0.0565438	0.06844671	0.05168496	0.07697998	0.04754295	0.0630235	0.06000804	0.04021392	0.05330959	0.06858224	0.06055003	0.0641206	0.06162288	0.07175662	0.07545181	0.07410345	0.05728555	0.04405533	0.06573437	0.06269004	0.04541148	0.06097046	0.06783185	0.04388984	0.06785073	0.04333398	0.08356261	0.07400883	0.05896578	0.05240565	0.0536794	0.1569678	17.52513	0.0730546	1.816339	105,1145	2.79955	163.8951	0.061301	0.05424727	0.07079182	0.0476713	0.04906245	0.04979181	0.05217667	0.06524264	0.03157816	0.04107903	0.05535776	0.06269048	0.03769338	0.04203818	0.04332128	0.05815151	0.03818545	0.3625075	1.440989	0.7690276	93.94086	23.24317	116.4247	0.06162802	0.05703581	0.05573504	0.05764314	0.05424839	0.05243338	0.04669847	0.06230513	0.03659986	0.04352959	0.05946196	0.05770434	0.0570277	0.1112502	0.05406291	0.07650297	0.07508841	0.05737436	0.05412613	0.04551825	0.05430093	0.04952016	0.0433609
10.06.2020 10:43:00	24	0.09234525	0.1118503	0.0997971	0.08688524	0.0921371	0.09646183	0.09341045	0.1172188	0.1145992	0.1194508	0.1247782	0.1201489	0.1033977	0.1481034	0.09518529	0.1269852	0.1103088	0.07818391	0.1094985	0.1231315	0.1200702	0.1172281	0.1102337	0.1330195	0.1451864	0.1510058	0.1064844	0.09544309	0.12416	0.1245257	0.09128728	0.1125645	0.1376736	0.09197918	0.1194499	0.08533862	0.1537572	0.1588243	0.1084078	0.1039334	0.1202769	0.2569729	15.59732	0.1421414	1.627849	102,6911	2.57313	192.1713	0.1140439	0.111687	0.1253809	0.09741932	0.09486999	0.08932719	0.09830498	0.1173148	0.05606548	0.07634865	0.1099214	0.1185256	0.07734888	0.07821251	0.07890199	0.1162861	0.08196613	0.3677613	1.400196	0.6949209	86.89896	26.13971	101.4691	0.1219602	0.109965	0.1082711	0.1159112	0.1091619	0.1023658	0.0890732	0.1216114	0.07554142	0.08271959	0.1122111	0.1070703	0.1145189	0.2088404	0.112739	0.1499558	0.1381817	0.1148025	0.1056055	0.09797441	0.105746	0.09408253	0.08261479
10.06.2020 13:43:00	27	0.1623469	0.1846208	0.1893052	0.1586115	0.1657456	0.2010541	0.1702484	0.2348758	0.2018656	0.2119987	0.1831882	0.2141147	0.1864109	0.2682295	0.1703628	0.2423114	0.2084065	0.1477397	0.2182126	0.2057353	0.2179116	0.2170018	0.1770689	0.2564549	0.2805353	0.263857	0.1936406	0.1775497	0.2181089	0.2202966	0.1766081	0.2053152	0.2394522	0.1774166	0.2347347	0.1622078	0.2697335	0.2726712	0.1956347	0.2054586	0.2430328	0.4594837	14.07979	0.2454326	1.734625	100,8148	2.349703	204.9083	0.2133678	0.2130495	0.2059934	0.1842681	0.1688623	0.1625308	0.2077799	0.1930987	0.1177526	0.1413342	0.2035748	0.2358957	0.1469304	0.1558286	0.1528161	0.2038174	0.1492211	0.2979219	1.441991	0.7930894	92.50388	25.80052	120.3311	0.228268	0.1901373	0.2069455	0.2192504	0.196185	0.1991028	0.164499	0.220631	0.146495	0.1608423	0.204905	0.1813788	0.2210172	0.3917685	0.2030258	0.2825458	0.2611362	0.18023	0.1980955	0.1779836	0.1884774	0.1789286	0.1596
10.06.2020 16:43:00	30	0.2624557	0.3392097	0.3319464	0.2822973	0.2538724	0.3491994	0.2900779	0.3468917	0.3521632	0.3576055	0.3047573	0.3504384	0.3795277	0.4203748	0.2867112	0.4090834	0.3592318	0.2744634	0.3634669	0.3694404	0.395418	0.3770355	0.3202066	0.4105542	0.4701788	0.4294682	0.316626	0.295683	0.3773642	0.3466406	0.3305303	0.3797489	0.4010302	0.3671401	0.3699883	0.2718416	0.4594661	0.3847742	0.3350017	0.3485006	0.4120142	0.6785722	12.07525	0.3933792	1.750447	90,61117	2.198293	237.813	0.3562687	0.3762918	0.3763246	0.3550621	0.2674874	0.2907519	0.319057	0.3310346	0.2050488	0.2543816	0.3429777	0.38508	0.250698	0.2625917	0.2756001	0.316056	0.2587188	0.3372747	1.335508	0.7043284	90.24087	28.02507	138.3398	0.3843005	0.3317612	0.3190752	0.3294021	0.3253749	0.3540068	0.2587131	0.3584701	0.2588081	0.3092847	0.3216535	0.2973796	0.3434724	0.6697862	0.3184278	0.4856851	0.6231182	0.3196133	0.3529861	0.311111	0.3118557	0.306841	0.3100108
10.06.2020 19:43:00	33	0.4100963	0.5073386	0.5207458	0.4295492	0.4210184	0.5598263	0.4763142	0.5956717	0.633738	0.5662873	0.4384757	0.5656294	0.5144026	0.6658755	0.4576811	0.6028638	0.5705579	0.4780922	0.5998879	0.5826559	0.6035645	0.5505064	0.4924934	0.6751201	0.709103	0.6877764	0.5194945	0.4663184	0.6271996	0.5970745	0.5318564	0.5983752	0.5658997	0.5735916	0.5340759	0.4215633	0.6840456	0.6410291	0.5536705	0.5489547	0.6233724	1.072363	11.37816	0.6773064	1.799534	97,76141	2.02564	258.6922	0.6137571	0.5964707	0.5753013	0.5312049	0.4231448	0.5031627	0.4654523	0.5144082	0.3166497	0.4144602	0.5349131	0.5519866	0.4098533	0.4478893	0.4881748	0.4920644	0.451964	0.5619361	1.207898	0.7000164	85.7353	24.36621	154.1379	0.6489953	0.5296062	0.5263156	0.5539654	0.5211104	0.575605	0.410116	0.5499939	0.480516	0.5073375	0.4989819	0.454771	0.5495193	1.20598	0.4947664	0.7228967	0.8744663	0.5016124	0.5195292	0.537602	0.5034508	0.4937809	0.4930196
10.06.2020 22:43:00	36	0.6298661	0.7889451	0.7664199	0.7826272	0.6743171	0.8960311	0.7785155	0.8849288	0.8502514	0.8510625	0.6529325	0.9116286	0.8358862	0.9597095	0.7189659	0.9727865	0.7945332	0.7215742	1.007619	0.8063238	0.865029	0.8051077	0.7322214	0.9349726	1.015938	0.9770125	0.8335332	0.7140063	0.912347	0.9016604	0.9357881	0.8928886	0.9593837	0.8965204	0.8391057	0.661014	0.9969578	0.9246235	0.8755398	0.8160782	0.9391351	1.561151	5.082825	1.056753	2.082107	98,29581	2.140759	296.0314	0.8879488	0.8879833	0.8018215	0.845605	0.6643586	0.7062992	0.784381	0.7442808	0.4895101	0.6223961	0.8079357	0.8751478	0.6225936	0.7799198	0.7127189	0.734431	0.6943644	0.5687887	1.099984	0.6647502	99.93142	32.15924	189.2826	1.050676	0.7708464	0.9329747	0.8825563	0.76789	0.8693337	0.64318	0.7909145	0.7156699	0.8596452	0.7879836	0.759773	0.8986822	1.788241	0.6874806	1.124723	1.28273	0.7630825	0.7676056	0.7630054	0.8503562	0.698589	0.7224613
11.06.2020 01:43:00	39	0.9135755	1.04844	1.060978	1.08986	1.065403	1.35716	1.05786	1.087984	1.195415	1.32972	0.9911466	1.110439	1.28652	1.28833	1.098847	1.350074	1.324742	1.030921	1.307224	1.128569	1.317184	1.162396	1.08028	1.292247	1.299484	1.323657	1.404401	0.9994137	1.512446	1.316553	1.32469	1.263232	1.282884	1.2291	1.189413	0.8877376	1.313454	1.267478	1.148826	1.338255	1.405583	1.930457	7.141518	1.441023	2.810149	47,51523	2.031318	319.2586	1.332247	1.246471	1.222908	1.284134	0.9912307	1.052811	1.116235	1.126011	0.7321413	0.9299033	1.220777	1.220464	0.9164351	1.192035	1.054047	1.121337	0.9868941	0.5025207	1.180017	0.6191593	97.91235	27.52436	183.4027	1.456663	1.155521	1.281431	1.277132	1.145371	1.392046	0.9425364	1.218657	0.9876582	1.174969	1.256384	1.096215	1.275807	2.42805	0.915246	1.654314	1.840865	1.078039	1.045673	1.002646	1.35587	1.025591	1.157218
11.06.2020 04:43:00	42	1.2606	1.282818	1.676819	1.579426	1.520688	1.753066	1.418268	1.569353	1.579675	1.921762	1.260643	1.477983	1.619792	1.861875	1.612924	1.860764	1.658649	1.395997	1.758763	1.523635	1.877891	1.715981	1.39353	1.628105	1.885431	1.944762	1.969995	1.485801	2.029211	1.710602	1.639736	1.715318	1.656603	1.795211	1.565957	1.242664	1.906363	1.69433	1.628469	1.822418	2.026587	2.547078	6.326036	1.825733	4.739155	92,20837	2.003988	305.5873	1.981679	1.740592	1.742246	1.821546	1.360775	1.576902	1.48114	1.661054	0.9632067	1.488174	1.632894	1.634251	1.331748	1.703124	1.484588	1.541063	1.646508	0.3010731	1.081126	0.6347592	89.75031	26.82673	177.8602	1.911629	1.521123	1.729646	1.893348	1.582783	1.855232	1.468215	1.883081	1.304055	1.623218	1.541041	1.563033	1.695672	3.148704	1.212652	2.10049	2.556545	1.557685	1.444201	1.309212	1.814633	1.485174	1.69474
11.06.2020 07:43:00	45	1.667349	1.672769	2.013802	1.923511	1.975616	2.283369	2.00065	2.036596	1.858715	1.9641	1.893568	2.021556	2.084713	2.28984	2.122432	2.45727	2.094164	2.033248	2.365441	1.790214	2.242586	2.21353	1.927675	1.935286	2.333107	2.398	2.480036	2.072346	2.708586	2.383553	1.961831	2.274796	2.342911	2.379156	2.062083	1.571905	2.776786	2.290802	2.290973	2.612748	2.700626	3.180312	5.736172	2.305123	8.442228	39,02405	2.062822	309.329	2.572779	2.151651	2.235285	2.341412	1.859167	1.915687	2.009593	2.287013	1.28429	2.073336	2.043462	2.054789	1.668464	1.971497	1.964905	1.810307	2.347471	0.308039	1.021367	1.032917	94.40243	25.74451	175.667	2.389016	2.159961	2.150275	2.29978	2.389099	2.639065	1.831762	2.569414	1.785125	2.005235	1.977095	2.125419	2.304879	3.545942	1.581985	2.616158	3.162308	2.109971	2.184716	1.776116	2.299301	2.064236	2.205071
11.06.2020 10:43:00	48	1.983237	2.043729	2.653363	2.400806	2.290099	2.469765	2.350855	2.486028	2.305505	2.346555	2.126164	2.382492	2.366475	2.784566	2.877323	3.079626	2.643872	2.613763	2.903339	2.235589	3.079081	2.681509	2.532878	2.584604	2.843349	3.010055	2.886567	2.783173	3.252371	2.856096	2.252897	3.100608	2.906508	3.284863	2.587675	2.067885	3.228812	3.214409	2.874037	3.20393	3.437787	3.733701	6.823928	2.681343	14.52142	116,9862	2.057426	418.9334	2.86624	2.739375	2.721697	2.720103	2.334762	2.366851	2.861863	2.86148	1.822707	2.85687	2.594823	2.362869	2.080428	2.517066	2.402221	2.261801	2.872604	0.3233469	1.186208	2.22208	109.386	33.0041	233.6209	2.777248	2.503763	2.465683	2.85411	2.921398	3.227147	2.14492	3.011568	2.25824	2.542453	2.55791	2.596185	2.937502	4.041698	1.879884	3.061267	3.914471	2.755625	2.605574	2.194823	2.901225	2.579091	2.76595
11.06.2020 13:43:00	51	2.689379	2.422836	3.09541	2.923322	2.805224	2.730281	2.980323	2.867045	2.845138	2.776089	2.701994	3.057011	2.680508	3.386909	3.204756	3.44846	3.205954	3.167846	3.206632	2.503562	3.54241	3.320742	3.062281	3.067068	3.365124	3.761456	3.402612	3.499816	3.862057	3.222236	2.39876	3.49009	3.585184	3.837383	3.022579	2.529246	3.859069	3.617351	3.305703	3.823482	4.0741	4.002208	5.483616	3.083828	21.10164	181,7175	2.408293	719.5124	3.357795	3.432628	3.420677	3.232489	2.692258	2.771599	3.12117	3.387239	2.174767	3.536647	3.033445	2.827909	2.431331	3.09686	3.072879	2.733215	3.227591	0.339658	1.204144	3.941742	176.3966	44.54766	409.9002	3.098619	2.924748	3.12653	3.446929	3.544057	3.873349	2.87694	3.510771	2.97756	3.196538	2.843949	3.343588	3.668502	4.324654	2.084453	3.500692	4.5809	3.413312	2.863655	2.55102	3.596277	2.801141	3.100527
11.06.2020 16:43:00	54	2.804178	2.605837	3.431834	3.01715	2.841158	2.691226	3.087865	3.188969	3.065022	3.119796	2.925343	3.258125	2.894987	3.400283	3.249414	3.888123	3.496614	3.251359	3.353975	2.729056	3.92546	3.41294	3.466361	3.377963	3.749925	4.155446	3.692209	4.133093	4.135496	3.202317	2.357012	3.86355	4.030643	4.200099	3.4179	2.925855	4.198807	4.07596	3.707158	4.44488	4.436892	4.605145	5.508588	3.438159	27.39276	138,428	2.018979	568.0813	3.727345	3.632467	3.713506	3.412304	3.191008	3.056998	3.383413	3.794489	2.474285	3.562049	3.601648	3.158093	3.007178	3.361588	3.39089	3.161371	3.528778	0.3946206	1.031628	6.665028	134.2531	40.83955	348.1353	3.265112	3.31234	3.626865	3.836646	3.727975	4.16171	2.996083	3.588688	3.545176	3.466072	3.305111	3.773404	3.810199	4.051068	2.310474	3.893451	5.35032	3.696354	3.141582	2.818671	3.722043	2.891834	3.31387
11.06.2020 19:43:00	57	3.00795	2.698392	3.624529	2.930327	2.920929	2.734248	3.483541	3.320155	3.17646	3.23941	3.133707	3.448907	3.035514	3.605382	3.179115	4.227438	3.799674	3.422434	3.431587	2.985645	4.266072	3.473395	3.860604	3.37161	4.095907	4.493793	3.90995	4.411411	4.280686	3.251966	2.390618	4.124241	4.225406	4.573543	3.790981	3.331432	4.102194	4.809334	4.082246	4.679043	4.311343	5.999238	3.551986	3.714654	29.81796	133,4135	1.978949	574.331	3.914879	3.778553	3.822375	3.577093	3.437275	3.293016	3.696802	3.664984	2.74009	3.797508	4.11159	3.307882	3.221786	3.459188	3.500253	3.36192	3.583916	0.2764638	1.100319	9.095172	137.9029	47.95394	389.1386	3.267035	3.814643	3.823649	4.019356	4.112425	4.119322	3.021982	3.740207	3.710295	3.752761	3.528703	4.230409	4.234381	4.170352	2.628313	4.142014	5.661345	3.810038	3.310359	3.375971	3.899342	2.937266	3.510201
11.06.2020 22:43:00	60	2.961202	2.799837	3.736118	3.085255	3.026501	2.541811	3.526366	3.277519	3.310437	3.259593	3.56715	3.800539	2.967415	4.042761	3.016567	4.271316	3.604543	3.459942	3.33635	3.064004	4.092953	3.619044	3.929248	3.470979	4.139767	4.367399	3.926844	4.351079	4.234889	3.12516	2.379786	4.101226	4.38282	5.037576	4.192345	3.472934	4.150678	5.06742	4.158285	4.669023	4.277303	6.438284	6.12171	3.758436	27.82159	137,4691	2.019412	653.4509	4.021709	3.733757	3.829595	3.682282	3.508003	3.275378	3.63542	3.640918	3.143714	3.942629	4.124002	3.606157	3.450999	3.54478	3.497584	3.562941	3.361741	0.2628624	1.000076	10.62097	131.1018	48.51054	357.9654	3.334701	4.097043	3.754616	4.096592	4.206151	4.124222	2.947361	3.677671	3.965813	3.939721	3.653218	4.1755	4.21232	4.422189	3.386478	4.195343	5.925674	4.107485	3.404138	3.685018	3.90789	3.038754	3.673665
12.06.2020 01:43:00	63	2.889451	2.559196	3.804909	2.923414	3.025169	2.558521	3.307366	3.360857	3.340797	3.321955	3.530937	3.890815	2.853459	4.037593	2.926108	4.192092	3.540958	3.576162	3.283993	3.040158	4.260745	3.543627	3.920708	3.213943	4.127364	4.375968	4.015279	4.198511	4.121097	3.168185	2.300205	4.066955	4.414975	5.100976	4.381738	3.939399	4.002789	5.086182	4.174109	4.515109	4.42539	6.545149	5.79815	3.664909	29.96772	135,8799	2.004949	598.2102	4.05692	3.688963	3.935491	3.59255	3.440815	3.176232	3.746287	3.752229	3.244265	3.822431	4.128766	3.758306	3.516077	3.602115	3.428311	3.774879	3.380359	0.2626227	0.9848843	15.11015	132.3023	53.87542	356.7457	3.190291	4.118651	3.703734	4.215858	4.526946	4.203548	2.922477	3.524492	3.880742	3.816247	3.647845	4.433418	4.25583	4.72402	4.141115	4.279777	5.900253	4.286243	3.23479	3.759829	3.773528	3.110856	3.749172
12.06.2020 04:43:00	66	2.688947	2.473311	3.842839	2.643615	2.889975	2.35923	2.892261	3.387556	3.352684	3.29223	3.620278	3.741302	2.666803	3.952351	2.586878	4.004289	3.154007	3.750393	3.103545	2.988735	3.980228	3.478633	3.840337	2.76099	3.951923	4.30109	4.014629	4.152369	4.189744	3.002809	2.121149	3.947607	4.282748	5.254443	4.100258	4.001094	3.732329	4.702463	4.100021	4.047926	4.428525	6.990344	5.68784	3.697254	33.27229	142,6489	1.927566	282.4349	3.881973	3.657743	3.70129	3.346463	3.290824	3.013166	3.522171	3.736881	3.020201	3.782954	4.032003	3.486922	3.368582	3.705581	3.120037	3.629874	3.421052	0.2573217	0.933936	14.54364	140.6263	55.48343	409.0859	3.019881	3.918921	3.557598	4.043555	4.387429	4.19005	2.84299	3.287185	3.629496	3.619252	3.46489	4.342941	3.967738	4.6395	4.377782	3.846895	5.490938	4.225037	3.237147	3.856611	3.664524	3.091263	3.709088
12.06.2020 07:43:00	69	2.583415	2.429793	3.56226	2.477148	2.884903	2.23617	2.57399	3.27706	3.31708	3.145953	3.487411	3.606661	2.502348	3.834792	2.269202	3.707989	2.837696	3.81367	3.008384	2.969618	3.624198	3.297013	3.68042	2.690461	3.786491	4.070465	3.754741	4.036559	3.963274	2.872754	1.917841	3.720872	4.262713	5.089176	3.938117	3.974262	3.463138	4.509698	3.889867	3.74677	4.136751	7.149858	4.631589	3.671636	39.22285	212,1295	1.938198	906.9843	3.653431	3.267751	3.481646	2.990288	3.106746	2.878505	3.281809	3.313015	3.13066	3.696051	3.646791	3.346957	3.154505	3.46085	2.75974	3.607299	3.156267	0.2494677	0.9652895	13.33561	162.4448	67.10045	530.0331	2.786276	3.741664	3.181286	3.637645	4.124549	4.177683	2.665038	3.289485	3.397217	3.514085	3.340794	4.026886	3.92707	4.80137	4.587599	3.833935	4.896856	4.121528	3.16555	3.587687	3.58521	2.938956	3.419233
