Vessel Name: 12052020_InCu_KaKr_KK1-67_AC1-3_P2_4
Metric: GFP Integrated Intensity / RFP Integrated Intensity
Cell Type: 
Passage: 0
Notes: 
Analysis: KaKr-A549-H2B-GFP/-RFP_DEFv10

Date Time	Elapsed	EZH1	FABP4	FAM105A	FAM107A	FAM110A	FAM20A	FAM46A	FAM72A	FBXO6	FCAR	FFAR2	FGL2	FOS	FPR2	GBP1	GBP3	GBP4	GBP5	GLIPR2	GLS	GMPR	GPC4	GPR141	GPR155	HAPLN3	HAVCR2	HELZ2	HERC5	HERC6	HES4	HESX1	HLA-B	HLA-C	HMHA1	HSH2D	IDO1	IFI16	IFI27	IFI35	IFI44	IFI44L	IFI6	IFIH1	IFIT1	IFIT2	IFIT3	IFIT5	IFITM1	IFITM2	IFITM3	IFNE	IFNG	IGF2BP3	IL15	IL15RA	IL1A	IL1RN	IL4I1	IRF1	IRF7	IRF9	IRG1	ISG15	ISG20	ITPKB	KCNE3	KLF7	LAG3	LAMP3	LAP3	LGALS3BP	LGALS9B	LILRA1	LILRA5	LRCH2	LRRC25	LY6D	LY6E	MAP3K1	MBD4	MCM2	BORCS8	MNDA	MS4A4A	Mx2	STAT1	MAVS	BST2	EIF2AK2	RSAD2	NTC1	NTC2	NTC3	NTC4	NTC5
12.05.2020 10:44:00	0	0.008256187	0.007109822	0.008004976	0.008550715	0.007677633	0.008329147	0.007723134	0.004699825	0.007544529	0.007348161	0.005343594	0.006382227	0.002166456	0.003880817	0.006779987	0.006480687	0.008230765	0.007804845	0.006386066	0.006233462	0.00670237	0.004651429	0.005331426	0.006191129	0.004103428	0.005642455	0.007156762	0.007179698	0.005500561	0.00672841	0.01330505	0.008368962	0.00567624	0.005279445	0.005473193	0.006016717	0.004307357	0.007529259	0.005381371	0.01390755	0.01201219	0.0128181	0.007835326	0.01874295	0.006227842	0.0137406	0.004069928	0.005834373	0.004480094	0.007321134	0.008970803	0.009115996	0.009010393	0.009252282	0.01293103	0.007257608	0.01314782	0.004328544	0.00489922	0.004305289	0.006606587	0.004588428	0.0159487	0.005122965	0.0140347	0.009091221	0.009460976	0.014665	0.007657696	0.005210141	0.02846532	0.006793549	0.004955163	0.007126127	0.01240792	0.01264384	0.007546068	0.007934044	0.006149533	0.007888555	0.00565394	0.007475716	0.0155833	0.007277998	0.004593541	0.004565975	0.004478578	0.005604089	0.007658336	0.00800377	0.006083488	0.00871411	0.004610869	0.006860381	0.00555834
12.05.2020 13:44:00	3	0.007741597	0.00749162	0.008631915	0.009197927	0.007841698	0.007736329	0.008045103	0.005538011	0.008344634	0.007220868	0.006758575	0.005480838	0.005452251	0.00278601	0.005499478	0.004926044	0.007889688	0.006526243	0.004867085	0.005028054	0.005396484	0.004649453	0.004845538	0.005588482	0.00340531	0.004066938	0.005653551	0.005682651	0.00353776	0.005032404	0.01037531	0.006790211	0.005255374	0.004741916	0.004732114	0.005000417	0.00404361	0.003853339	0.004312324	0.008333921	0.007959498	0.008568572	0.008349295	0.01277899	0.005748642	0.00980568	0.004051797	0.006029762	0.003641636	0.004297654	0.005042672	0.006894182	0.008817577	0.006654568	0.009805808	0.005174503	0.008510521	0.004027569	0.00320074	0.004890682	0.004413578	0.003786073	0.01067779	0.004007385	0.007480042	0.006905999	0.005509286	0.006700265	0.005865974	0.004384755	0.01678554	0.007026988	0.005253532	0.00572847	0.008518216	0.007842074	0.005257051	0.006357023	0.005795261	0.005816489	0.005214943	0.005629573	0.006909349	0.005339112	0.003718493	0.003637563	0.004172478	0.004789919	0.005937757	0.008984857	0.005890311	0.006859974	0.004774758	0.006281799	0.006235151
12.05.2020 16:44:00	6	0.007108692	0.007372206	0.00774548	0.009155106	0.007734894	0.007052832	0.007869837	0.005216844	0.007799218	0.007608101	0.006581415	0.005694368	0.005038406	0.002527695	0.004853184	0.004950759	0.007168228	0.00513611	0.00438887	0.004740661	0.005064758	0.004664746	0.004361905	0.005229204	0.002817572	0.003441436	0.00439532	0.003886734	0.003016837	0.004598884	0.008589778	0.005779583	0.005052818	0.003925253	0.003624351	0.003776236	0.003765156	0.003388106	0.004154752	0.004954642	0.005035785	0.005281669	0.007164367	0.007831092	0.005666461	0.006843672	0.004491737	0.005959662	0.003497486	0.003192486	0.003945742	0.005429023	0.007540157	0.006708843	0.01095721	0.005628478	0.005889217	0.003555364	0.003125897	0.005647963	0.004152391	0.003795385	0.006321511	0.004128776	0.005436941	0.00518947	0.00401265	0.004306609	0.005030912	0.004176229	0.009239675	0.006761496	0.004885623	0.004780645	0.006748056	0.004186426	0.005245865	0.006267895	0.005935004	0.0050332	0.005374635	0.005317066	0.005144991	0.00511629	0.003751792	0.003030186	0.003819619	0.0052674	0.005410338	0.009581348	0.006033417	0.006275952	0.005020137	0.006069759	0.006534506
12.05.2020 19:44:00	9	0.008089909	0.007597981	0.008245909	0.01140869	0.008499431	0.007676022	0.007444593	0.00568216	0.007260183	0.007790672	0.00710267	0.006035043	0.006140874	0.002315842	0.004936414	0.004895195	0.007101334	0.006466722	0.005234649	0.004828429	0.005095132	0.004839035	0.004630819	0.004935197	0.002609239	0.004659713	0.005296079	0.004828617	0.003231742	0.004009349	0.008753821	0.004904056	0.004593085	0.004046775	0.00447824	0.003460399	0.003637214	0.003700317	0.004386972	0.004776448	0.004343253	0.004307892	0.006894293	0.006263644	0.005812663	0.006164052	0.005553639	0.006981648	0.004437256	0.004040532	0.005220045	0.005743669	0.006749213	0.009362454	0.01000803	0.006812668	0.005777584	0.003776691	0.003794783	0.005821778	0.004515174	0.004564262	0.005045036	0.003958808	0.005499533	0.005403402	0.00393431	0.004405532	0.005135144	0.004327043	0.006095198	0.00607631	0.00474637	0.004275211	0.006334908	0.004279509	0.005532282	0.006885371	0.007524312	0.005531032	0.004704084	0.006205131	0.005353697	0.005091273	0.0039195	0.003265059	0.004216045	0.005342298	0.006290521	0.01118309	0.007146572	0.00667535	0.005324256	0.005647891	0.006131364
12.05.2020 22:44:00	12	0.01128528	0.009866229	0.01235804	0.01621393	0.01357044	0.0117314	0.008577828	0.008335814	0.009055115	0.01049169	0.0101172	0.009059157	0.009154233	0.002475217	0.007479248	0.005860604	0.009554896	0.007614216	0.008166003	0.006397882	0.00603332	0.006208788	0.005601069	0.006837628	0.003241086	0.006801935	0.007577553	0.007191787	0.004915336	0.005910689	0.01169357	0.006560719	0.006793484	0.005180903	0.004781814	0.004607565	0.005799721	0.006653342	0.006701612	0.006113977	0.005720303	0.005739727	0.008262947	0.008998607	0.008555057	0.009007075	0.01032953	0.008485372	0.00883925	0.004924888	0.009089766	0.007608748	0.008687659	0.0112556	0.01193374	0.009667174	0.008393208	0.005189063	0.005792315	0.007692487	0.007489929	0.008605558	0.007195925	0.004778575	0.005819448	0.00741684	0.005698605	0.005493523	0.007370305	0.00599052	0.006738775	0.008184633	0.005700037	0.006127553	0.008513653	0.006396399	0.007164591	0.008592023	0.01006993	0.00861629	0.006540117	0.008721384	0.006758944	0.005650358	0.005243002	0.004560472	0.006468928	0.007549123	0.009348741	0.01541985	0.01007328	0.01026812	0.008330686	0.006827754	0.007603216
13.05.2020 01:44:00	15	0.02193823	0.01767669	0.02317338	0.02671134	0.02604898	0.02159659	0.01413643	0.01571846	0.01380122	0.01742266	0.01689016	0.01725051	0.0129256	0.003795241	0.01480562	0.008159932	0.01639957	0.01311949	0.0177289	0.01158325	0.01024612	0.01259052	0.01002389	0.01259771	0.005431416	0.01300494	0.0141689	0.0140283	0.01039137	0.01024598	0.02196701	0.01103099	0.0113871	0.009254592	0.009561982	0.008034647	0.01157791	0.01583525	0.01256696	0.0100146	0.01154378	0.01170674	0.01554887	0.01786882	0.01440517	0.01666384	0.02220571	0.01287349	0.0167913	0.009994144	0.01447161	0.0120422	0.01436356	0.01746992	0.02247533	0.0152211	0.0141692	0.01121196	0.01126354	0.01365735	0.01609204	0.01794081	0.01326061	0.007166379	0.01038223	0.01387408	0.01230598	0.009847418	0.01134867	0.01319708	0.01004538	0.01133803	0.008635388	0.01258831	0.01576334	0.01326316	0.01167338	0.01404178	0.01875945	0.01505167	0.01277317	0.01521865	0.01226559	0.009258082	0.009105028	0.008193831	0.01229738	0.01551813	0.02032375	0.01793453	0.01966169	0.0187229	0.01547513	0.01366701	0.01461077
13.05.2020 04:44:00	18	0.04806724	0.0331865	0.04997998	0.04620704	0.05020308	0.04117301	0.02757148	0.031671	0.02588752	0.03544256	0.03319024	0.03603134	0.02564677	0.008009223	0.02665408	0.0158933	0.03083534	0.02547545	0.04073301	0.02405603	0.02038121	0.02685033	0.02017414	0.02736361	0.01203107	0.02597906	0.03278724	0.02644249	0.02290326	0.02298376	0.04776703	0.02276257	0.02214447	0.02026247	0.01979969	0.01841262	0.02605111	0.03774686	0.0275699	0.02121349	0.02508828	0.02534442	0.03318786	0.0379412	0.02975246	0.0319335	0.04636748	0.02634105	0.03375224	0.02239079	0.02518784	0.02496064	0.02953068	0.03307148	0.04508134	0.028048	0.02712651	0.02002184	0.02377017	0.0289711	0.03492857	0.03822371	0.02771426	0.0134097	0.02143188	0.02978007	0.02881131	0.02008229	0.02335817	0.0302527	0.01970015	0.01904799	0.01610289	0.02782308	0.03203879	0.03244406	0.02179595	0.02747672	0.03635792	0.03200176	0.02704649	0.03071522	0.02400758	0.01755441	0.01978952	0.01714902	0.02674217	0.03498378	0.04664098	0.03819838	0.04148311	0.04118006	0.03404934	0.02776634	0.03127646
13.05.2020 07:44:00	21	0.09768938	0.06814212	0.09882396	0.08443586	0.09391028	0.08160031	0.06168756	0.06707332	0.05310269	0.07226958	0.06807696	0.08077814	0.0526087	0.01428038	0.04926672	0.03121908	0.06078033	0.04791777	0.08399457	0.04753677	0.04532251	0.04374577	0.04198677	0.06161978	0.02451964	0.05332773	0.07182541	0.05420506	0.04956224	0.04927541	0.08954199	0.04876684	0.04543584	0.049986	0.04100318	0.04307316	0.0590926	0.07673028	0.05631606	0.04386681	0.05274124	0.05514095	0.06901524	0.07213788	0.06151692	0.06472332	0.08761054	0.05329419	0.06579401	0.04868712	0.04401251	0.05244936	0.05622735	0.06410505	0.07704154	0.05462755	0.05712647	0.0414805	0.05081206	0.0597806	0.07996967	0.0748256	0.05207147	0.02605699	0.04449843	0.0611979	0.06630433	0.05806877	0.04772388	0.06745887	0.04216859	0.03084889	0.03149265	0.06333175	0.06502283	0.07250405	0.04025066	0.05506439	0.06770664	0.05171691	0.05866771	0.06206946	0.04899131	0.03477395	0.04147345	0.03615082	0.05565741	0.07791194	0.09957016	0.07646362	0.08653127	0.08547601	0.07401492	0.05789703	0.07110253
13.05.2020 10:44:00	24	0.1929004	0.1273911	0.1707549	0.1544922	0.1747514	0.155193	0.1283114	0.1305179	0.1058438	0.1328246	0.1333572	0.1608468	0.1049256	0.03083164	0.09715197	0.05934284	0.116298	0.08924521	0.1564272	0.08950167	0.08903478	0.07710111	0.08411761	0.128142	0.0479571	0.1013437	0.1323409	0.09984832	0.09994414	0.09239338	0.1792046	0.1026954	0.08729839	0.1058534	0.08626481	0.09361133	0.116707	0.1438656	0.09881095	0.08767273	0.09561116	0.1043479	0.1337874	0.1464875	0.1221781	0.125502	0.1571926	0.1003547	0.1241935	0.1034435	0.08098173	0.1066067	0.1135766	0.1335453	0.1485345	0.1127425	0.1131811	0.08800945	0.09807517	0.1218605	0.1758715	0.128801	0.09066925	0.05740939	0.09709863	0.1143617	0.1256525	0.1061995	0.100828	0.1331939	0.08905414	0.05206186	0.05828376	0.1248683	0.1189955	0.1253601	0.07450001	0.09745353	0.1129104	0.09689294	0.1160268	0.1154483	0.09426565	0.06962623	0.08335027	0.07422395	0.1257544	0.1509733	0.1883479	0.153783	0.1647908	0.15808	0.1444317	0.1207605	0.1446798
13.05.2020 13:44:00	27	0.3238993	0.2275457	0.283876	0.246105	0.301887	0.2877682	0.231558	0.2319437	0.1937683	0.2411601	0.2203788	0.30389	0.1860435	0.05900453	0.1696218	0.09787302	0.2038454	0.1582296	0.2591769	0.1708152	0.1661629	0.142954	0.1505768	0.2269144	0.08645583	0.1837233	0.2317452	0.1756316	0.1836348	0.1685723	0.2960476	0.18535	0.1616741	0.1996628	0.1684143	0.1772661	0.2115999	0.2570276	0.1731263	0.1681723	0.1704839	0.1784246	0.2373024	0.2689901	0.2127779	0.230143	0.27621	0.1783411	0.2247405	0.1831996	0.1494386	0.2003756	0.2071341	0.238401	0.2657378	0.1974977	0.1990325	0.153892	0.1765305	0.2261585	0.357987	0.2277343	0.146031	0.1111741	0.1801667	0.2034097	0.2224166	0.1737291	0.1750606	0.2463817	0.1651632	0.0823618	0.1063292	0.2248105	0.2256915	0.2072894	0.1348274	0.1901616	0.2280953	0.1615738	0.2004152	0.2043693	0.1821002	0.1375111	0.1645487	0.1409464	0.2135646	0.271202	0.3195111	0.3018577	0.2894621	0.3024549	0.2259646	0.2240654	0.2774623
13.05.2020 16:44:00	30	0.5165756	0.3682572	0.4246611	0.4123816	0.488371	0.4597974	0.3857681	0.3809512	0.3305308	0.3823076	0.3515331	0.4845657	0.2943757	0.1082344	0.2757474	0.1585389	0.3067379	0.2908827	0.4149579	0.2896735	0.3034518	0.2351491	0.255143	0.3775392	0.1464732	0.3012439	0.3744801	0.3228037	0.314819	0.2770514	0.4909672	0.3138025	0.2703968	0.3445604	0.2951301	0.3232482	0.3217055	0.4028738	0.2784911	0.2817671	0.2924722	0.3116377	0.3998353	0.4510181	0.3457061	0.3912091	0.496893	0.2819061	0.3623242	0.3334259	0.2541401	0.3170463	0.3345593	0.404823	0.3915733	0.3305508	0.3335206	0.2537231	0.3060832	0.376422	0.6426616	0.3582446	0.2344786	0.1876267	0.3193101	0.3334936	0.3607029	0.2898341	0.296346	0.4174594	0.274453	0.1247019	0.1848237	0.4483106	0.3615862	0.3283529	0.2098515	0.3074111	0.3368053	0.2606043	0.3306343	0.3384705	0.3129548	0.2385481	0.2839712	0.2419604	0.3413126	0.4372716	0.5092793	0.4784727	0.4672998	0.4891019	0.3665032	0.3867249	0.4365302
13.05.2020 19:44:00	33	0.8218583	0.534034	0.6690261	0.6213337	0.7168173	0.6805218	0.5941283	0.5932625	0.5094917	0.5746182	0.5464197	0.829917	0.4584247	0.1838002	0.4299103	0.2622585	0.4512822	0.5012671	0.6771972	0.4502673	0.4518239	0.3647246	0.380655	0.5426053	0.2404785	0.5228531	0.6018884	0.5140495	0.5273649	0.4305675	0.6733013	0.4867776	0.44649	0.5245381	0.4766369	0.5126156	0.5090896	0.5976467	0.4290665	0.4716582	0.4310576	0.4874373	0.5797389	0.6601792	0.5291536	0.6580217	0.6555394	0.437558	0.5384013	0.51192	0.3871219	0.5529516	0.5010495	0.5602094	0.570774	0.4915462	0.5277264	0.3970419	0.4825157	0.564871	1.043086	0.5463118	0.3393551	0.294861	0.4920225	0.4662365	0.5442419	0.4382971	0.4685162	0.6519366	0.4162901	0.1822421	0.2802138	0.6731972	0.5210055	0.5101014	0.3101002	0.5080382	0.5053302	0.3936454	0.5152317	0.5191363	0.4859502	0.3964217	0.4630024	0.3904809	0.4924258	0.6788822	0.8130742	0.6819256	0.7294312	0.7551404	0.5737721	0.6152513	0.6171556
13.05.2020 22:44:00	36	1.109225	0.7257505	0.9340735	0.8701494	1.006884	0.9764785	0.8346483	0.8844141	0.713318	0.882532	0.8075935	1.013553	0.6481197	0.2867029	0.6252238	0.363012	0.6421626	0.7505522	0.9071842	0.6471825	0.6513076	0.516519	0.5619483	0.7481176	0.3382004	0.7301963	0.9300773	0.6738386	0.7580516	0.6229768	0.9306054	0.7135416	0.6975706	0.7846289	0.6908606	0.7462646	0.7395471	0.8080208	0.5889195	0.6417379	0.6129237	0.701227	0.8034426	1.031748	0.7616624	1.008912	0.9610254	0.6104904	0.797956	0.729794	0.598961	0.710022	0.8142155	0.7962443	0.7755446	0.6899133	0.7720782	0.5565681	0.7139356	0.8613586	1.70159	0.8165279	0.4607257	0.4412407	0.7445994	0.6302676	0.7901078	0.6782476	0.6464873	0.9672011	0.5939348	0.255293	0.3933656	0.9607614	0.7689998	0.7545048	0.4239431	0.7836599	0.7176315	0.6098055	0.741406	0.7395648	0.775695	0.5800246	0.6756275	0.556444	0.6859076	0.9749149	1.129515	0.9573783	0.9679285	1.05453	0.801396	0.8688281	0.914828
14.05.2020 01:44:00	39	1.309052	0.9995565	1.181184	1.167833	1.359485	1.305708	1.330073	1.362065	1.028263	1.183713	1.111805	1.277276	0.9498524	0.4240765	0.7827667	0.487727	0.8931377	1.029295	1.227578	0.9243956	0.9763143	0.746107	0.7652782	0.9641506	0.4568881	0.9794199	1.031228	0.9049444	1.015984	0.9311811	1.096776	1.003423	0.9325663	1.103021	0.9476684	1.006184	1.015997	1.095654	0.765963	0.8459714	0.8257503	0.9303469	1.118817	1.390858	1.052849	1.324876	1.274193	0.7887492	1.164333	0.9532065	0.8345464	0.9874498	1.023427	1.068248	1.091008	0.9714506	0.973597	0.780031	0.9852208	1.239541	2.545787	1.102366	0.6259962	0.6003317	1.10267	0.8224256	1.066605	0.9397329	0.8586529	1.235584	0.7886605	0.3458337	0.5633074	1.179498	1.04165	0.9416926	0.5840847	0.9667782	0.9627832	0.794535	0.9689175	0.956475	1.053041	0.7837746	0.941572	0.8452579	0.9863556	1.215991	1.545975	1.372048	1.255247	1.401757	1.033421	1.228806	1.241292
14.05.2020 04:44:00	42	1.597033	1.332163	1.488092	1.401923	1.7593	1.758975	1.671404	1.737251	1.408609	1.745099	1.424393	1.616647	1.234015	0.5999274	1.030355	0.7814119	1.104768	1.351133	1.499336	1.184989	1.335112	0.9214637	0.9636245	1.323662	0.574288	1.293169	1.264269	1.176864	1.22515	1.284065	1.709762	1.352315	1.230993	1.395439	1.334042	1.303677	1.317358	1.506602	1.020689	1.255778	1.061062	1.264436	1.448019	1.917914	1.331544	1.743142	1.457541	1.075173	1.488687	1.248607	1.167081	1.2408	1.329646	1.337739	1.355686	1.438883	1.287746	0.9357632	1.277508	1.533275	3.442763	1.471168	0.8134243	0.8019212	1.393842	1.18163	1.380865	1.363259	1.170814	1.65728	1.082343	0.4390957	0.6952074	1.540048	1.377904	1.236237	0.7311476	1.205764	1.286226	1.02186	1.361134	1.219472	1.41668	1.067538	1.346621	1.20074	1.302174	1.710806	2.450521	1.85587	1.577903	1.796733	1.405627	1.856847	1.53881
14.05.2020 07:44:00	45	1.851869	1.692664	1.887574	1.733804	2.117798	2.338067	2.05485	2.162928	1.934569	2.167102	1.818191	1.970029	1.655567	0.8405064	1.31338	0.9630102	1.442701	1.728014	1.754435	1.503796	1.75238	1.141558	1.1604	1.675304	0.6986687	1.655173	1.401393	1.63138	1.519419	1.714226	2.118527	1.696126	1.550912	1.71325	1.86925	1.564076	1.703622	1.964114	1.158419	1.562564	1.232123	1.613245	1.870491	2.59339	1.577275	1.992243	1.70257	1.371406	1.673936	1.474719	1.503692	1.468079	1.716787	1.74255	1.512882	1.703889	1.530957	1.266201	1.665586	1.824599	4.382533	2.059183	1.107238	1.080625	1.748486	1.45085	1.877898	1.813017	1.578689	2.308284	1.394841	0.4907649	0.7760448	1.841667	1.730289	1.574285	0.9692405	1.677837	1.53905	1.417723	1.677797	1.711204	1.834382	1.31188	1.636162	1.557872	1.604305	2.053712	3.2917	2.303305	2.01847	2.023773	1.691868	2.173061	1.929741
14.05.2020 10:44:00	48	2.334486	1.961265	2.331053	2.173776	2.703578	2.854358	2.34287	2.643414	2.334427	2.521098	2.449412	2.35665	2.048063	1.094985	1.693253	1.131821	1.565912	2.174673	2.138488	1.921434	2.01546	1.441139	1.579981	2.121585	0.8722728	2.033167	1.704358	2.173877	1.925775	2.071102	2.439123	1.899928	1.957243	2.085966	2.385097	1.969344	2.06326	2.346108	1.468185	1.977909	1.623523	1.944032	2.353927	2.913061	2.087443	2.725704	2.034586	1.674033	2.208995	1.797636	1.942481	1.864708	1.936549	2.089582	1.896653	1.984997	2.00454	1.542263	1.96533	2.174333	5.308645	2.627055	1.282122	1.38205	2.368671	1.634738	2.173891	2.209412	1.861755	2.750177	1.700936	0.6050835	1.031254	2.325377	2.115718	1.99817	1.229449	1.858675	1.911315	1.72217	2.114016	1.972474	2.498652	1.493102	2.080591	2.023693	1.805049	2.52488	3.822793	2.653631	2.50749	2.180777	2.17491	2.403479	2.535786
14.05.2020 13:44:00	51	2.67284	2.452421	2.776675	2.403286	2.969072	3.172317	2.765215	2.97131	2.826643	2.71893	2.532097	2.742639	2.278701	1.35945	1.987312	1.321544	1.818827	2.332065	2.447701	2.198567	2.317113	1.665848	1.936494	2.383197	1.044798	2.258914	1.842453	2.483525	2.405298	2.365844	2.772518	2.19363	2.482152	2.381421	2.705104	2.355448	2.456805	2.685711	1.791544	2.198453	1.933103	2.269564	2.745	3.310019	2.605297	3.163505	2.382938	2.10732	2.637467	2.044533	2.153558	2.156934	2.342927	2.254614	2.25942	2.413507	2.25593	1.677369	2.378595	2.640153	6.079434	2.948654	1.463203	1.692464	2.862414	1.94761	2.567974	2.549707	2.188098	3.166522	1.992344	0.6843135	1.238059	2.634902	2.38155	2.190551	1.490505	1.898807	2.132082	2.08491	2.368252	2.326812	2.609486	1.653461	2.400906	2.449356	1.946094	2.687214	4.162785	3.108043	2.829377	2.427227	2.413943	2.673806	2.841422
14.05.2020 16:44:00	54	3.04698	3.047523	3.445976	2.727149	3.209668	3.817206	2.851157	3.487023	3.172358	2.852998	2.741056	2.9122	2.521749	1.623003	2.285938	1.498148	2.11165	2.553442	2.58889	2.467588	2.657908	1.847078	2.452506	2.687296	1.141097	2.378021	1.84511	2.714038	2.70992	2.58585	2.831198	2.42495	2.709403	2.784234	3.010495	2.606627	2.720785	2.844968	2.00949	2.36055	2.142699	2.511415	3.014498	3.569007	3.320353	3.429803	2.846715	2.486996	2.841923	2.385643	2.492578	2.542876	2.560875	2.590044	2.510951	2.692918	2.268673	1.794964	2.758988	2.934008	6.817362	3.109203	1.640598	1.980204	3.233598	2.064563	2.804722	2.747259	2.40622	3.29635	2.296224	0.7125566	1.406969	2.803287	2.47919	2.485269	1.701401	2.198232	2.33485	2.508607	2.733972	2.93469	3.004126	2.040678	2.583891	2.692851	2.208685	2.845301	4.601595	3.290241	2.986229	2.757937	2.636626	2.853477	3.103045
14.05.2020 19:44:00	57	3.190923	3.473747	4.112932	2.961014	3.311528	3.965327	2.965411	3.855422	3.370702	2.972557	2.874012	2.998238	2.602537	1.780971	2.561254	1.795483	2.23181	2.859149	2.818005	2.49721	2.871591	1.939159	2.64289	2.742032	1.225724	2.532496	1.831893	2.766753	2.831569	2.725589	2.840604	2.605768	2.852304	3.090132	3.092919	2.917325	2.842372	2.886316	2.247727	2.614143	2.249762	2.55619	3.361897	3.723689	3.276939	3.652061	3.195321	2.718609	3.04697	2.658356	2.676453	2.695664	2.694145	2.844822	2.619986	2.581245	2.448063	1.876102	2.921203	3.027746	6.905317	3.101007	1.70826	2.199155	3.549606	2.202587	2.925355	2.842608	2.426078	3.353944	2.423627	0.7967969	1.598622	2.838778	2.493322	2.573116	2.052968	2.280433	2.350814	2.548353	3.101842	3.284468	3.448819	2.302167	2.634104	2.988723	2.475115	3.079745	4.545095	3.301726	3.047126	2.750768	2.745243	2.966775	3.137924
14.05.2020 22:44:00	60	3.277592	3.587615	4.45349	3.133913	3.403532	4.147106	2.839842	3.949755	3.311264	2.88269	2.768881	2.74446	2.700016	2.128575	2.682913	1.88399	2.525108	2.944654	2.845156	2.581775	2.85622	2.090375	2.852504	2.757792	1.314002	2.494788	1.743224	2.744122	2.834551	2.663937	2.833055	2.768593	3.052455	3.125527	3.148892	3.014974	2.805284	2.968326	2.295242	2.673842	2.410227	2.528047	3.574653	3.877892	3.435242	3.718452	3.456802	2.873772	2.987036	2.619258	2.867244	2.879503	2.737006	2.976054	2.656648	2.552608	2.561005	1.934563	3.007479	3.195553	6.869416	3.051511	1.64736	2.180428	3.713659	2.196109	2.84667	2.718709	2.506581	3.38774	2.510864	0.8841151	1.591614	2.815535	2.371204	2.46241	2.14112	2.063613	2.338976	2.608593	3.306593	3.535464	3.451712	2.405264	2.691575	3.212587	2.640844	2.870039	4.480954	3.157182	2.993691	2.681219	2.758815	2.950219	3.182425
15.05.2020 01:44:00	63	3.340717	3.515322	4.765376	3.030135	3.278179	4.224087	2.741748	3.73823	3.533135	2.678413	2.639448	2.70213	2.739489	2.28485	2.585898	2.047466	2.522772	2.808405	2.747208	2.545521	2.977012	2.120424	2.907229	2.791177	1.461298	2.322053	1.544134	2.661592	2.713507	2.588231	2.691389	2.651491	3.12833	3.19773	3.174714	2.986124	2.749636	2.868284	2.265791	2.580421	2.491896	2.314378	3.566975	3.800749	3.341417	3.654606	3.584961	2.878256	2.905971	2.524597	2.933451	2.825092	2.819154	2.890084	2.81513	2.305145	2.332165	1.838364	3.027583	3.06283	6.770198	2.943484	1.423604	2.235642	3.670112	2.135547	2.625149	2.702936	2.462412	3.334844	2.48557	0.8986964	1.436325	2.571406	2.202648	2.429075	2.187372	1.883264	2.369069	2.623914	3.399422	3.529277	3.335938	2.480801	2.547554	3.369921	2.739969	2.736283	4.495509	3.244099	2.912642	2.593811	2.726089	2.771944	3.038079
15.05.2020 04:44:00	66	3.376994	3.324952	4.485498	2.879496	3.296394	4.102373	2.514281	3.333421	3.336249	2.41653	2.493571	2.356177	2.561972	2.384733	2.45932	2.036315	2.433591	2.840144	2.595777	2.421251	2.95491	2.137023	2.831961	2.56337	1.379376	2.201751	1.413638	2.430813	2.55014	2.567335	2.703241	2.546379	2.929791	3.087545	3.076089	2.906646	2.683806	2.705182	2.07612	2.506482	2.328009	2.231189	3.407003	3.683525	3.203039	3.594179	3.335873	2.857046	2.806793	2.322976	2.756505	2.82632	2.72078	2.71164	2.965288	2.154267	2.069688	1.663686	2.744704	2.963521	6.519963	2.664391	1.227379	2.105685	3.411959	2.057123	2.468584	2.522724	2.379628	3.072634	2.26061	0.9166813	1.251085	2.440975	2.050263	2.337309	2.008005	1.856564	2.182666	2.667734	3.339646	3.282073	3.423818	2.437594	2.416812	3.507772	2.624818	2.511839	4.473578	2.979741	2.916905	2.550704	2.801768	2.778041	2.85499
15.05.2020 07:44:00	69	3.298641	3.013829	4.473355	2.803004	2.859512	3.830739	2.250108	3.027021	2.854522	2.236873	2.269613	2.211279	2.420742	2.188754	2.294928	1.988099	2.401028	2.67257	2.416811	2.145668	2.875974	2.011997	2.644464	2.277735	1.299219	2.08559	1.1825	2.19789	2.301506	2.262266	2.700222	2.357841	2.798528	2.83938	2.978135	2.688456	2.424207	2.673912	1.953959	2.205788	2.144893	2.083083	3.205134	3.38413	3.175285	3.44883	3.30766	2.754202	2.5904	2.166968	2.447212	2.550983	2.397337	2.558785	2.935227	1.990926	1.820918	1.50417	2.555131	2.855956	6.5819	2.559519	1.042473	1.960255	3.208544	1.913968	2.294679	2.151643	2.259538	2.74445	2.275213	0.9289537	1.193327	2.283467	1.837223	2.233261	1.960958	1.747468	2.07858	2.569326	3.003757	2.952886	3.229064	2.309742	2.229806	3.485673	2.67537	2.276603	4.050214	2.68414	2.8252	2.396948	2.620065	2.680237	2.846343
