Vessel Name: 23052020_InCu_KaKr_KK1-71_P2_6
Metric: GFP Integrated Intensity / RFP Integrated Intensity
Cell Type: 
Passage: 0
Notes: 
Analysis: KaKr-A549-H2B-GFP/-RFP_DEFv10

Date Time	Elapsed	EZH1	FABP4	FAM105A	FAM107A	FAM110A	FAM20A	FAM46A	FAM72A	FBXO6	FCAR	FFAR2	FGL2	FOS	FPR2	GBP1	GBP3	GBP4	GBP5	GLIPR2	GLS	GMPR	GPC4	GPR141	GPR155	HAPLN3	HAVCR2	HELZ2	HERC5	HERC6	HES4	HESX1	HLA-B	HLA-C	HMHA1	HSH2D	IDO1	IFI16	IFI27	IFI35	IFI44	IFI44L	IFI6	IFIH1	IFIT1	IFIT2	IFIT3	IFIT5	IFITM1	IFITM2	IFITM3	IFNE	IFNG	IGF2BP3	IL15	IL15RA	IL1A	IL1RN	IL4I1	IRF1	IRF7	IRF9	IRG1	ISG15	ISG20	ITPKB	KCNE3	KLF7	LAG3	LAMP3	LAP3	LGALS3BP	LGALS9B	LILRA1	LILRA5	LRCH2	LRRC25	LY6D	LY6E	MAP3K1	MBD4	MCM2	BORCS8	MNDA	MS4A4A	Mx2	STAT1	MAVS	BST2	EIF2AK2	RSAD2	NTC1	NTC2	NTC3	NTC4	NTC5
23.05.2020 10:31:00	0	0.06739351	0.04821738	0.08487604	0.03708346	0.03122575	0.03136771	0.04021948	0.06139604	0.05900566	0.05468386	0.06011797	 	0.06782714	0.05213927	0.05212523	0.05348549	0.03154064	0.04019843	0.05968282	0.08323269	0.04234708	0.06456532	0.03419554	 	0.04806974	0.1084868	0.05954254	0.06363208	0.1019349	0.03352872	0.08019444	0.06906926	0.06281116	0.03332926	0.1295451	 	0.06515249	0.04742555	0.07307045	0.1147644	0.08590736	0.06260735	0.06133762	0.05876227	0.08366466	0.05844293	0.06632774	 	0.04821653	0.07660236	0.09068941	0.04571347	0.07765502	0.048781	0.07985572	0.1002848	0.09948853	0.06426708	0.05726976	 	0.05612739	0.07443971	0.07009745	0.06343272	0.05897534	0.03933473	0.05649474	0.1089754	0.06950402	0.08463208	0.05738821	 	0.1151287	0.05226389	0.1135667	0.0465168	0.07472668	0.04067661	0.03535607	0.06793591	0.06397611	0.05054956	0.08678384	 	0.0555992	0.05403777	0.05720142	0.06369164	0.1223092	0.04106672	0.0703364	0.08990941	0.0807252	0.07924074	85.91899
23.05.2020 13:31:00	3	0.01674286	0.01436373	0.01267602	0.03634732	0.01057328	0.01020803	0.0107491	0.0110813	0.03463475	0.0328886	0.01324163	0,02947167	0.009583793	0.01345775	0.01094753	0.01281265	0.01197368	0.01061907	0.04174584	0.01137045	0.02421907	0.01219473	0.02252026	0,008894864	0.01142669	0.00845711	0.04596014	0.01102728	0.00986251	0.04660304	0.0116948	0.05899498	0.009203791	0.01219856	0.009138588	0,04513235	0.01401995	0.01035021	0.01197249	0.01110829	0.03822204	0.04662495	0.01673905	0.01116378	0.009515594	0.01072516	0.01403179	0,009228085	0.01428322	0.06362805	0.04383767	0.0470622	0.02908564	0.04254664	0.01133795	0.04056721	0.02945249	0.01082612	0.01389209	0,03562205	0.009883517	0.009262087	0.02969934	0.01292051	0.008182911	0.0423778	0.00772042	0.008749648	0.0085035	0.00951306	0.01019002	0,01532677	0.04262289	0.05167259	0.01589675	0.05009301	0.008285095	0.02658663	0.01020679	0.01080326	0.0129503	0.008298401	0.008562577	0,04478301	0.034533	0.01148404	0.01011005	0.01426162	0.009238228	0.04781269	0.009641433	0.04225089	0.01172664	0.009116733	0.008537852
23.05.2020 16:31:00	6	0.01428704	0.01130963	0.01049756	0.02248531	0.009670967	0.008074735	0.009501016	0.01002313	0.02488897	0.02047148	0.008973318	0,01713477	0.009990153	0.009505946	0.009513534	0.01180481	0.01057109	0.008281175	0.03069747	0.009026	0.01137725	0.008760713	0.01471238	0,008219995	0.009983297	0.006892803	0.03641801	0.009321139	0.006366119	0.03853656	0.008859069	0.04852934	0.01064664	0.009142948	0.008204017	0,03841854	0.01409694	0.008668103	0.008010251	0.008837235	0.02767209	0.0324202	0.009285583	0.007862309	0.007796334	0.008757289	0.01265016	0,007937584	0.01243343	0.04693967	0.03717958	0.03506228	0.01966488	0.03292879	0.00812433	0.0344791	0.02109708	0.008668684	0.0100187	0,02672248	0.008666585	0.00808905	0.02676897	0.01050704	0.005974908	0.02937206	0.005835605	0.00812942	0.007558155	0.008257437	0.0080294	0,01387309	0.02648198	0.04859963	0.01326372	0.04548459	0.007295479	0.01785914	0.008407417	0.00818741	0.01080499	0.00795572	0.006613558	0,008085008	0.0157494	0.01080236	0.009581086	0.01231274	0.007837104	0.04142587	0.008489637	0.03190973	0.009723152	0.008061711	0.007857612
23.05.2020 19:31:00	9	0.01434361	0.01199465	0.009729796	0.0179396	0.00941774	0.008799512	0.008341252	0.009321808	0.01461978	0.01355036	0.007625159	0,009064471	0.009789945	0.008113907	0.00964501	0.01188749	0.00953326	0.00751205	0.02356387	0.007682205	0.006274713	0.008579273	0.01119785	0,008503212	0.009143422	0.006430343	0.03035026	0.008399919	0.006482495	0.03303049	0.00778617	0.03629521	0.007800023	0.008024204	0.008520376	0,0341713	0.01406531	0.00781931	0.007926804	0.006951911	0.02169602	0.02518072	0.006731845	0.008003219	0.008068128	0.009242519	0.01207895	0,007182085	0.01220641	0.03647454	0.03207805	0.02867539	0.01548506	0.02875021	0.008352323	0.02836803	0.01709814	0.008215292	0.00753487	0,01972464	0.009302995	0.007796452	0.02575816	0.009513812	0.00557976	0.02367801	0.006263458	0.007782797	0.006996871	0.00782679	0.007285097	0,01316823	0.0159435	0.04520583	0.01328071	0.03473078	0.007410731	0.01313486	0.006711189	0.007524777	0.008498463	0.008602581	0.00590125	0,008366353	0.007565059	0.009951928	0.008360907	0.01302621	0.008533296	0.0343673	0.008319999	0.02480352	0.01105593	0.008323232	0.00807299
23.05.2020 22:31:00	12	0.0147136	0.01347121	0.01055635	0.01315853	0.01086095	0.009229383	0.009984872	0.01065167	0.01232771	0.01392487	0.008715169	0,00818356	0.01013296	0.009571054	0.01140626	0.01369906	0.01027577	0.009160381	0.01852756	0.01020241	0.006365817	0.01010189	0.01028885	0,01114973	0.009396973	0.006819096	0.02653667	0.009399131	0.008196934	0.03050387	0.008823065	0.02906414	0.007821672	0.00906792	0.01012972	0,028061	0.01724135	0.008945084	0.008243092	0.007664955	0.01818008	0.02092385	0.00836201	0.01097498	0.01009735	0.01073805	0.01441878	0,008376877	0.01376096	0.02852048	0.02614161	0.02488365	0.01490143	0.02363463	0.01061974	0.02510577	0.01666049	0.009290016	0.007899379	0,01372565	0.01083892	0.009634248	0.02682461	0.00981359	0.00589345	0.02168323	0.008294903	0.009499838	0.009722975	0.00997121	0.008184387	0,01463814	0.008371552	0.0380608	0.01443854	0.02723999	0.009504469	0.01204562	0.01018375	0.007978573	0.009301448	0.01277456	0.006661986	0,01050555	0.007367188	0.0135176	0.009122041	0.01421488	0.009203168	0.02843924	0.009217015	0.02100117	0.01534155	0.009648705	0.008479049
24.05.2020 01:31:00	15	0.01850185	0.02167725	0.01519828	0.01764843	0.01776284	0.01307572	0.01742508	0.01572072	0.01796817	0.02014468	0.01512751	0,01323318	0.01474689	0.01603803	0.0186788	0.0207416	0.0147198	0.01390922	0.01899573	0.01603922	0.01065959	0.01782058	0.01275771	0,01903518	0.01285232	0.01090617	0.02738873	0.01224301	0.01295187	0.03343508	0.01445887	0.02721039	0.01280641	0.01211383	0.01480763	0,02565685	0.02454415	0.01323367	0.01279437	0.01081904	0.02101414	0.02287179	0.01290588	0.01872848	0.01449145	0.01839892	0.02136641	0,01337744	0.01984051	0.02655231	0.02708918	0.02394723	0.01804607	0.02281893	0.01821375	0.0271218	0.02031282	0.01726283	0.01283425	0,008869189	0.01624007	0.01411264	0.03086091	0.01416581	0.009437311	0.02329044	0.01429675	0.01287314	0.01537382	0.01592417	0.01389564	0,02185687	0.01271776	0.03529739	0.02240018	0.02430895	0.01608103	0.01152491	0.01508975	0.01261752	0.01529616	0.02352206	0.01096572	0,01718843	0.01085118	0.02214143	0.0126571	0.01881932	0.02041411	0.02596369	0.01198273	0.01459919	0.02229355	0.0146245	0.01329135
24.05.2020 04:31:00	18	0.02995424	0.0389703	0.02804788	0.03511276	0.03293058	0.02277246	0.03154159	0.02820139	0.03270221	0.04425028	0.03075055	0,02596882	0.02555399	0.03619329	0.03335898	0.0370218	0.0255333	0.02573485	0.02540289	0.03307193	0.02249807	0.03630624	0.02317958	0,03671313	0.02323089	0.02258108	0.03955371	0.02057655	0.02611006	0.04537146	0.02985768	0.03226895	0.0248575	0.01991956	0.02718493	0,02365035	0.0401928	0.02544389	0.02309105	0.02052766	0.03139865	0.02953114	0.02526507	0.03814599	0.03007281	0.03515286	0.03446645	0,02604765	0.0323612	0.03016969	0.04167379	0.03060309	0.02825839	0.02950834	0.03951121	0.04011471	0.0420479	0.03453112	0.02842542	0,0195752	0.02948003	0.02455747	0.03913156	0.02490205	0.02014769	0.03591586	0.02771666	0.02371608	0.02925307	0.03327557	0.02791197	0,03560691	0.02431133	0.03696043	0.03781201	0.02261479	0.03131467	0.02098563	0.02761484	0.02598455	0.03076848	0.04105142	0.02206967	0,03794389	0.02111039	0.04698693	0.02201505	0.03219757	0.03678097	0.0337048	0.01990985	0.02675742	0.04469854	0.02647325	0.02321428
24.05.2020 07:31:00	21	0.05906954	0.07528529	0.05596185	0.0733816	0.06485911	0.04251829	0.05786872	0.05027644	0.06435495	0.09808178	0.06912871	0,05686666	0.05051254	0.07703989	0.06304359	0.07537612	0.05377336	0.05232966	0.05569535	0.06682128	0.0516594	0.07523186	0.04926433	0,07628815	0.04958966	0.04747201	0.05997331	0.0428297	0.06109518	0.07280204	0.06544738	0.04673911	0.05433451	0.04105565	0.05145234	0,05323473	0.07242268	0.05120933	0.04955623	0.04434005	0.06779072	0.05165603	0.05405028	0.07251935	0.05862321	0.06920437	0.06220581	0,05551118	0.06157552	0.0580289	0.06946214	0.0500664	0.06081044	0.04516185	0.07727138	0.09690602	0.08147535	0.0668539	0.06079923	0,04549562	0.0630588	0.05025476	0.05839143	0.05268042	0.04491231	0.07767261	0.05699792	0.04842995	0.0567332	0.06880247	0.06000689	0,07173168	0.05327591	0.04422194	0.07058791	0.04282717	0.06419674	0.04338815	0.05781607	0.05738277	0.06307191	0.07822758	0.04894757	0,07591592	0.04614926	0.0981178	0.04582943	0.05552848	0.08245441	0.05721536	0.03973111	0.05544132	0.08065406	0.05515467	0.05034005
24.05.2020 10:31:00	24	0.1166107	0.1383404	0.1161756	0.135701	0.1276377	0.08758181	0.1117835	0.09820737	0.1243584	0.1824498	0.1384955	0,1190037	0.1030701	0.1468699	0.1131164	0.1481689	0.1050328	0.1028638	0.117678	0.1375102	0.1143363	0.1509701	0.1021343	0,1582877	0.1033875	0.1024493	0.1204095	0.08349906	0.1277346	0.1130379	0.1326604	0.09630568	0.1132789	0.08924752	0.1018026	0,1135931	0.1282255	0.1026915	0.1009666	0.09207121	0.1290842	0.1081659	0.1114199	0.1389284	0.1180636	0.141724	0.1394363	0,1121574	0.1168012	0.1168797	0.1341055	0.09886891	0.1168425	0.1002831	0.1583465	0.1694664	0.1526728	0.1415685	0.1202505	0,09273355	0.1243443	0.09995105	0.08923433	0.1057126	0.09075359	0.1585125	0.1155662	0.1023054	0.1125387	0.1307889	0.1271827	0,135772	0.1093712	0.08911228	0.1142501	0.08927932	0.1248221	0.09100866	0.129984	0.1157271	0.1283914	0.1650152	0.103962	0,1462602	0.09540705	0.1874822	0.09748969	0.1056898	0.1429234	0.119479	0.07767709	0.1136063	0.1576776	0.1145474	0.09682795
24.05.2020 13:31:00	27	0.2157301	0.2410692	0.2381216	0.2436127	0.2244979	0.1716213	0.2004668	0.172572	0.210263	0.3220423	0.2473763	0,224395	0.1930075	0.2736137	0.2099153	0.2585606	0.206215	0.1805074	0.2318871	0.230138	0.2199295	0.2850841	0.1929365	0,2824931	0.1921566	0.1935538	0.2254349	0.1601135	0.2312034	0.2025153	0.2457223	0.1718802	0.2205141	0.1676411	0.2080101	0,2218886	0.235476	0.1826967	0.2048253	0.1776775	0.2381334	0.2045613	0.2120576	0.2793079	0.2069871	0.2489242	0.2322683	0,2222411	0.2240614	0.2214078	0.2520562	0.1920249	0.2120215	0.2022594	0.2500231	0.3638487	0.2878039	0.2446834	0.2268811	0,1792193	0.2377581	0.1920077	0.1430594	0.1963088	0.1634101	0.2764439	0.2156437	0.2059863	0.2144046	0.2520403	0.2437879	0,2566495	0.2213992	0.1767901	0.2049188	0.1915019	0.2170524	0.1833375	0.2168173	0.2068271	0.2385443	0.2676393	0.1971343	0,2515809	0.1818835	0.3527064	0.200287	0.194985	0.2664623	0.2205576	0.1435522	0.210598	0.2368012	0.2139541	0.1789601
24.05.2020 16:31:00	30	0.3468966	0.3970332	0.400141	0.4097697	0.3853446	0.2992592	0.3268404	0.2768269	0.3479701	0.5702378	0.449787	0,3788556	0.3416621	0.4220856	0.3876915	0.4219751	0.3854429	0.3111853	0.3899726	0.3775383	0.3820753	0.4624844	0.3453495	0,455045	0.355034	0.354825	0.3835781	0.2931237	0.4058205	0.3337898	0.4223483	0.2981742	0.3902849	0.3150241	0.3674316	0,3757974	0.3890788	0.3169361	0.3336121	0.3159874	0.4041626	0.3688251	0.348357	0.5010486	0.3697813	0.4349974	0.3877913	0,3882144	0.3972205	0.3713526	0.455017	0.3392549	0.3727801	0.3467848	0.4174969	0.515419	0.4835979	0.4236143	0.367916	0,3078509	0.4455622	0.3315767	0.2428844	0.3600336	0.2918987	0.4774114	0.3755263	0.363149	0.397076	0.423327	0.4000745	0,4569407	0.3815398	0.3087893	0.3377174	0.3341715	0.3702605	0.3156176	0.3385171	0.353789	0.4288464	0.4118592	0.3714374	0,4284225	0.3270021	0.6604884	0.3643543	0.3404068	0.4468912	0.3862306	0.2671651	0.371251	0.3507025	0.3950349	0.3200805
24.05.2020 19:31:00	33	0.5625986	0.6011754	0.5897391	0.6522614	0.636093	0.5142533	0.5732173	0.4444019	0.5634122	0.9064677	0.6729807	0,5812632	0.5933679	0.701955	0.6662561	0.6553643	0.6160156	0.5526145	0.6217552	0.6069643	0.6424816	0.7051786	0.5661575	0,6854633	0.592921	0.5466739	0.6303497	0.4784144	0.6704828	0.5423916	0.6764944	0.4966118	0.6386685	0.4733227	0.5809119	0,6026296	0.6408603	0.5138622	0.5664189	0.5470743	0.6213049	0.672591	0.5674719	0.7548525	0.590551	0.69354	0.5775294	0,6396621	0.7217433	0.598199	0.675605	0.6194529	0.5959657	0.5550687	0.6848807	0.8149925	0.8129679	0.6392653	0.6209398	0,4989611	0.9121063	0.5047367	0.3942322	0.5967039	0.4767349	0.7776275	0.6221032	0.586817	0.6153722	0.6996463	0.6036252	0,7654011	0.6233812	0.5141475	0.6649903	0.5444421	0.6326112	0.5273164	0.5344759	0.5831453	0.6587434	0.6427007	0.6157854	0,6729633	0.5325081	1.11432	0.5464267	0.592555	0.7112871	0.6930102	0.4358678	0.5783916	0.5170025	0.617803	0.521162
24.05.2020 22:31:00	36	0.772169	0.82151	0.9589204	0.9580874	0.8965933	0.8288605	0.8360777	0.6625898	0.8362324	1.335654	0.9732409	0,8436508	0.9116842	1.11874	0.9295151	1.004491	0.956574	0.8555685	0.9332296	0.8727608	1.007545	1.080025	0.8309206	1,091313	0.835324	0.790745	0.9099005	0.7438735	1.008678	0.792873	0.9105905	0.728648	0.9382193	0.701941	0.8708526	0,8942069	0.9187423	0.7684863	0.8672078	0.8364388	0.9020517	0.9564547	0.9266347	1.081439	0.8570217	0.9556436	0.9389352	0,9516526	1.082505	0.8826165	0.9991809	0.8842781	0.9148675	0.8679284	0.9502416	1.083726	1.316507	0.9943041	0.859694	0,7563305	1.46352	0.7757463	0.5438716	0.8779945	0.8502898	1.167576	0.8565468	0.9245163	0.9445521	1.197547	0.8787331	1,023268	1.031682	0.7973264	0.9810871	0.832701	0.9281745	0.8045862	0.8473915	0.8706644	0.9713407	0.9199582	0.9837575	1,006816	0.7738618	1.714773	0.7676539	0.8685116	1.105674	1.050176	0.6727733	0.7970397	0.7640259	0.8590019	0.8484003
25.05.2020 01:31:00	39	1.032822	1.167724	1.198399	1.276588	1.268261	1.169162	1.193081	0.99442	1.081079	1.784186	1.453063	1,231657	1.378086	1.494256	1.411889	1.348116	1.392422	1.257875	1.328713	1.212025	1.422056	1.550398	1.145235	1,493043	1.235022	1.127982	1.301164	1.128433	1.334301	1.205462	1.355747	1.119782	1.286721	1.138138	1.263691	1,284419	1.270432	1.110901	1.296893	1.188102	1.243246	1.341265	1.24227	1.532716	1.319645	1.325277	1.349715	1,25478	1.427692	1.315216	1.28034	1.32415	1.318298	1.317587	1.370254	1.647102	1.764778	1.39848	1.266701	1,176738	2.182027	1.123586	0.7449101	1.433061	1.174385	1.661921	1.247206	1.33116	1.29879	1.686453	1.333567	1,485078	1.632239	1.204422	1.290121	1.16662	1.312902	1.161714	1.296559	1.164462	1.586119	1.281452	1.45616	1,544193	1.061252	2.622075	1.018579	1.31491	1.533124	1.488499	0.9965285	1.23206	1.138437	1.178543	1.274466
25.05.2020 04:31:00	42	1.436187	1.506104	1.68192	1.820186	1.588237	1.652133	1.613718	1.300419	1.6585	2.220872	1.851165	1,597232	1.835185	1.960876	1.919019	1.735054	1.913277	1.859645	1.969174	1.771658	1.902026	2.079913	1.675324	2,033592	1.677219	1.663813	1.605355	1.566151	1.867939	1.530984	1.690157	1.594185	1.727217	1.52054	1.757376	1,77915	1.76008	1.460224	1.932905	1.713248	1.738162	1.916466	1.761827	2.094063	1.93772	1.952467	1.834503	1,593801	1.863594	1.692551	1.794785	1.916495	1.84582	1.946859	1.908572	2.163537	2.11273	1.861621	1.688686	1,709246	2.950222	1.542491	0.9933734	2.016024	1.607628	2.264541	2.043118	1.789476	1.794088	2.360362	1.848446	2,155623	2.019753	1.786734	1.850044	1.624738	1.917101	1.638026	1.649264	1.611076	2.132417	1.795214	2.048924	2,013941	1.507423	3.514934	1.329057	1.861922	2.23008	1.965842	1.404072	1.731593	1.508795	1.510436	1.790845
25.05.2020 10:31:00	48	2.116241	2.589395	2.499724	2.805489	2.356405	2.642841	2.458215	2.12184	2.387435	3.256629	3.06101	2,606888	2.470496	2.904992	3.030076	2.825261	2.913267	2.904717	2.889409	2.587388	3.228987	3.045088	2.711986	3,141384	2.60335	2.695702	2.356167	2.781007	2.861318	2.284279	2.628337	2.536369	2.755338	2.525176	2.749683	2,694465	2.84456	2.578222	3.292888	2.549824	3.031443	2.910757	2.916764	3.343904	3.12363	3.220283	2.776379	2,651318	2.701465	2.637795	2.654289	3.061938	2.850663	2.904498	2.864739	3.247333	3.462911	2.670825	3.147638	2,888853	3.790221	2.517327	1.822464	2.805436	2.201789	2.906642	2.673692	2.665339	2.896889	3.759252	2.933327	2,977443	2.807896	3.099734	2.746471	2.871316	3.125543	2.468614	2.72185	2.532163	3.290389	3.038663	3.06197	3,180042	2.644526	4.007027	2.563816	2.920564	4.111492	3.159525	2.344074	2.556214	2.506282	2.613539	2.921485
25.05.2020 13:31:00	51	2.676351	3.03375	3.011837	3.313926	2.976489	3.212617	2.767313	2.485058	2.720973	3.880409	3.392455	3,057773	2.7593	3.286368	3.282675	3.178653	3.260226	3.350321	3.325086	2.977561	3.654234	3.370454	3.168048	3,498377	2.818697	3.013491	2.606346	3.253102	3.436551	2.515619	3.021503	2.798198	3.22422	2.794855	3.266219	3,066334	2.983138	3.113961	3.817664	3.136988	3.346806	3.135391	3.246699	3.823653	3.685071	3.645165	3.18947	3,235104	3.031218	2.934778	2.9742	3.483121	3.132004	3.081805	3.056882	3.488862	3.851469	3.172953	3.635103	3,527739	3.963505	3.013776	2.185359	3.053725	2.638545	3.203659	3.032428	3.177601	3.209147	3.97823	3.181087	3,395519	2.985505	3.395409	3.201209	3.052873	3.642374	2.623256	3.193281	3.097442	3.742123	3.328705	3.372191	3,564336	3.20383	3.758919	3.045866	3.404501	4.798372	3.479123	2.723862	3.086634	2.914638	3.097582	3.401583
25.05.2020 16:31:00	54	3.337811	3.622916	3.233427	3.495136	3.29342	3.573705	3.034091	2.792123	3.042288	4.280121	3.74245	3,474738	2.990859	3.447803	3.637129	3.517713	3.690641	3.488177	3.553226	3.339841	3.876649	3.610739	3.350129	3,709465	2.968769	3.342164	2.737231	3.496504	3.639869	2.742136	3.325473	3.139232	3.482802	3.161127	3.461192	3,395588	3.27961	3.809957	4.209001	3.535852	3.719103	3.361157	3.3825	4.272023	4.170605	4.003852	3.326584	3,628186	3.336587	3.150684	3.19708	3.797801	3.459223	3.424361	3.370163	3.76826	4.213118	3.436697	4.103684	3,835326	4.068211	3.354977	2.467181	3.407912	2.910761	3.408656	3.25582	3.474696	3.408159	4.119124	3.401813	3,60928	3.10142	4.123066	3.327032	3.417092	3.930358	2.736245	3.630224	3.515864	3.891396	3.768471	3.59559	3,781823	3.838233	3.819042	3.673586	3.804845	5.596852	3.792238	3.186816	3.601916	3.084674	3.314171	4.084969
25.05.2020 19:31:00	57	3.608928	4.212354	3.509979	3.711756	3.388411	3.817634	3.427389	3.040086	3.163433	4.397614	3.919024	3,631446	3.175815	3.569799	3.755303	3.666622	3.769279	3.48493	3.795488	3.417384	4.030016	3.708194	3.560361	3,889363	3.089252	3.759623	2.761231	3.373248	3.594849	2.811636	3.440432	3.018716	3.520773	3.161848	3.512639	3,74792	3.631179	3.999509	4.085647	3.540959	3.984844	3.565933	3.414542	4.568748	4.360178	4.146179	3.3962	3,829639	3.379892	3.203305	3.251169	3.850246	3.539595	3.562435	3.334839	3.916431	4.364994	3.675708	4.220647	3,975849	4.398978	3.477675	2.474333	3.561589	2.846224	3.590315	3.362269	3.774713	3.573945	4.253092	3.473954	3,715868	3.13595	4.460234	3.285142	3.564324	4.131843	2.624165	3.784723	3.775891	4.13723	3.793222	3.592854	4,176003	4.058216	3.62481	4.683001	3.815909	5.767718	3.989513	3.579061	4.047623	3.466697	3.7922	4.457311
25.05.2020 22:31:00	60	3.709808	4.373454	3.61669	3.849004	3.512851	3.876981	3.557356	3.278083	3.25073	4.429523	4.036188	3,777699	3.195787	3.512815	3.808371	3.653858	3.69875	3.551642	3.680256	3.3791	4.11213	3.699685	3.638939	3,942988	3.183668	3.812643	2.720124	3.347712	3.62824	2.812102	3.418263	2.925519	3.525982	3.30637	3.430338	3,891486	3.56834	4.174392	4.238677	3.516322	4.13423	3.596956	3.38716	4.676808	4.440334	4.452775	3.480878	3,706435	3.423472	3.185364	3.258194	3.914218	3.402549	3.522829	3.438969	4.012735	4.24393	3.68723	4.165765	4,10227	4.567956	3.438327	2.564426	3.532334	2.900857	3.444293	3.436729	3.810038	3.526978	4.220145	3.453643	3,652489	3.087615	4.60648	3.330827	3.727198	4.006666	2.424106	3.894136	3.825136	4.082018	3.68427	3.533145	4,167078	4.11651	3.635824	4.792085	3.906089	5.953938	4.03614	3.657165	4.038078	3.602228	4.022796	4.464612
26.05.2020 01:31:00	63	3.711551	4.214871	3.51209	3.855572	3.62421	3.696555	3.50312	3.280047	3.286344	4.198781	4.032627	3,727542	3.025401	3.382015	3.59866	3.697176	3.543653	3.511903	3.605818	3.200108	4.073626	3.569497	3.59252	3,976565	3.043357	3.691938	2.555336	3.269037	3.465179	2.696234	3.404373	2.866626	3.445576	3.327125	3.341069	3,767453	3.350707	4.160398	4.285713	3.601228	4.156223	3.428918	3.239524	4.642169	4.423455	4.435002	3.299133	3,670872	3.20739	3.219493	2.943583	3.899681	3.388047	3.382276	3.34843	3.928733	4.1455	3.684809	4.099838	4,060996	4.315545	3.250163	2.363682	3.365208	2.858066	3.363442	3.280547	3.73135	3.521692	4.123175	3.413763	3,555399	2.809902	4.452291	3.155886	3.611236	3.816697	2.414518	3.908403	3.83937	3.848821	3.565652	3.405858	4,241016	4.174086	3.635223	4.649002	4.055929	6.347484	3.888285	3.438226	4.001755	3.459811	4.057431	4.350788
26.05.2020 04:31:00	66	3.541642	4.216831	3.411818	3.732863	3.261835	3.558945	3.356178	3.220931	3.217815	4.085012	3.912185	3,621558	2.828503	3.208459	3.426494	3.592664	3.283526	3.283983	3.32291	3.209468	3.804042	3.436902	3.549645	3,840977	2.934406	3.43023	2.44767	3.065296	3.122266	2.458415	3.257887	2.613834	3.304576	3.252225	3.269907	3,450338	3.259691	4.073636	4.018141	3.351815	4.050296	3.311258	3.112651	4.52864	4.258996	4.363569	3.005237	3,533348	3.015078	3.149681	2.779281	3.524488	3.284136	3.193596	3.157569	3.705935	3.993612	3.5934	4.118491	3,890494	4.02097	3.04369	2.071461	3.123905	2.796757	3.188272	3.028274	3.437462	3.239294	3.968232	3.212773	3,254287	2.824562	4.313059	3.111236	3.556161	3.612311	2.337012	3.640643	3.598019	3.582996	3.336279	3.131927	3,957316	4.020776	3.568746	4.568194	3.919637	6.08428	3.633641	3.23451	3.777526	3.307373	3.989451	4.037475
26.05.2020 07:31:00	69	3.256022	4.164585	3.06381	3.527047	2.986933	3.249024	3.299837	3.108191	3.097531	3.939121	3.608402	3,464804	2.640305	3.044661	2.991091	3.154948	2.919472	2.90256	3.128792	3.048764	3.466706	3.155721	3.29475	3,405092	2.78053	3.269909	2.282377	2.819257	2.92566	2.248584	2.937195	2.278297	2.949372	2.979143	2.898281	3,280041	3.171977	3.933113	3.663735	3.112574	3.764553	2.807277	2.969025	4.326177	3.907884	4.050764	2.781732	3,509908	2.783115	2.81491	2.400073	3.316689	2.940404	2.747124	3.040887	3.244573	3.718967	3.40548	3.820309	3,804203	3.961861	2.744703	1.703685	2.976435	2.502217	3.02466	2.701579	3.107996	2.905228	3.576341	2.899816	2,986659	2.648248	4.129072	2.776125	3.265677	3.347483	2.140788	3.369919	3.395467	3.406241	3.155801	2.933299	3,833888	3.711401	3.819586	4.568195	3.715003	5.625301	3.397516	3.028531	3.628981	3.22654	3.753194	3.78869
