Vessel Name: 16042020_InCu_KaKr_KK1-58_P2_2
Metric: GFP Integrated Intensity / RFP Integrated Intensity
Cell Type: 
Passage: 0
Notes: 
Analysis: KaKr-A549-H2B-GFP/-RFP_DEFv10

Date Time	Elapsed	AC005013.1	ACE2	ACO1	ADAM12	ADAMDEC1	ADAR	ADORA3	AIM2	AKAP2	ALOX5AP	ANKRD22	APOBEC3A	APOBEC3G	APOL1	APOL2	APOL3	APOL4	APOL6	ARAP1	ARL9	ASGR1	ATF3	ATF7IP	ATXN1	BATF	BATF2	BRD3	BST2	C19ORF66	C6ORF100	C9ORF91	CAPN15	CASP1	CBFA2T3	CCL13	CCL2	CCL24	CCL7	CCL8	CCNA1	CCR1	CCR2	CD180	CD274	CD38	CD69	CD80	CEACAM1	CFB	CFHR1	CH25H	CHST2	CLEC5A	CLECL1	CMKLR1	CMPK2	CNP	CTAGE1	CX3CR1	CXCL10	CXCL11	CXCL3	CXCL9	CYP2J2	DCT	DDX58	DDX60	DDX60L	DEFB1	DHX58	DOK1	DOK2	DOK3	DTX3L	DUSP7	EIF2AK2	EMP1	EMR3	ENG	ENPP2	EPHB2	EPSTI1	ETV7	EVI2A	C1 (Mx2)	C2 (STAT1)	C3 (MAVS)	C4 (BST2)	C5 (EIF2AK2)	C6 (RSAD2)	C7 (NTC1)	C8 (NTC2)	C9 (NTC3)	C10 (NTC4)	C11 (NTC5)
16.04.2020 18:25:00	0	0,009867482	0,01138364	0,009348694	0,01104191	0,01275893	0,01229226	0,01113852	0,01414132	0,01377575	0,009286747	0,008514529	0,01154443	0,01208354	0,01039961	0,009518418	0,01297462	0,009620307	0,01126223	0,009719289	0,01436992	0,01492205	0,009539307	0,009505139	0,01088712	0,01155713	0,009544598	0,00899369	0,01426141	0,01337985	0,0106927	0,01142425	0,01127562	0,009747443	0,01044702	0,01146406	0,007974274	0,0101526	0,01023715	0,01075425	0,008807273	0,01148703	0,01197435	0,008463835	0,007731522	0,009182574	0,008356061	0,009098285	0,01359972	0,009846205	0,006157253	0,009659642	0,009676766	0,007755816	0,01023282	0,01088349	0,009762683	0,01030255	0,009354423	0,008996527	0,008844323	0,005613	0,006920223	0,008161674	0,007405646	0,009432545	0,009797522	0,006056976	0,007204568	0,007390922	0,007870534	0,01151508	0,01216587	0,01372142	0,00955728	0,01018794	0,01307209	0,0108815	0,01220525	0,01003152	0,008644736	0,01013901	0,009415093	0,01409997	0,01012629	0,007857535	0,01035551	0,01489907	0,0159393	0,01280405	0,009990347	0,01032736	0,008519061	0,009793561	0,009021042	0,009258597
16.04.2020 21:25:00	3	0,009476203	0,01189121	0,009047728	0,01031513	0,0109095	0,01165868	0,01048688	0,01353865	0,01398189	0,00961014	0,008223423	0,01093699	0,01176364	0,00980525	0,008431275	0,01207848	0,009475057	0,0110026	0,00888721	0,01401989	0,01468136	0,008758096	0,00980574	0,01058645	0,01111727	0,008868185	0,008418083	0,01333194	0,01249937	0,01056006	0,01113808	0,01073611	0,009092768	0,01000028	0,01043863	0,007060631	0,01028094	0,009894318	0,009966636	0,008586456	0,01001991	0,0116891	0,007850631	0,007039638	0,008312692	0,00768068	0,008906644	0,01301191	0,00874382	0,005646077	0,008037625	0,009240643	0,007026781	0,009433148	0,009585952	0,008296819	0,0106106	0,007930419	0,008887799	0,008126224	0,004996479	0,006561951	0,007440144	0,006510013	0,008377926	0,008863173	0,005453699	0,006044603	0,006671718	0,006980937	0,01055381	0,01144008	0,01309136	0,008342548	0,009644012	0,01143251	0,01027618	0,01139073	0,009334536	0,008112074	0,008561034	0,009744256	0,01222681	0,009556992	0,007071134	0,01025428	0,01446287	0,01489926	0,01298416	0,009194979	0,00883466	0,008237727	0,009247423	0,009748997	0,01010634
17.04.2020 00:25:00	6	0,008619943	0,0126343	0,00804185	0,009572769	0,01012259	0,01157957	0,01015607	0,01345803	0,01338423	0,009659741	0,007625217	0,01084202	0,01113584	0,009032933	0,007517729	0,01155545	0,008939459	0,01075188	0,008641124	0,01366036	0,01481943	0,007476255	0,008683886	0,01035106	0,01055881	0,008186988	0,008022512	0,01289162	0,01200657	0,009803608	0,01066095	0,01029281	0,008333838	0,0092722	0,01025258	0,006695535	0,009891089	0,009715245	0,009940928	0,008028775	0,009432724	0,01050282	0,008246821	0,006794081	0,008525375	0,007399543	0,008307613	0,01238965	0,008138704	0,005111668	0,007746741	0,008336019	0,007064383	0,008874209	0,009641552	0,007982098	0,01037812	0,007926938	0,007993822	0,007298977	0,004486865	0,006018846	0,00739494	0,00582508	0,007790322	0,008827141	0,005195105	0,006115573	0,006798823	0,006412693	0,009742271	0,01063258	0,01264476	0,007943944	0,009288711	0,01106561	0,009715913	0,01048883	0,008615457	0,008193548	0,007466892	0,01005847	0,01159487	0,009025231	0,006881525	0,009622331	0,0142401	0,01464021	0,01233595	0,008932696	0,007769211	0,007849211	0,00868133	0,009084617	0,009251808
17.04.2020 03:25:00	9	0,009127683	0,01297959	0,008006946	0,01037798	0,01087588	0,01158558	0,01070862	0,01333727	0,01385622	0,01131941	0,007313547	0,01119101	0,01110238	0,008561602	0,007253429	0,01206396	0,009095987	0,01122596	0,008824099	0,01410712	0,01516763	0,007236076	0,008543364	0,0098986	0,0100272	0,008265662	0,008305623	0,01292912	0,01141208	0,009343978	0,01099777	0,01014792	0,007931786	0,009134252	0,01077802	0,006568453	0,01069549	0,009774234	0,009215227	0,007188411	0,009301373	0,0104239	0,008709536	0,006551528	0,008268717	0,007452817	0,008498115	0,0117819	0,008642943	0,004936863	0,007679408	0,007486005	0,008171701	0,009351885	0,009564374	0,00852635	0,01072762	0,008016956	0,00784268	0,007341748	0,004431457	0,005832548	0,008560494	0,006275342	0,008297359	0,008757137	0,004948494	0,006388051	0,006987198	0,006159482	0,01008573	0,01074177	0,01189159	0,007802728	0,008780181	0,01085861	0,01001393	0,01002591	0,008364207	0,008200578	0,007476637	0,01115891	0,01134902	0,009329389	0,007150971	0,008834776	0,01442242	0,01563613	0,0126705	0,008767368	0,007713802	0,007819482	0,008642941	0,00887447	0,008285292
17.04.2020 06:25:00	12	0,0093969	0,01408104	0,00805444	0,01169913	0,01115429	0,01224265	0,01331122	0,01312647	0,01415167	0,01438835	0,007631834	0,01304712	0,01223571	0,009048717	0,007954182	0,01295311	0,01044306	0,0122275	0,009983305	0,01595168	0,01540652	0,009053458	0,00986567	0,01155632	0,0103299	0,008347668	0,008652282	0,01368317	0,01225435	0,01001603	0,01218226	0,01164154	0,008324813	0,01112949	0,01236734	0,007562403	0,01345673	0,01134652	0,01020211	0,008355361	0,01182469	0,01119803	0,01210115	0,008026445	0,009613199	0,009051594	0,009412901	0,01281965	0,009881794	0,005340497	0,007656657	0,008169013	0,01107019	0,009881346	0,0107518	0,009476267	0,01185198	0,008602055	0,007878321	0,008402705	0,005012775	0,006400566	0,01090736	0,007150554	0,00942884	0,009808625	0,005838593	0,007406546	0,008458657	0,006734272	0,01080673	0,01094991	0,01237712	0,009475018	0,009986437	0,01188222	0,01030038	0,01039248	0,009285234	0,008883798	0,007833834	0,01312518	0,01200858	0,009585156	0,00727195	0,009333204	0,0163702	0,01826919	0,01444101	0,009837165	0,008597039	0,008322721	0,009662529	0,01033951	0,00822085
17.04.2020 09:25:00	15	0,01167538	0,01712005	0,01150169	0,01537453	0,01291587	0,01447794	0,0183422	0,01490927	0,01664167	0,01908752	0,009738443	0,01722645	0,01524799	0,01168787	0,01116481	0,01743346	0,01513231	0,01696775	0,01406033	0,02028707	0,01846813	0,01394406	0,0120534	0,01511055	0,01185654	0,01057648	0,01158321	0,01555816	0,01521208	0,01158589	0,01466308	0,01506748	0,0106704	0,01477281	0,01817227	0,009861942	0,01631992	0,0146194	0,01237733	0,01059066	0,01893586	0,01233736	0,01892762	0,01269836	0,01356872	0,01443858	0,01265764	0,01622235	0,01374908	0,007438526	0,009325769	0,01072649	0,01575949	0,01223253	0,01471795	0,01261707	0,01522501	0,01142008	0,01032231	0,01081105	0,007774393	0,008334753	0,01587327	0,009528333	0,01319578	0,01316892	0,008612976	0,01078203	0,01317619	0,008455046	0,01324002	0,01310527	0,01344126	0,01332984	0,01366396	0,01384885	0,01199909	0,01218195	0,0111256	0,01215064	0,009299466	0,0170515	0,01764639	0,01219138	0,009204353	0,01170719	0,02081333	0,02162836	0,01811741	0,01255691	0,01028922	0,01103199	0,01337664	0,01398794	0,01059987
17.04.2020 12:25:00	18	0,01717375	0,02523655	0,01907283	0,02277384	0,01875837	0,02129585	0,02616296	0,02024789	0,02415816	0,03006629	0,0148122	0,02850531	0,02162609	0,0193322	0,01832828	0,02712212	0,02453812	0,02650033	0,02350639	0,02806885	0,0249244	0,02531255	0,01967341	0,02440722	0,01698532	0,01647723	0,01877619	0,02121398	0,02228954	0,01758193	0,02116682	0,02222738	0,01689873	0,02396325	0,03212397	0,01630439	0,02177693	0,02286914	0,01869453	0,01839139	0,0304993	0,016302	0,0318797	0,02415401	0,02300998	0,02613687	0,02225611	0,02319217	0,02188815	0,01204176	0,01361094	0,01689496	0,02495181	0,01813846	0,02345674	0,01982552	0,02223778	0,01957153	0,01540735	0,01608845	0,01577321	0,01396346	0,02580578	0,01662763	0,02147985	0,02228639	0,0155454	0,01823591	0,02455492	0,0139403	0,01873981	0,01816831	0,01675814	0,02287793	0,02326041	0,01929235	0,01765197	0,01680853	0,01818724	0,01942413	0,01436401	0,02593202	0,02595869	0,01698778	0,01279218	0,01923893	0,03067387	0,03232646	0,02666133	0,01909508	0,01719924	0,01932603	0,0232767	0,02182166	0,01696471
17.04.2020 15:25:00	21	0,0316818	0,04409849	0,03680262	0,03819921	0,03102267	0,034662	0,03901386	0,0322726	0,04096884	0,04610241	0,02773211	0,05370385	0,03616897	0,03773717	0,03512017	0,05000049	0,04113973	0,04572394	0,04349465	0,04386654	0,04208163	0,05067529	0,03721589	0,04367135	0,02720885	0,03196452	0,03260248	0,03390822	0,03848134	0,03136258	0,03617853	0,03805195	0,03296264	0,04481834	0,05930715	0,02963018	0,03444478	0,04078776	0,0342114	0,03709007	0,05216018	0,02582707	0,05378777	0,05097719	0,04090174	0,05040212	0,04227287	0,03932411	0,0372804	0,02300731	0,02369094	0,03282529	0,03935618	0,02953709	0,04390617	0,03428141	0,03754749	0,03570972	0,0286299	0,02948389	0,03504303	0,02803124	0,05133764	0,03380425	0,03974544	0,04390012	0,03256944	0,035801	0,04887642	0,02899045	0,03268011	0,02915679	0,02546276	0,04448528	0,04556825	0,0332839	0,03175057	0,0285203	0,03228386	0,03512676	0,02471702	0,04365239	0,04059421	0,03015779	0,02108845	0,03998334	0,04825038	0,04891311	0,04544987	0,0351761	0,03248167	0,03951371	0,0450963	0,04133905	0,03195235
17.04.2020 18:25:00	24	0,06254128	0,07538055	0,07321149	0,06276424	0,05364719	0,06210726	0,06653166	0,0586445	0,07804143	0,07519101	0,05426784	0,09642889	0,06516982	0,07233609	0,06715187	0,09054374	0,08184329	0,07884127	0,0876395	0,08041888	0,07996561	0,1033021	0,06849537	0,07929049	0,0485973	0,06136358	0,0603135	0,0556571	0,06709173	0,06556015	0,06634794	0,06853007	0,06953122	0,09474366	0,1086245	0,05055583	0,05890191	0,07845742	0,0642892	0,07597034	0,09087997	0,04745686	0,09584363	0,09616153	0,082044	0,0964163	0,07390562	0,06815441	0,07417868	0,04687323	0,0463673	0,06750304	0,07768966	0,05809548	0,0755382	0,06588366	0,06870964	0,0713753	0,05659774	0,0576018	0,07687841	0,05785398	0,09582686	0,07163366	0,08029956	0,09166577	0,06706116	0,06926908	0,09363495	0,06125191	0,06483509	0,05366584	0,04580603	0,08725525	0,08304642	0,06239098	0,06110297	0,0536695	0,06370641	0,06664017	0,04844653	0,07289471	0,07866665	0,05934714	0,03844969	0,08421083	0,08331497	0,08061629	0,08091354	0,07710859	0,06417193	0,08174547	0,08625185	0,08262794	0,07087245
17.04.2020 21:25:00	27	0,1128602	0,1233568	0,1381346	0,1111277	0,09311698	0,09906125	0,1140092	0,1096056	0,1504307	0,1240609	0,09954858	0,1586202	0,1152403	0,1416377	0,1274635	0,1664374	0,1511714	0,1385519	0,1515158	0,1421575	0,1554037	0,1809039	0,1258776	0,145251	0,08612863	0,1182094	0,1144659	0,09919244	0,1191956	0,1302934	0,1176861	0,1237051	0,1389957	0,150124	0,1654629	0,09143512	0,119063	0,1354986	0,121002	0,1503677	0,1606658	0,0969547	0,1833041	0,1855329	0,1512587	0,1841539	0,1287868	0,1080467	0,1433802	0,09546527	0,08667562	0,1240028	0,1500153	0,1075101	0,1564839	0,1169642	0,1235592	0,1362184	0,1078303	0,1063644	0,1538944	0,1172141	0,1635261	0,1337212	0,1423384	0,1705142	0,1406548	0,1268	0,1723187	0,1140628	0,1305123	0,0999687	0,08846617	0,1646233	0,1432966	0,1214364	0,1088803	0,1040633	0,1237786	0,1281084	0,08959813	0,1234501	0,147888	0,1185113	0,06662678	0,1595268	0,1430707	0,1173934	0,1425714	0,1418154	0,1276766	0,1536415	0,1505155	0,1558256	0,1154137
18.04.2020 00:25:00	30	0,2031075	0,2062156	0,2308248	0,1784574	0,164279	0,156359	0,1923467	0,1844641	0,2628958	0,2002553	0,1692632	0,2249125	0,1905286	0,2528567	0,2255573	0,3098648	0,2557292	0,241039	0,2878405	0,2372304	0,2631825	0,30059	0,2233375	0,2376207	0,1436773	0,2040031	0,1909588	0,163927	0,2114453	0,240194	0,1853385	0,2069265	0,2544685	0,2496355	0,2795403	0,1583766	0,2112465	0,2326333	0,218699	0,2657445	0,2782167	0,1769301	0,3178344	0,3252713	0,2564215	0,3202646	0,1981457	0,1690346	0,2589164	0,1632183	0,1412693	0,2390264	0,2348953	0,1806458	0,2674372	0,1911207	0,2121574	0,2388677	0,1816652	0,1861399	0,2789293	0,2051806	0,278	0,2533533	0,249211	0,3009294	0,2581396	0,214262	0,2744255	0,2111484	0,2367384	0,180201	0,1467478	0,283033	0,2410465	0,2254365	0,1931184	0,1951644	0,2210931	0,2277181	0,1622606	0,2025889	0,2325072	0,2099729	0,1168819	0,2882383	0,245477	0,2221866	0,2771652	0,250708	0,2290257	0,2580319	0,2550575	0,2795153	0,2024769
18.04.2020 03:25:00	33	0,3250377	0,3719609	0,3872443	0,2810218	0,2763479	0,2353774	0,3070964	0,3083322	0,4176335	0,3579312	0,2737236	0,3257246	0,2967334	0,4397896	0,3781366	0,4585021	0,3772398	0,4333242	0,4122631	0,3804283	0,4337895	0,4367408	0,3639177	0,3621378	0,2284896	0,3720287	0,3090206	0,2680804	0,3264419	0,3882388	0,3369133	0,347753	0,4175724	0,3725563	0,429424	0,2458271	0,3515022	0,3632123	0,3671094	0,453763	0,4492856	0,2884105	0,5072871	0,5106872	0,4340944	0,5713626	0,3170547	0,2606774	0,4581688	0,2766757	0,2398242	0,3878116	0,3760984	0,2979321	0,400952	0,3093077	0,3271177	0,3961888	0,3096938	0,3027381	0,4626195	0,3352016	0,4424911	0,4323924	0,404209	0,449588	0,4265371	0,3759744	0,4423564	0,3386558	0,4071751	0,3094172	0,2402775	0,456248	0,3918255	0,3849867	0,2860814	0,3175513	0,3780134	0,3915088	0,2759578	0,319366	0,4347292	0,3461232	0,2058587	0,4955015	0,41046	0,3201239	0,4257547	0,3740214	0,373367	0,425859	0,4267268	0,478154	0,3129637
18.04.2020 06:25:00	36	0,5006742	0,5331305	0,5993064	0,4093623	0,4054497	0,3356082	0,4888553	0,4596356	0,5935896	0,4672506	0,4197662	0,505584	0,4692554	0,6560352	0,5622237	0,660647	0,5775421	0,6072626	0,5712575	0,5395727	0,6646314	0,6621172	0,573756	0,5258777	0,3737484	0,5877332	0,4845717	0,408843	0,4958855	0,5839562	0,5165442	0,55231	0,642175	0,5606056	0,5637556	0,395934	0,5337176	0,5327365	0,5833344	0,7328886	0,7066743	0,4559322	0,8064509	0,7625354	0,6554856	0,8419034	0,4513874	0,4031952	0,7294913	0,453025	0,3843779	0,5693074	0,5446653	0,5276071	0,5699849	0,4368796	0,478515	0,5701843	0,4774437	0,4400885	0,7220449	0,5427669	0,6358758	0,6357448	0,5942785	0,6819676	0,6578707	0,5569513	0,6761436	0,4885157	0,6279152	0,4661987	0,3569864	0,6958202	0,5427443	0,6260685	0,4390117	0,5113603	0,5629005	0,6123797	0,4239554	0,4892012	0,5856011	0,5289841	0,3683476	0,8120712	0,6501005	0,4883996	0,6821066	0,5930817	0,6251869	0,6767079	0,6428384	0,7048227	0,4839176
18.04.2020 09:25:00	39	0,7245823	0,7481917	0,8853503	0,7172434	0,58327	0,5067543	0,7115179	0,7005315	0,8630326	0,6846972	0,5922037	0,6640282	0,6644736	0,9073016	0,800043	0,9025752	0,803976	0,8313785	0,7494848	0,7870929	0,9494921	1,002358	0,8543693	0,7374678	0,552586	0,8811195	0,6786664	0,6187648	0,7348769	0,8750494	0,7305721	0,8641193	0,9449716	0,7723391	0,7168528	0,5674033	0,7465708	0,838188	0,8308502	1,026641	1,01419	0,6584501	1,136947	1,048963	1,015954	1,051004	0,6252524	0,5817525	0,9501479	0,6690858	0,5504381	0,8197684	0,7262154	0,7002836	0,7784554	0,6273265	0,6721897	0,8209468	0,7291404	0,6289122	1,089621	0,7878133	0,9222412	0,9224266	0,8600891	1,112126	1,011418	0,7442374	1,020544	0,755083	0,8521519	0,6192751	0,5204051	0,9528223	0,7880234	0,9454546	0,6238003	0,7157517	0,752495	0,8512738	0,6013435	0,7675068	0,784283	0,7044564	0,585235	1,284775	0,9258901	0,7676119	0,9012814	0,8210842	0,8794625	0,9381372	0,8967478	0,9843804	0,7034348
18.04.2020 12:25:00	42	1,004892	0,9639816	1,154871	0,9275646	0,8125385	0,7307464	0,9837695	0,9110066	1,093896	0,8249196	0,7922913	0,8903536	0,8604441	1,22277	1,022727	1,341535	1,064131	1,147185	1,019979	1,077903	1,325934	1,205434	1,158898	0,9253946	0,7302393	1,201788	0,9633485	0,854178	0,9997959	1,230031	1,174426	1,212595	1,284104	1,047388	1,082952	0,7596068	0,9272623	1,206326	1,269471	1,38922	1,46068	0,898315	1,555645	1,361448	1,332069	1,447821	0,896962	0,7256599	1,306796	0,9173832	0,8109919	1,099929	0,9059494	1,001242	1,058187	0,9433675	0,9068093	1,137125	1,021061	0,8088093	1,437579	1,062254	1,350246	1,204456	1,198963	1,599394	1,420863	1,005117	1,358366	0,9919696	1,141734	0,8426137	0,7040361	1,234993	1,16571	1,314234	0,9320286	0,9943563	1,005232	1,228191	0,8683394	1,094876	1,025267	0,9638313	0,8660588	1,991835	1,311127	0,9586911	1,155359	1,091473	1,204819	1,260869	1,142989	1,30908	0,9464635
18.04.2020 15:25:00	45	1,373623	1,260923	1,465797	1,239508	1,06722	0,9732044	1,244201	1,119589	1,491654	1,041645	1,075198	1,240774	1,064261	1,642743	1,359399	1,694016	1,452824	1,474231	1,211217	1,371	1,612802	1,550915	1,406647	1,164744	1,051165	1,605044	1,349908	1,123954	1,221671	1,650487	1,416693	1,759485	1,69284	1,420437	1,5626	0,9562731	1,136246	1,562786	1,685236	1,971604	1,980389	1,153211	1,957794	1,879305	1,778827	1,723939	1,242684	0,923457	1,784257	1,224921	1,142685	1,62579	1,207447	1,252907	1,31712	1,314333	1,276416	1,617661	1,525301	1,059935	1,832081	1,344034	1,838999	1,560813	1,58562	2,166358	1,908877	1,442334	1,898342	1,421552	1,553371	1,179406	0,9682419	1,617233	1,552745	1,865906	1,397108	1,530795	1,346296	1,823514	1,26522	1,472581	1,443823	1,17928	1,179921	3,025893	1,717554	1,156666	1,669673	1,513585	1,806952	1,59716	1,561237	1,691582	1,266597
18.04.2020 18:25:00	48	1,748268	1,570605	1,713176	1,545436	1,38536	1,182142	1,756477	1,371966	1,799409	1,180046	1,380376	1,544353	1,469636	2,072531	1,697758	2,043792	1,793937	1,927869	1,295284	1,626813	2,040537	1,816379	1,882885	1,568598	1,318225	1,879032	1,809533	1,330762	1,623666	2,190998	1,71981	2,107895	1,954061	1,875602	1,926507	1,18533	1,430228	1,909272	2,228334	2,366206	2,324497	1,745534	2,219578	2,029604	2,28749	1,943746	1,583385	1,054268	2,175346	1,646818	1,449847	1,909502	1,512615	1,441134	1,69371	1,91261	1,64399	1,875999	2,063479	1,371779	2,103883	1,60771	2,296327	2,026929	2,036161	2,62872	2,171232	1,8087	2,224171	1,747795	2,053119	1,535643	1,30376	1,950994	1,80789	2,602406	1,658304	1,921533	1,619407	2,292223	1,582288	1,834223	1,778337	1,473526	1,499767	4,006319	2,285808	1,398042	2,265356	1,775941	2,197807	1,7327	1,976629	2,089165	1,754547
18.04.2020 21:25:00	51	2,088266	1,977862	2,155551	1,837923	1,664692	1,442745	2,259813	1,826446	2,359	1,406807	1,847188	1,720606	1,64336	2,483215	2,03913	2,352812	2,173872	2,089427	1,566866	1,881485	2,533113	2,119571	2,268323	1,78672	1,62902	2,436084	2,09674	1,693198	1,739633	2,678588	1,82529	2,406729	2,196441	2,184273	2,138683	1,422653	1,764172	2,180663	2,646795	2,957714	2,921936	2,31263	2,464256	2,24631	2,599488	2,262322	1,896051	1,261044	2,410226	1,991616	1,781064	2,337002	1,859683	1,723816	2,045538	2,294818	1,997718	2,540242	2,716531	1,737548	2,354087	2,055988	2,568786	2,326527	2,476793	3,583471	2,483446	2,013227	2,584738	2,236856	2,807806	1,756748	1,567161	2,241079	2,240513	3,202778	2,062459	2,414536	1,859557	2,770697	2,207134	2,174809	2,015177	1,810198	1,836353	4,45336	2,744959	1,701831	2,642841	2,130187	2,351574	1,964545	2,185255	2,374076	2,026633
19.04.2020 00:25:00	54	2,566518	2,167941	2,5052	2,137852	1,906229	1,593515	2,510052	2,050085	2,700504	1,590069	2,23576	1,976504	1,943127	2,830014	2,344739	2,984299	2,467785	2,740315	1,721597	1,997504	3,020433	2,504038	2,4587	2,131301	1,941757	2,527472	2,47368	1,986703	2,150872	3,124028	2,08623	2,506414	2,504323	2,53645	2,44642	1,62594	2,080867	2,318488	3,053242	3,252354	3,077838	2,67293	2,387996	2,396526	2,828311	2,625208	1,975517	1,521091	2,766767	2,24743	2,091255	2,564471	2,063695	1,86129	2,498948	2,491713	2,196299	2,902304	2,959982	2,042979	2,500001	2,39644	3,006791	2,547916	2,736774	3,754959	2,572211	2,234407	2,754303	2,718642	2,929393	1,900274	1,847655	2,452483	2,471202	3,729368	2,377646	2,919254	2,190652	3,052204	2,311414	2,736717	2,362698	2,110799	2,511991	4,596906	3,21707	1,971778	2,960627	2,281189	2,698847	2,155674	2,434074	2,891262	2,40007
19.04.2020 03:25:00	57	2,839172	2,454896	2,53565	2,381032	2,084707	1,855142	2,738659	2,147282	3,019375	1,864938	2,537732	2,076929	2,230134	3,059421	2,766916	3,099658	2,824893	3,196458	1,720059	2,064016	3,458636	2,734215	2,764563	2,436036	2,263265	2,765195	2,722919	2,108638	2,240451	3,185148	2,231399	2,66508	2,569739	2,87689	2,591887	1,863972	2,375672	2,343041	3,200227	3,406071	3,291973	2,977749	2,420158	2,432222	3,011692	2,767965	2,270642	1,709993	3,049728	2,439103	2,112633	2,839034	2,149951	1,952553	2,663644	2,765206	2,375892	3,147446	3,183408	2,208802	2,610015	2,630586	3,118121	2,599931	3,135019	3,843263	2,634407	2,508007	2,652494	2,899132	3,101578	2,337351	2,097134	2,548629	2,694948	4,100116	2,800692	3,214551	2,162021	3,209442	2,467592	3,023592	2,585788	2,43426	2,602158	4,411738	3,299214	1,986275	3,186203	2,282393	2,835087	2,07405	2,499264	3,316642	2,522834
19.04.2020 06:25:00	60	2,923885	2,599234	2,847032	2,403593	2,413204	2,042497	2,931856	2,185859	3,205528	1,984229	2,823231	2,222588	2,392887	3,143458	2,88665	3,23955	3,046812	3,286314	1,619535	2,148555	3,527995	2,810672	3,027147	2,589906	2,370561	2,69086	2,864777	2,388648	2,287632	3,162439	2,339351	2,546933	2,648479	3,034803	2,748157	1,860682	2,427038	2,466937	3,303719	3,486027	3,254807	3,337568	2,242206	2,457633	3,041539	2,929208	2,550913	1,755753	3,102401	2,514996	2,07587	3,012527	2,185253	1,923309	2,814297	3,100089	2,454782	3,264332	3,274474	2,648976	2,612142	2,738069	3,151697	2,71114	3,355656	3,999643	2,53497	2,515098	2,722589	3,09706	3,342334	2,381191	2,168274	2,474039	2,852868	4,174649	2,903726	3,544238	2,290417	3,216144	2,759059	3,16056	2,917171	2,521953	2,42973	4,130593	3,43099	2,144318	3,258712	2,342144	2,872209	1,977901	2,604365	3,399381	2,603948
19.04.2020 09:25:00	63	2,826575	2,632337	2,744567	2,456737	2,536204	2,204511	3,038865	2,327704	3,292097	2,180758	2,850567	2,206096	2,295764	3,103491	2,960961	3,429444	3,184123	3,443052	1,528923	2,009322	3,439476	2,778962	3,061908	2,804804	2,50318	2,536362	2,920226	2,348998	2,222388	3,017089	2,207806	2,508834	2,634896	3,115069	2,769843	1,891745	2,568671	2,301705	3,314016	3,537663	3,181951	3,383909	1,946659	2,282662	3,049997	2,881049	2,509069	1,720063	3,094314	2,528299	2,056153	3,077638	2,280948	1,824383	2,582423	3,114303	2,471561	3,171357	3,150888	2,776626	2,712939	2,639579	3,027137	2,609391	3,485525	4,123042	2,369775	2,413415	2,5712	3,161936	3,140918	2,494946	2,128308	2,410381	2,893914	4,056207	2,868015	3,540802	2,245738	3,086165	2,662112	2,981841	2,974985	2,492246	2,357428	4,020409	3,203339	2,330946	3,054494	2,139186	2,765237	1,910335	2,528328	3,372773	2,686086
19.04.2020 12:25:00	66	2,671451	2,672751	2,732702	2,271592	2,706669	2,286726	3,036245	2,344462	3,134112	2,314933	2,878391	2,222836	2,342457	2,881692	2,91552	3,224758	3,16427	3,134689	1,431594	1,919422	3,41272	2,578588	2,909303	2,876418	2,508837	2,402776	2,589763	2,178343	2,229084	2,849833	2,102525	2,494988	2,464612	2,966809	2,55506	1,907609	2,488361	2,163139	3,314917	3,272165	3,090809	3,388343	1,695694	2,172929	2,938092	2,70462	2,438694	1,689657	2,991043	2,305242	1,960339	2,954171	2,229839	1,770996	2,494203	3,061838	2,129523	3,142771	3,076049	2,814035	2,590035	2,581475	2,790863	2,477621	3,398478	4,141539	2,212868	2,307716	2,382347	3,101549	2,930752	2,452994	1,896902	2,250792	2,68726	3,837506	2,809252	3,542357	2,146435	3,16603	2,639875	2,961577	3,007739	2,451484	2,327659	4,057799	3,066066	2,222526	2,957281	2,017196	2,735978	1,756084	2,527473	3,262076	2,468457
19.04.2020 15:25:00	69	2,564866	2,777833	2,675301	2,088279	2,769422	2,214009	2,938188	2,303116	3,034812	2,182469	2,763634	2,198889	2,241926	2,825222	2,77986	2,917362	2,90156	2,813402	1,319902	1,846283	3,175391	2,380755	2,8014	2,906769	2,418559	2,32099	2,511841	1,949739	1,962915	2,751557	1,811561	2,294182	2,264575	2,766584	2,39861	1,905761	2,40008	1,920537	2,974438	2,94225	3,054088	3,212707	1,548476	1,920195	2,813909	2,415444	2,23375	1,733509	2,754468	2,197589	1,863851	2,86018	1,953889	1,730004	2,270472	2,881243	1,916717	2,875329	2,70954	2,719317	2,513667	2,43887	2,583339	2,225649	3,199562	3,926288	2,029265	2,135994	2,116063	3,049199	2,785958	2,421531	1,726115	2,137751	2,438746	3,528602	2,629638	3,332497	1,935137	3,015174	2,556235	2,868411	2,914928	2,279006	2,11631	3,718467	2,681137	1,953609	2,714674	1,790226	2,557101	1,554197	2,261878	2,989271	2,400919
