Vessel Name: 28-10-2022_KaKr_KK1-82_Screen_S4/4-B4/5_P2_12
Metric: GFP  Integrated Intensity / RFP  Integrated Intensity
Cell Type: 
Passage: 0
Notes: 
Analysis: KaKr-A549-H2B-GFP/-RFP_DEFv10

Date Time	Elapsed	SSB	ST14	STAB1	STAP1	STAT2	TAP1	TAP2	TDO2	TDRD7	TIFA	TLR3	TLR7	TMEM140	TMEM217	TMEM62	TNFRSF1B	TNFSF10	TNFSF13B	TNFSF18	TNFSF8	TRAF3IP3	TRANK1	TRIM21	TRIM22	TRIM25	TRIM38	TRIM5	TRIM69	TYMP	UBA7	UBN2	UBQLNL	VCAN	WARS1	XAF1	ZADH2	ZBP1	ZBTB48	ZC3HAV1	ZMAT3	ZNF44	ZNF516	ZNFX1	Mx2	STAT1	MAVS	BST2	EIF2AK2	RSAD2	NTC1	NTC2	NTC3	NTC4	NTC5
28/10/2022 16:05:00	0	0.008429395	0.007220436	0.006513676	0.004148877	0.004699205	0.0052749	0.006361234	0.004898353	0.003919029	0.004314366	0.00339189	0.005089785	0.008344197	0.01695094	0.01113712	0.004549495	0.006561296	0.005065424	0.00418281	0.004661146	0.005228455	0.004783588	0.006041696	0.006410494	0.01064541	0.009564349	0.007900607	0.005257721	0.007720361	0.005436498	0.004552855	0.006552032	0.006578936	0.005541075	0.008141763	0.009347685	0.01864682	0.005890891	0.005488468	0.005405509	0.004841314	0.008402154	0.005480429	0.004616869	0.003746536	0.00264114	0.005445714	0.003390796	0.002253365	0.003157878	0.003725746	0.006706501	0.002403513	0.005591092
28/10/2022 18:05:00	2	0.006764279	0.005063349	0.004996411	0.003979417	0.003366946	0.00418786	0.005707875	0.003442698	0.002688047	0.002754502	0.002795885	0.005052323	0.006469292	0.01601318	0.009617635	0.003602716	0.005417182	0.004614738	0.003511719	0.004459468	0.004622613	0.00424942	0.004946599	0.005565426	0.008432004	0.007072748	0.006738588	0.004581885	0.006543316	0.004256546	0.003367431	0.005850001	0.005827429	0.004718144	0.006005065	0.007062727	0.01558758	0.005045088	0.004348623	0.003536734	0.003833402	0.005915911	0.005062715	0.004218795	0.0030185	0.002503042	0.004606846	0.002857768	0.002919627	0.002769976	0.003355108	0.002797429	0.001954806	0.004963983
28/10/2022 20:05:00	4	0.004815655	0.003806021	0.003329817	0.002629491	0.002667196	0.002974628	0.003996525	0.002806539	0.001672958	0.002099408	0.002111341	0.00307828	0.00355888	0.01308097	0.005603171	0.002336759	0.003926797	0.002835308	0.002266841	0.002885706	0.002852434	0.002211172	0.0039289	0.004108988	0.006201247	0.005094964	0.004593877	0.002664532	0.005545665	0.003569453	0.00187635	0.004008943	0.003245216	0.003342685	0.004337276	0.005062439	0.00635129	0.00286024	0.002876861	0.002607433	0.002638897	0.004097653	0.002809191	0.002563225	0.001818699	0.001955887	0.002474141	0.002295539	0.001844919	0.002168419	0.002225986	0.002438147	0.001284952	0.003325307
28/10/2022 22:05:00	6	0.004968797	0.00313613	0.002753197	0.002402765	0.002689931	0.002988853	0.003083059	0.002861386	0.002272733	0.002454716	0.002026463	0.002600555	0.003584207	0.01169729	0.004789096	0.002283422	0.003778833	0.002427388	0.001415864	0.002466582	0.002702346	0.001917548	0.003377124	0.003485979	0.004871981	0.003847746	0.003598772	0.001950601	0.004509406	0.002930036	0.001537077	0.003445368	0.002504116	0.003086508	0.003647496	0.00491036	0.003896398	0.002656128	0.001923569	0.002299698	0.002244338	0.002796318	0.002700526	0.002002855	0.001839652	0.001782444	0.002388891	0.001979688	0.001330543	0.002168249	0.002505899	0.002217321	0.001023902	0.003463354
29/10/2022 00:05:00	8	0.004648997	0.003334485	0.003344685	0.002235479	0.002405832	0.002961691	0.003098819	0.002030861	0.002102707	0.002506697	0.002045704	0.002388491	0.003263784	0.01102988	0.005036398	0.002119683	0.00424802	0.001775069	0.001573396	0.001849137	0.002411492	0.001639499	0.002924927	0.003347279	0.004292988	0.00338932	0.003309131	0.001712663	0.004409977	0.002693784	0.001499546	0.00249142	0.00282227	0.002768325	0.003559717	0.00412606	0.002286034	0.00265941	0.002235319	0.002281042	0.002176626	0.002748668	0.002266077	0.001750409	0.001480011	0.001842877	0.002437832	0.001784097	0.001532197	0.002099678	0.002903051	0.002050795	0.0008767814	0.002936344
29/10/2022 02:05:00	10	0.004893335	0.003156669	0.003128429	0.002278601	0.002164628	0.00280561	0.003013289	0.002442639	0.002431813	0.002745847	0.002118985	0.00270517	0.002582629	0.01067493	0.003891582	0.002313681	0.004152712	0.002276024	0.002156802	0.001593844	0.002413877	0.001834607	0.003292354	0.003498727	0.003411036	0.004028182	0.002735785	0.001678756	0.003951021	0.002959784	0.001670735	0.002746677	0.002680756	0.002954233	0.004050453	0.004681743	0.00171962	0.001914365	0.002894996	0.002636601	0.001878639	0.002780324	0.00270676	0.002415213	0.001632843	0.002264235	0.002313725	0.002022527	0.001790815	0.002937109	0.003740992	0.002877108	0.001149934	0.002897322
29/10/2022 04:05:00	12	0.005232911	0.003478165	0.004575743	0.003064029	0.003274425	0.004142086	0.003205761	0.002966114	0.003447077	0.004086674	0.002748391	0.00300422	0.00367775	0.01023969	0.003506195	0.003388225	0.004508663	0.003293199	0.002894354	0.002920103	0.003361186	0.002493074	0.004400999	0.004145138	0.00384588	0.005114607	0.003802901	0.002166029	0.004370231	0.004239259	0.002657364	0.003533483	0.003489887	0.00430754	0.005624903	0.004826478	0.001661741	0.002529249	0.003891499	0.003941362	0.002283768	0.003843265	0.003140505	0.003233506	0.002525601	0.002743054	0.002842046	0.002839234	0.002470037	0.005915912	0.006035097	0.004366769	0.002608184	0.002762278
29/10/2022 06:05:00	14	0.007238382	0.005236019	0.007990981	0.005274448	0.006616152	0.006475924	0.004165838	0.004441569	0.005525484	0.007064043	0.003868512	0.004341679	0.005694849	0.01146901	0.005669205	0.006053366	0.007109335	0.005862037	0.005081917	0.004370356	0.005563181	0.004883726	0.006529358	0.006614545	0.005153655	0.007741053	0.00552548	0.003599032	0.005761076	0.00818444	0.005052865	0.005895175	0.005570149	0.007392336	0.006998593	0.006650674	0.003037792	0.003972494	0.005769462	0.006362128	0.00482803	0.006786636	0.00572222	0.005989825	0.004772091	0.005318879	0.004638575	0.004898136	0.005061307	0.00792869	0.01090101	0.007668618	0.005422716	0.004660415
29/10/2022 08:05:00	16	0.01165537	0.009781686	0.01324609	0.009913998	0.01173796	0.01124803	0.006887382	0.008492607	0.01038773	0.01231202	0.006887368	0.007282534	0.01073305	0.01498197	0.009904454	0.01292083	0.01160221	0.01130007	0.01015797	0.009414646	0.01065756	0.0102224	0.01120014	0.01133439	0.008021461	0.01394461	0.01075234	0.00653507	0.009375259	0.01605711	0.009617966	0.01106349	0.009932254	0.01339969	0.01258595	0.01136974	0.006014886	0.007720874	0.009027343	0.01111899	0.01003767	0.01238403	0.01066036	0.0110585	0.01133198	0.01022443	0.00790816	0.01008908	0.01040957	0.01852646	0.01947939	0.01477442	0.01055817	0.009333835
29/10/2022 10:05:00	18	0.02069435	0.01892452	0.02440561	0.01999667	0.02544621	0.02099883	0.01391619	0.01503653	0.01860902	0.02091755	0.01296843	0.01391615	0.02045456	0.02372791	0.0190589	0.02641758	0.02098887	0.02282329	0.01859991	0.01913891	0.01998354	0.02104353	0.02032894	0.02083154	0.01455426	0.02482624	0.02006955	0.01365959	0.01667088	0.02851379	0.01892162	0.0203212	0.01743527	0.02343397	0.01879584	0.02030585	0.01349666	0.01491214	0.01696138	0.01986453	0.01882897	0.02482047	0.02137778	0.0205103	0.02617662	0.02087284	0.01370811	0.02139816	0.02040504	0.03203593	0.03339988	0.02622157	0.02064328	0.01798468
29/10/2022 12:05:00	20	0.0381736	0.03715281	0.04979227	0.03817489	0.05040229	0.03961813	0.02769341	0.02912746	0.03698748	0.03920299	0.025375	0.02707576	0.03881871	0.04351461	0.03667037	0.05199303	0.03781274	0.03900177	0.03645708	0.03727031	0.03968619	0.04442017	0.03688044	0.0401712	0.02594661	0.04656406	0.03981969	0.02820828	0.03126979	0.05048699	0.03596373	0.03975024	0.03425072	0.04427659	0.0361943	0.03934636	0.02778721	0.02960312	0.03211961	0.0353877	0.03526882	0.04460625	0.04296533	0.03613968	0.05224099	0.04131912	0.02784621	0.04388346	0.0398768	0.09869994	0.0523431	0.04644128	0.0401906	0.03707778
29/10/2022 14:05:00	22	0.06645677	0.06851933	0.08799186	0.06417726	0.08390861	0.0654346	0.05042461	0.05111216	0.06466653	0.06823822	0.04369082	0.0491573	0.06729382	0.07299907	0.06505007	0.08630718	0.05870231	0.06947853	0.05885098	0.06843787	0.07096356	0.08054126	0.06176188	0.06900308	0.0433603	0.07333072	0.07113128	0.04967485	0.05687651	0.08626191	0.06208442	0.05903975	0.05859587	0.07542542	0.06219051	0.06766578	0.05038177	0.0524895	0.05580058	0.05874368	0.06552874	0.07446375	0.07353259	0.06170759	0.09356189	0.07315304	0.04777344	0.07718147	0.07004674	0.1172288	0.08484025	0.07889444	0.07116611	0.06368167
29/10/2022 16:05:00	24	0.1177743	0.1219863	0.142196	0.1075632	0.1417733	0.1134396	0.0886512	0.08722415	0.1058225	0.113952	0.07639742	0.07720354	0.1156497	0.1142932	0.1130608	0.1445594	0.1010246	0.1146782	0.1056044	0.1168284	0.1162772	0.1323357	0.09925616	0.1131221	0.0750275	0.1141406	0.1152111	0.08640994	0.09941143	0.1421284	0.1047548	0.1059576	0.08880176	0.1292905	0.09926695	0.1112376	0.09221558	0.09015219	0.09520298	0.09563816	0.1106366	0.1167079	0.1200695	0.1057252	0.1508982	0.1192843	0.086269	0.1333424	0.1168817	0.167414	0.1391888	0.1112422	0.1182027	0.1136223
29/10/2022 18:05:00	26	0.191273	0.2106947	0.2363934	0.1787862	0.2511863	0.1945504	0.1405647	0.1392768	0.1611067	0.193474	0.1285677	0.1290359	0.1881329	0.1853686	0.1897773	0.222343	0.1658592	0.2104674	0.164087	0.1886142	0.2033726	0.2052076	0.1612381	0.1894532	0.1246641	0.1830133	0.1895183	0.1386544	0.1741203	0.2264875	0.1688539	0.1563628	0.1450113	0.2078965	0.1643054	0.17267	0.1548225	0.1475001	0.1607715	0.1450663	0.1872491	0.1780519	0.2062663	0.1711404	0.2394181	0.1816193	0.1413187	0.2245263	0.1935686	0.2522838	0.2168841	0.2204311	0.1875065	0.1935101
29/10/2022 20:05:00	28	0.2788206	0.3286207	0.3145444	0.2831915	0.4235224	0.2884596	0.2165094	0.2348163	0.2533491	0.3055372	0.204674	0.2112215	0.3013791	0.2793034	0.2900963	0.3132703	0.253871	0.3023175	0.2958175	0.2838581	0.3070384	0.3081794	0.2496977	0.284548	0.1791867	0.2708371	0.2949414	0.2139863	0.2696028	0.3981212	0.2643169	0.2373082	0.224135	0.3479342	0.2315427	0.254268	0.2371946	0.229867	0.2393913	0.2191209	0.2940111	0.3126709	0.3173377	0.2650783	0.3626487	0.259236	0.2092712	0.3443742	0.2909771	0.3635259	0.3413285	0.2907955	0.2729419	0.3071509
29/10/2022 22:05:00	30	0.4239882	0.4765797	0.4603588	0.3960254	0.5758623	0.4087736	0.3354989	0.3491642	0.366542	0.4639813	0.3086636	0.3621663	0.4482111	0.4065276	0.419188	0.4598901	0.3796386	0.4419209	0.4189977	0.4732652	0.4486959	0.4654598	0.365688	0.4564316	0.2823551	0.4179364	0.4678096	0.3112988	0.3695644	0.5755194	0.4177979	0.3692391	0.3501614	0.4920122	0.4096671	0.371314	0.3520645	0.375467	0.3386559	0.3141769	0.4121181	0.4580139	0.4628021	0.4044922	0.5854319	0.3665703	0.3206778	0.5344518	0.4198373	0.5490423	0.4928578	0.4036678	0.3836862	0.4414451
30/10/2022 00:05:00	32	0.5948401	0.6496761	0.6116455	0.5115405	0.852777	0.6392291	0.4798423	0.5447214	0.5642591	0.6244172	0.434559	0.4821937	0.6206653	0.6159422	0.6118992	0.70836	0.5130956	0.6216165	0.5763857	0.6372625	0.6179426	0.6648931	0.5136823	0.6517141	0.4028382	0.6110342	0.6340123	0.4480396	0.5559587	0.8232404	0.5779892	0.5776064	0.5467908	0.6679155	0.4900202	0.5551469	0.4938556	0.5606263	0.4808567	0.4578055	0.5985991	0.6843303	0.646461	0.5721809	0.8266082	0.519673	0.5028944	0.8276457	0.6395555	0.7427005	0.7087703	0.6042864	0.5746689	0.6371869
30/10/2022 02:05:00	34	0.8673927	0.8478608	0.8099987	0.7469316	1.185023	0.8498839	0.6697111	0.7081087	0.8736397	0.8365048	0.6124656	0.6704806	0.811308	0.9680061	0.8390853	0.9482249	0.7176989	0.8504369	0.8206844	0.8304722	0.8596699	0.9388415	0.7529311	0.8800881	0.5397221	0.8690158	0.9745679	0.6195037	0.7936217	1.116943	0.8010724	0.7692996	0.7004142	1.047329	0.649828	0.8135492	0.6217501	0.7600207	0.6948112	0.6718032	0.7932748	0.8935027	0.8597198	0.7808827	0.9767866	0.6695863	0.7433741	1.278435	0.8742773	0.9261155	1.003048	0.7745294	0.8042982	0.9150796
30/10/2022 03:05:00	35	1.118948	1.167303	1.048226	0.9571097	1.572741	1.164754	0.8869601	1.03327	1.120982	1.148613	0.8072407	0.9497364	1.054959	1.18284	1.108772	1.211317	1.012392	1.083556	1.038685	1.043962	1.130858	1.314252	0.9999087	1.189945	0.7084512	1.128866	1.269046	0.8719426	1.077731	1.456053	1.101295	1.050309	0.9854205	1.335462	0.9588004	1.051356	0.9226129	1.048856	0.9567533	1.031541	1.052756	1.211982	1.122641	1.063654	1.393247	0.8212084	0.9500367	1.754994	1.110588	1.178871	1.378887	0.9572834	1.032261	1.188072
30/10/2022 04:05:00	36	1.394143	1.312053	1.159471	1.085989	1.88524	1.278653	1.045781	1.147091	1.250051	1.311702	0.9398496	1.069397	1.361369	1.369488	1.224933	1.443298	1.311558	1.259546	1.309926	1.2271	1.304633	1.516838	1.16073	1.340027	0.8377305	1.275379	1.420408	1.036761	1.239658	1.677996	1.203375	1.214274	1.138636	1.447557	1.182948	1.214279	1.102035	1.354748	1.117225	1.21324	1.240897	1.566935	1.274107	1.26236	1.622865	0.9483804	1.137965	2.037174	1.246975	1.391659	1.583143	1.111038	1.12427	1.323349
30/10/2022 06:05:00	38	1.673852	1.574302	1.478962	1.435493	2.250068	1.538673	1.335273	1.465639	1.536722	1.691578	1.209941	1.376379	1.644105	1.71939	1.665072	1.702779	1.558079	1.496376	1.777783	1.600561	1.57206	1.744721	1.529749	1.603074	1.016067	1.661322	1.747533	1.41281	1.642278	1.966716	1.527482	1.62633	1.47873	1.930978	1.494249	1.635035	1.414044	1.57738	1.446102	1.525281	1.606688	1.958906	1.639112	1.68597	2.214226	1.214021	1.509587	2.782224	1.545194	1.617957	1.98835	1.359739	1.511619	1.672117
30/10/2022 08:05:00	40	1.995144	2.031912	1.902838	1.768028	2.586563	1.803972	1.607371	1.959807	1.900424	2.015407	1.538724	1.725841	2.117834	2.031354	2.177828	2.022632	2.02382	1.742563	2.127442	2.005719	2.004998	2.003955	1.769635	1.92434	1.281346	1.942228	2.047583	1.787139	1.881391	2.536958	1.926514	1.945856	1.784191	2.152989	1.914567	1.846954	1.916452	1.919362	1.867222	1.78766	1.886055	2.245205	1.919577	2.009238	2.712984	1.535655	1.988556	3.395339	1.866407	1.857792	2.402445	1.665969	2.030847	1.882835
30/10/2022 10:05:00	42	2.446879	2.529201	2.262649	2.127775	3.098818	1.933633	1.962848	2.324844	2.350164	2.55042	1.835836	2.089825	2.518869	2.346851	2.425875	2.415212	2.563766	1.949475	2.511467	2.405253	2.355227	2.409912	2.047228	2.140195	1.684435	2.295334	2.339526	2.212326	2.285056	2.790674	2.285341	2.365142	2.065893	2.773218	2.435778	2.318972	2.398808	2.196144	2.309841	2.165509	2.218689	2.534353	2.22336	2.420142	3.119332	1.839011	2.450834	4.078825	2.258353	2.252561	2.695019	2.087024	2.473021	2.277264
30/10/2022 12:05:00	44	2.998515	2.745227	2.645592	2.641798	3.4388	2.454571	2.176034	2.90641	2.778425	2.814382	2.353122	2.410671	2.865751	2.530544	2.821917	2.76584	2.816421	2.256407	2.615048	2.800848	2.748927	2.771262	2.376973	2.272855	2.089665	2.515948	2.715384	2.526468	2.800728	3.263166	2.581324	3.049065	2.344109	3.224541	2.585357	2.698092	2.861001	2.446243	2.681696	2.561843	2.684733	2.702054	2.693949	2.798982	3.717668	2.316033	2.835838	4.723303	2.551924	2.513375	3.066779	2.439289	2.691442	2.791998
30/10/2022 14:05:00	46	3.283072	3.21031	3.010902	3.047722	4.289993	2.679222	2.517587	3.277525	2.975137	3.224665	2.664949	2.661361	3.094431	2.831391	3.145519	3.252985	3.218621	2.57607	2.809438	3.038577	3.122225	3.100059	2.694687	2.337546	2.30734	3.03812	2.911881	2.914443	3.202031	3.553813	2.811809	3.280227	2.658854	3.652159	2.870719	3.161335	3.363281	2.73298	3.003673	2.850411	2.74459	3.024438	3.033122	3.375698	4.03708	2.950178	3.35252	5.108091	3.062628	2.837668	3.34165	2.75943	2.953259	3.216377
30/10/2022 16:05:00	48	3.5859	3.480608	3.772954	3.480071	4.150507	3.03339	3.100324	3.555872	3.173222	3.403291	2.991929	3.190916	3.53871	3.267846	3.466534	3.525888	3.440862	2.860259	3.042655	3.367929	3.360724	3.393311	2.976893	2.545493	2.532129	3.399477	3.125813	3.004891	3.497942	3.703011	3.196336	3.514432	2.800467	3.954877	3.13089	3.567179	3.609348	3.027696	3.253838	3.038877	2.901474	3.315028	3.277193	3.940585	3.933589	3.134275	3.480601	5.512648	3.319396	3.154946	3.764082	3.132441	3.547861	3.671199
30/10/2022 18:05:00	50	3.720471	3.966993	4.104163	3.691568	3.882305	3.156722	3.253494	3.800821	3.653636	3.660389	3.317921	3.380665	4.036801	3.402414	3.781086	3.873629	3.685537	3.320626	3.196211	3.506609	3.607175	3.608896	3.237926	2.805315	2.692664	3.671557	3.35466	3.170418	3.7397	3.837294	3.434602	3.720872	2.984613	4.168007	3.293622	3.862502	3.940429	3.123083	3.539256	3.265841	3.161088	3.490937	3.465926	4.193247	3.79418	3.975914	3.70511	5.848942	3.485984	3.524834	4.20837	3.489183	4.170846	3.963974
30/10/2022 20:05:00	52	4.059204	3.976409	4.432632	4.040887	4.053526	3.370134	3.4447	3.987921	3.903903	3.732513	3.538737	3.534102	4.290508	3.885702	3.900651	4.200535	3.882944	3.368073	3.487811	3.476175	3.600801	3.679108	3.390466	2.82649	2.86955	3.966079	3.599153	3.315495	4.07937	4.08116	3.631114	3.820569	3.069246	4.284826	3.467658	4.128652	4.069066	3.308244	3.625573	3.548546	3.33526	3.503651	3.542976	4.406814	3.311734	4.558562	3.857797	5.983502	3.795335	3.813998	4.555413	3.469802	4.445609	4.238235
30/10/2022 22:05:00	54	4.273373	4.127792	4.647502	4.250792	4.038499	3.506264	3.688562	3.934872	4.439008	3.609687	3.748311	3.648533	4.310588	3.986261	3.896219	4.308861	3.83895	3.205334	3.614215	3.625367	3.691361	3.725899	3.486117	2.809106	3.026066	4.122316	3.811085	3.660959	4.023399	4.112224	3.852247	3.736207	3.171653	4.218661	3.751953	4.082305	4.083219	3.355847	3.659073	3.544027	3.398516	3.498117	3.740984	4.674883	3.253938	4.59444	4.008141	5.754056	4.127859	3.966267	4.678752	3.72989	4.407122	4.250402
31/10/2022 00:05:00	56	4.269668	4.208799	4.727499	4.523863	3.861619	3.625287	3.775558	3.953383	4.518334	3.627428	3.668293	3.846579	4.14452	4.129751	4.143113	4.112502	3.792575	3.136083	3.541482	3.742313	3.73806	3.903749	3.529877	2.84941	3.034404	4.287947	3.931971	3.701658	3.968276	4.261414	3.778636	3.707436	3.133435	4.047966	3.938469	4.104294	4.084548	3.395504	3.740946	3.568314	3.532214	3.399709	3.804175	4.944069	3.227232	4.739868	3.899443	5.74611	4.182686	4.057863	4.749205	3.574689	4.510568	4.410316
31/10/2022 02:05:00	58	4.140957	4.166898	4.681298	4.65249	3.734267	3.754596	3.870145	4.023823	4.493478	3.482492	3.539135	4.010545	4.088674	4.051093	4.402436	3.939552	3.838244	3.079143	3.566581	3.618103	3.657717	3.958726	3.492979	2.904779	3.186281	4.197122	3.818393	3.878463	3.85345	4.257194	3.599535	3.575232	3.090603	4.115125	3.809319	4.003854	4.027507	3.418885	3.606102	3.558926	3.586939	3.432018	3.779923	5.077775	3.268363	4.457665	3.829162	5.515766	4.289524	3.944957	4.723894	3.583042	4.337646	4.242972
31/10/2022 04:05:00	60	3.982915	4.339527	4.765019	4.705296	3.619059	3.600089	3.800773	3.877807	4.630601	3.423514	3.703868	3.946114	4.093783	4.066412	4.145067	3.89794	3.643089	3.043906	3.48304	3.483384	3.387952	3.868926	3.351489	2.858573	3.3425	4.211749	3.770606	3.849203	3.603173	4.249193	3.439356	3.523794	3.058918	3.934428	3.768421	4.006545	4.055116	3.166906	3.51047	3.62629	3.4209	3.384967	3.584982	5.029154	3.285154	3.990734	3.88828	5.439654	4.357402	4.032326	4.737724	3.647845	4.310935	4.186849
31/10/2022 06:05:00	62	3.893829	4.212361	4.66287	4.665324	3.520716	3.376328	3.669754	3.703873	4.558991	3.470189	3.763391	3.851473	4.02504	4.20572	3.849485	3.579154	3.436082	2.890734	3.158232	3.361151	3.200891	3.707999	3.208821	2.779293	3.176332	4.070838	3.658722	3.70456	3.436136	3.957289	3.373984	3.343263	3.02493	3.880215	3.708307	3.873621	3.92684	3.039896	3.263431	3.466272	3.367624	3.269584	3.395778	4.879493	3.117273	3.972342	3.914079	5.046807	4.183106	4.121817	4.677693	3.618928	4.11063	4.204842
31/10/2022 08:05:00	64	3.662659	4.127303	4.51638	4.60745	3.40946	3.33493	3.288787	3.644378	4.361156	3.478352	3.5007	3.852372	3.866596	4.184264	3.760232	3.355	3.348236	2.597681	2.972299	3.152036	3.111208	3.594501	2.97017	2.624593	3.086763	3.748112	3.581513	3.323399	3.161767	3.907748	3.217455	2.918725	2.889717	3.657387	3.470966	3.735898	3.64085	2.911963	3.117817	3.239358	3.155433	3.064013	3.1148	4.598612	3.154946	3.955314	3.909229	4.757076	4.036215	4.013547	4.677505	3.465407	3.95829	4.049461
31/10/2022 10:05:00	66	3.515868	4.064865	4.378084	4.256882	3.582458	2.982708	3.041526	3.715087	4.040687	3.367849	3.520927	3.694479	3.535897	3.980802	3.449228	3.102057	3.196775	2.384654	2.861241	2.950471	2.833732	3.31161	2.703078	2.515385	3.069514	3.559957	3.311989	3.288217	2.955187	3.656736	3.160411	2.748173	2.712243	3.361801	3.213967	3.32025	3.330786	2.77027	2.990845	3.044114	2.901608	2.953124	2.645425	4.407335	3.624959	3.785285	3.81915	4.679057	3.920753	4.050433	4.548467	3.522438	3.87693	4.014839
31/10/2022 12:05:00	68	3.415876	3.916303	4.111098	3.979834	3.728405	2.809056	2.89762	3.589034	3.744829	3.354675	3.304259	3.581011	3.471588	3.401519	3.470224	3.007749	2.871475	2.177465	2.572804	2.852613	2.597617	2.971308	2.588395	2.22987	2.940768	3.352387	3.015953	3.030067	2.839696	3.453475	2.825394	2.65646	2.632945	2.964429	2.93272	3.21069	3.174954	2.535036	2.62638	2.740472	2.750457	2.670677	2.441164	4.312032	3.855254	3.917112	3.590132	4.585527	3.678333	3.958297	4.193394	3.310991	3.497756	3.881738
31/10/2022 14:05:00	70	3.078165	3.564869	3.958653	3.835161	3.60941	2.550991	2.841316	3.291109	3.465397	3.162284	3.0879	3.366513	3.078351	3.225753	3.118035	2.82353	2.606644	1.954978	2.327668	2.640911	2.398582	2.621548	2.149976	1.922067	2.669423	2.925786	2.573267	2.764122	2.617139	3.217933	2.489525	2.31231	2.39772	2.738538	2.279115	2.625554	2.863652	2.259562	2.328218	2.49017	2.411792	2.321204	2.049088	3.822579	4.417057	3.480222	3.410125	4.347751	3.405822	3.660253	4.079443	3.352355	3.298632	3.681404
31/10/2022 16:05:00	72	3.096446	3.593988	3.920697	3.466019	3.89841	2.472717	2.826916	3.089562	3.371951	2.974658	2.996216	3.33645	3.041399	3.239913	2.888456	2.747942	2.391946	1.751089	2.226522	2.525729	2.208763	2.307803	2.072215	1.713119	2.415906	2.690063	2.251081	2.279365	2.235646	3.016778	2.145066	2.083035	2.241375	2.51935	2.082783	2.463319	2.733133	2.026564	2.189195	2.238157	2.232648	2.181185	1.852214	3.547407	4.463532	3.563216	3.279908	4.218843	3.131285	3.505567	4.03189	3.109395	3.254942	3.430306
