Vessel Name: 13042020_InCu_KaKr_KK1-57_P2_1
Metric: GFP Integrated Intensity / RFP Integrated Intensity
Cell Type: 
Passage: 0
Notes: 
Analysis: KaKr-A549-H2B-GFP/-RFP_DEFv10

Date Time	Elapsed	AC005013.1	ACO1	ADAM12	ADAMDEC1	ADAR	ADORA3	AIM2	AKAP2	ALOX5AP	ANKRD22	APOBEC3A	APOBEC3G	APOL1	APOL2	APOL3	APOL4	APOL6	ARAP1	ARL9	ASGR1	ATF3	ATF7IP	ATXN1	BATF	BATF2	BRD3	C19orf66	C6orf100	C9orf91	CAPN15	CASP1	CBFA2T3	CCL13	CCL2	CCL24	CCL7	CCL8	CCNA1	CCR1	CCR2	CD180	CD274	CD38	CD69	CD80	CEACAM1	CFB	CFHR1	CH25H	CHST2	CLEC5A	CLECL1	CMKLR1	CMPK2	CNP	CTAGE1	CX3CR1	CXCL10	CXCL11	CXCL3	CXCL9	CYP2J2	DCT	DDX58	DDX60	DDX60L	DEFB1	DHX58	DOK1	DOK2	DOK3	DTX3L	DUSP7	EMP1	EMR3	ENG	ENPP2	EPHB2	EPSTI1	ETV7	EVI2A	STAT1	MAVS	BST2	EIF2AK2	RSAD2	NTC1	NTC2	NTC3	NTC4	NTC5
13.04.2020 19:20:00	0	0.00660346	0.005305686	0.007204052	0.007602944	0.007940211	0.005710303	0.005609239	0.005907217	0.008215115	0.005259648	0.005572575	0.008973125	0.01223319	0.01026185	0.01065835	0.009537253	0.007073462	0.008926384	0.007446097	0.007794263	0.006160429	0.005838941	0.006828354	0.01009743	0.006914686	0.03725607	0.01651719	0.007598945	0.006666691	0.008738735	0.006841281	0.006944144	0.007349164	0.01177285	0.02639742	0.005299969	0.008249338	0.005296839	0.00702977	0.005178066	0.0196855	0.009769086	0.005674409	0.01194109	0.007886526	0.00601734	0.009154852	0.007839824	0.006205236	0.006015492	0.006190655	0.006573396	0.03353587	0.01559771	0.008358086	0.007395416	0.008386167	0.01732588	0.006411582	0.01518077	0.01816152	0.008911937	0.006093888	0.01587644	0.006561948	0.008069295	0.009141141	0.008565885	0.03422045	0.0168696	0.0073506	0.005630036	0.01059861	0.006699475	0.004685858	0.01274685	0.02769369	0.04182074	0.005294951	0.00489602	0.005817008	0.009043417	0.006217348	0.007190279	0.03942443	0.007187656	0.04939084	0.0117218	0.005904808	0.0116317	0.006962165
13.04.2020 22:20:00	3	0.007287891	0.006958394	0.008798724	0.008518527	0.01120958	0.007086298	0.006707719	0.007237699	0.008725188	0.007563425	0.005520963	0.007542509	0.01174602	0.01036355	0.01128967	0.009451105	0.0075362	0.007171981	0.006819528	0.008692327	0.005507339	0.006369539	0.006706576	0.01151855	0.008484049	0.03007376	0.0135411	0.007440074	0.006605669	0.009133844	0.006408449	0.006389522	0.006902684	0.01314333	0.01803575	0.006170585	0.009214614	0.005961494	0.005349679	0.005702115	0.01753534	0.009174986	0.007136017	0.01215099	0.007923109	0.007340874	0.007410832	0.008178965	0.007576683	0.007547019	0.007055054	0.007284115	0.02861473	0.0125457	0.008259837	0.009599663	0.009044276	0.0118379	0.006946983	0.0121332	0.01586096	0.009066836	0.007084695	0.01443683	0.006631867	0.009979987	0.008992333	0.009845314	0.02397098	0.01250353	0.00771929	0.005777588	0.008096301	0.008269084	0.005670432	0.0122043	0.01950185	0.03678923	0.006931817	0.005924562	0.0069978	0.01000758	0.007436986	0.00811443	0.03298416	0.006906379	0.03302106	0.008177643	0.007192442	0.01264225	0.008327104
14.04.2020 01:20:00	6	0.006777985	0.006584635	0.008147969	0.008905318	0.01083281	0.00671382	0.006668355	0.00740989	0.007275192	0.006857957	0.005022405	0.006943385	0.009681404	0.008037831	0.01094231	0.008420204	0.007772448	0.005975768	0.007394652	0.007546849	0.005061722	0.005155091	0.006118707	0.009849154	0.008192386	0.02021105	0.008376301	0.006151326	0.006943926	0.007969741	0.006544224	0.005440858	0.00654996	0.01275424	0.01032197	0.005892554	0.00733282	0.005475682	0.004730342	0.005968245	0.01225778	0.007967236	0.006710775	0.01027865	0.006980151	0.007214651	0.00762767	0.006581675	0.007090201	0.006639593	0.005907441	0.006162168	0.01999262	0.009193467	0.007767277	0.007846858	0.008229196	0.007874201	0.005891417	0.009318751	0.01122487	0.007143704	0.007495707	0.01100365	0.005866409	0.007194735	0.007724892	0.008895177	0.01534344	0.01017645	0.007374012	0.005026293	0.005192351	0.006533808	0.005464671	0.008418175	0.01348763	0.02736957	0.00645999	0.004955594	0.006368182	0.01005882	0.007096927	0.008327019	0.006250236	0.00737764	0.02414443	0.006759252	0.006344854	0.0127383	0.007577751
14.04.2020 04:20:00	9	0.007254172	0.006108224	0.007358099	0.009158234	0.009565598	0.00671863	0.009818875	0.007985031	0.00759702	0.006427766	0.004809189	0.006127758	0.00752609	0.008127975	0.009075451	0.007973537	0.006533487	0.005996678	0.006612923	0.007334204	0.005304378	0.005227537	0.006935555	0.008797425	0.006687273	0.01332614	0.007836046	0.005350616	0.007046821	0.006964013	0.006630507	0.00542518	0.0063833	0.01136093	0.007980749	0.006024153	0.006144851	0.005784708	0.005104639	0.005396406	0.01073127	0.007129268	0.006076334	0.009304701	0.006186174	0.007375937	0.007701258	0.006184165	0.005673153	0.006495767	0.005898607	0.005313922	0.01296756	0.007741066	0.006509664	0.007808684	0.008206713	0.006581811	0.006362849	0.007134247	0.009495446	0.006627409	0.007026066	0.009577434	0.005404798	0.006429909	0.00899858	0.008455371	0.01100706	0.008591714	0.006736333	0.004086237	0.004838071	0.006601027	0.005196988	0.006740698	0.00867523	0.02380584	0.008257039	0.005359768	0.006234275	0.008790546	0.006105186	0.009216724	0.006560971	0.006655951	0.008334951	0.006727756	0.006701212	0.01099387	0.007139389
14.04.2020 07:20:00	12	0.008694784	0.007093833	0.008303117	0.01004358	0.00925362	0.007287255	0.01426026	0.009556492	0.009548591	0.007343536	0.006248111	0.007249313	0.007986	0.00912744	0.009736715	0.008115535	0.006901393	0.006321493	0.007292446	0.007396006	0.006629196	0.006263267	0.007846329	0.008551377	0.006853744	0.01073673	0.008538081	0.006180459	0.008282677	0.007859718	0.00803264	0.005392916	0.006990344	0.01144094	0.007893581	0.007231963	0.006025094	0.007700637	0.00518199	0.006588564	0.01182314	0.007668373	0.007087298	0.01075559	0.00698859	0.008294013	0.008824526	0.006512887	0.00676213	0.009631421	0.006418923	0.006117651	0.01043979	0.009028776	0.007863627	0.00937604	0.007963048	0.008216766	0.006811372	0.007297277	0.0101848	0.006970069	0.007306151	0.009084947	0.006151794	0.007247029	0.01342425	0.01085198	0.009668397	0.007759	0.007041164	0.00410903	0.005028414	0.008599426	0.006898604	0.007873892	0.006626632	0.02168993	0.01227192	0.007029251	0.00664426	0.008663532	0.006934528	0.01636363	0.008662133	0.006957575	0.00726467	0.008158931	0.008366324	0.0114244	0.008215403
14.04.2020 10:20:00	15	0.01230381	0.009646282	0.01315373	0.01271075	0.01021904	0.009957192	0.02390319	0.01310694	0.01465211	0.01091795	0.00975137	0.009463335	0.008940959	0.01372291	0.0124533	0.01225133	0.01029502	0.008096844	0.009737466	0.01008603	0.01005901	0.009324884	0.01129349	0.00926472	0.008855371	0.01419693	0.01400304	0.009111983	0.01117845	0.0104328	0.01359777	0.007479703	0.009804193	0.01552582	0.0103487	0.01228407	0.008361857	0.01493761	0.007312312	0.009229159	0.0166764	0.009962327	0.01129044	0.01363116	0.009756024	0.01184505	0.01205705	0.009367947	0.008757614	0.01565302	0.009683586	0.009043784	0.01133445	0.01239078	0.01125352	0.01501683	0.01308794	0.01055767	0.009165005	0.009850384	0.01409363	0.01051357	0.01094665	0.01211168	0.00949815	0.01178359	0.01388456	0.01509179	0.01008676	0.008693261	0.009050982	0.006165975	0.007937863	0.01252312	0.01175241	0.01060977	0.008580752	0.02305941	0.01828088	0.01077487	0.007873161	0.01065857	0.009866524	0.02764149	0.01647197	0.01053771	0.009410592	0.01195944	0.01387903	0.01569592	0.01157876
14.04.2020 13:20:00	18	0.02178024	0.01767022	0.02387714	0.01937474	0.01677798	0.01746288	0.0355747	0.02296344	0.03011485	0.02111075	0.01717781	0.0155555	0.01559526	0.0259373	0.02307676	0.02281895	0.01949345	0.01161341	0.01707979	0.01819015	0.01841665	0.01606077	0.02119913	0.01295436	0.01801479	0.02773899	0.02512587	0.01529954	0.01820607	0.01817994	0.02502827	0.01458095	0.01660333	0.0257199	0.01792261	0.02647479	0.01651869	0.02958456	0.01334727	0.01714919	0.02793675	0.01929116	0.02085019	0.02327326	0.01812135	0.02099768	0.02029315	0.0175522	0.01580924	0.02591811	0.01799788	0.01507912	0.01614306	0.02015369	0.0200396	0.02441729	0.01915322	0.01709341	0.01578802	0.01867956	0.02525541	0.02068595	0.01797549	0.02220963	0.0183004	0.02394561	0.02689524	0.0270963	0.01304898	0.01420735	0.01444001	0.01166221	0.01383756	0.02165429	0.0217395	0.01903471	0.0158456	0.02819139	0.02571104	0.02021032	0.01177672	0.01680204	0.01537688	0.04623264	0.03305329	0.02040659	0.01711808	0.02453858	0.02897006	0.02811107	0.02038351
14.04.2020 16:20:00	21	0.03870225	0.03719962	0.04759328	0.03700827	0.03315986	0.03243959	0.07335401	0.04419845	0.04960001	0.0422446	0.03305573	0.0293797	0.03261174	0.04931492	0.04059695	0.04777867	0.03895049	0.02072875	0.03609014	0.03837154	0.03487832	0.0334964	0.03823272	0.02179977	0.03874591	0.05495536	0.05732101	0.03084654	0.03091112	0.03636647	0.04905026	0.03502176	0.03289011	0.0489959	0.03093704	0.05864197	0.03361727	0.0513302	0.02870557	0.03574197	0.04770592	0.04162498	0.03765998	0.0466524	0.03653131	0.04372543	0.03661816	0.03779775	0.03068726	0.04932881	0.035566	0.02725794	0.03125129	0.03884999	0.03904395	0.05099303	0.03423571	0.03014255	0.0294489	0.03699775	0.04754575	0.04176074	0.03449906	0.03940932	0.03802256	0.04959922	0.04925716	0.04860764	0.02103405	0.02682533	0.02634371	0.02733107	0.02706134	0.03833262	0.04441086	0.0387738	0.03395716	0.04811611	0.04310414	0.03908734	0.02092573	0.03041526	0.02802604	0.05846869	0.05798324	0.04334395	0.03402498	0.05168318	0.05839401	0.05281064	0.04105199
14.04.2020 19:20:00	24	0.07491416	0.07348837	0.09519328	0.07639169	0.06899741	0.0606452	0.1222025	0.08798421	0.09578599	0.0831527	0.06310692	0.05451773	0.06684414	0.09373547	0.07360318	0.1010008	0.07135718	0.04208354	0.07429716	0.0794535	0.06637479	0.06699402	0.07277794	0.04244737	0.08604862	0.1020512	0.1155533	0.06542178	0.06096783	0.07927484	0.09953651	0.07759069	0.06855238	0.09338652	0.06145613	0.1216262	0.07326693	0.09584083	0.06244978	0.07160078	0.1027094	0.08260218	0.07523139	0.09777559	0.07269289	0.08420695	0.07416026	0.0792088	0.05982758	0.09595785	0.06499975	0.0531442	0.05919519	0.07517093	0.07506512	0.09633406	0.06002763	0.05478125	0.05388331	0.07386585	0.09604812	0.08835977	0.06669668	0.07426751	0.07440522	0.09758359	0.0891804	0.09158701	0.04115282	0.05502703	0.04847832	0.05987843	0.05626115	0.0763264	0.08887158	0.07460649	0.06750748	0.09280331	0.07288904	0.07505715	0.03927622	0.06195846	0.05515455	0.1050731	0.1181499	0.07866763	0.07463327	0.1024753	0.1045946	0.09990042	0.08367638
14.04.2020 22:20:00	27	0.1277369	0.128132	0.1759134	0.1489634	0.1305833	0.107016	0.217817	0.1627106	0.1766278	0.1540577	0.1214574	0.104716	0.1291361	0.1786521	0.1411181	0.1906698	0.1370526	0.08494919	0.1406062	0.1464978	0.1254751	0.1296635	0.1365906	0.08218116	0.1657488	0.1879	0.2208901	0.133518	0.0981884	0.1503546	0.178326	0.1562852	0.1276563	0.1668508	0.1142045	0.2251863	0.1442059	0.1743453	0.1233752	0.1258176	0.1674803	0.164089	0.1384908	0.1778194	0.1491521	0.158381	0.135834	0.1544811	0.1127345	0.1583	0.1271096	0.1048904	0.1159891	0.13964	0.1410968	0.1685754	0.1039903	0.1154995	0.09981924	0.1326016	0.1666856	0.1466897	0.127474	0.1385616	0.1388326	0.1684037	0.1730031	0.166413	0.08311474	0.1088413	0.08589775	0.1209308	0.1087954	0.1502878	0.1710747	0.1405066	0.1299279	0.1486915	0.1352856	0.1257789	0.07847993	0.1125899	0.1093783	0.1595989	0.2102045	0.158307	0.1407432	0.1806693	0.1952709	0.2038266	0.1693337
15.04.2020 01:20:00	30	0.2155545	0.235125	0.2987779	0.2674871	0.2148984	0.1787389	0.375637	0.2469432	0.316027	0.2764968	0.2164623	0.1895521	0.2368996	0.3002228	0.2413614	0.3252924	0.2232344	0.1558904	0.2380223	0.2541654	0.2096727	0.231955	0.234731	0.1520974	0.2922613	0.3279883	0.3636909	0.2487153	0.1635946	0.265016	0.3027401	0.2877563	0.2058908	0.2907631	0.1773788	0.3702519	0.2615713	0.3112425	0.2319982	0.2134818	0.3052778	0.2558193	0.2406096	0.2975265	0.2637907	0.2528256	0.2385374	0.2698759	0.2075931	0.3218886	0.2100829	0.2037155	0.2125224	0.2411449	0.2412718	0.2797859	0.1820038	0.1876452	0.1721846	0.2238316	0.2686052	0.2513202	0.2224461	0.2758103	0.2646842	0.2544271	0.2705258	0.2855649	0.1611119	0.1894118	0.1459215	0.233228	0.1993761	0.2527182	0.2769007	0.2504382	0.2215923	0.2820828	0.232344	0.2219974	0.1429944	0.1905308	0.1989323	0.2434611	0.3286891	0.2785578	0.2584343	0.3037745	0.304671	0.3594453	0.286067
15.04.2020 04:20:00	33	0.3146549	0.3716859	0.4638655	0.4429086	0.3185713	0.2755217	0.6037056	0.4005341	0.4967784	0.4360206	0.3685357	0.2972129	0.4084298	0.5016408	0.3921685	0.4916718	0.3704886	0.260976	0.3993544	0.3861267	0.3790249	0.3502533	0.3664495	0.2476471	0.4473921	0.5196666	0.6039442	0.3914475	0.2706698	0.4449558	0.4610109	0.4669789	0.3124886	0.4552087	0.2925754	0.6302433	0.4687358	0.552306	0.4087484	0.337643	0.4865151	0.4482303	0.3949181	0.4784048	0.406853	0.3853426	0.3719562	0.4316802	0.3233949	0.4729747	0.3344349	0.3379108	0.3148637	0.3654464	0.3743021	0.4416267	0.3027698	0.289572	0.2886238	0.3374148	0.4038866	0.4120729	0.3639206	0.4229445	0.4318249	0.3740476	0.4133017	0.4427607	0.2724309	0.3355836	0.2391786	0.3771867	0.3183008	0.4050728	0.4229756	0.3893048	0.3547286	0.4110575	0.3729924	0.3463832	0.2422063	0.2894489	0.3318132	0.362522	0.5264042	0.5213363	0.3945941	0.4990559	0.5367727	0.5481329	0.487963
15.04.2020 07:20:00	36	0.471457	0.590975	0.6551827	0.6510506	0.4709955	0.4371824	0.8055514	0.6111497	0.7116531	0.6398683	0.524271	0.5037959	0.6039843	0.7347288	0.6273031	0.771076	0.5942783	0.451378	0.6322973	0.5372596	0.5526696	0.5420959	0.5474291	0.3942751	0.6931897	0.7194417	0.9508771	0.624566	0.4082175	0.644924	0.6529692	0.7853188	0.4629909	0.7390455	0.4043162	0.9184639	0.6239712	0.7809912	0.6674958	0.5244393	0.6428943	0.6437472	0.5822413	0.7265252	0.6041136	0.5499041	0.5784906	0.6518551	0.4729373	0.6527393	0.4787477	0.548841	0.4859596	0.5070261	0.5547937	0.6632346	0.499718	0.4336383	0.4820158	0.5126476	0.5933154	0.6097565	0.5229465	0.6076355	0.6170088	0.6138331	0.6172607	0.6457681	0.4152573	0.5466219	0.3879774	0.548683	0.4871975	0.5894554	0.6042314	0.6060231	0.5200414	0.5969588	0.5388496	0.5129938	0.373094	0.463151	0.5118623	0.4696597	0.8163093	0.7464232	0.5908921	0.7448157	0.6981745	0.8500931	0.7077144
15.04.2020 10:20:00	39	0.6241875	0.9116269	1.031907	0.9022653	0.6292267	0.6348364	1.107723	0.8170477	1.02673	0.9110468	0.7270333	0.7474619	0.8634602	1.031084	0.9231979	1.135063	0.8219749	0.682177	0.8370453	0.7131558	0.7745049	0.7665023	0.7841009	0.5645636	1.027368	1.038372	1.121832	0.981493	0.5482801	0.9780378	0.8835412	1.087582	0.7353971	0.9884867	0.5318683	1.185513	0.8519325	1.054199	0.9868401	0.7096699	0.8082219	0.8825758	0.8357777	0.9976364	0.8283983	0.7742648	0.9018144	0.9059563	0.6924396	0.8931236	0.6739608	0.7912536	0.6363387	0.7165475	0.7298114	0.9871961	0.765159	0.6059775	0.716574	0.705994	0.8921338	0.8918567	0.7348284	0.893541	0.8771895	0.8379411	0.8907391	0.9108139	0.6353346	0.7628708	0.4989401	0.7965887	0.7435551	0.7982059	0.8656442	0.8390524	0.7464517	0.8712553	0.7378744	0.7012396	0.5302928	0.6102468	0.7067884	0.792325	1.048299	1.054944	0.8006421	1.157411	0.9507705	1.218193	1.011722
15.04.2020 13:20:00	42	0.8286998	1.246358	1.362956	1.216727	0.8411232	0.8278079	1.469735	1.053413	1.260203	1.147818	0.9608706	1.033807	1.209464	1.320128	1.190356	1.418026	1.098987	0.8872923	1.199805	1.01604	0.9449971	1.005906	1.142137	0.7477157	1.408577	1.26134	1.252227	1.341256	0.8464453	1.32353	1.248656	1.432281	1.019302	1.377265	0.6814939	1.567786	1.21792	1.31754	1.334263	0.9211446	0.9619771	1.221934	1.199203	1.269992	1.039811	1.075878	1.213519	1.23383	0.8663679	1.166998	0.9020505	1.079788	0.8265911	1.044275	0.9268849	1.330138	1.092963	0.878214	0.9848238	0.9243046	1.134468	1.15709	1.114537	1.210804	1.105468	1.117379	1.150704	1.374786	0.8258122	0.9940501	0.6814735	1.060146	0.9727319	1.052346	1.031303	1.153763	1.039817	1.029394	1.033966	0.9598898	0.735489	0.8072197	0.9681043	1.0114	1.330484	1.389526	1.081494	1.447646	1.241524	1.609633	1.52042
15.04.2020 16:20:00	45	1.016139	1.607935	1.693634	1.537459	1.166234	1.087665	1.774471	1.250489	1.503648	1.516785	1.386251	1.478424	1.612107	1.705003	1.640535	2.019638	1.331154	1.22113	1.401779	1.243823	1.233167	1.317174	1.520668	0.9459056	1.849736	1.592634	1.688462	1.752466	1.054196	1.828712	1.565485	1.913267	1.260432	1.979312	0.9108573	2.007533	1.501582	1.674505	1.731467	1.111054	1.177264	1.562396	1.568998	1.735903	1.248213	1.435341	1.589661	1.596846	1.213354	1.560228	1.298053	1.49433	1.137499	1.390398	1.100461	1.862852	1.497561	1.070444	1.361175	1.1946	1.553723	1.539151	1.452217	1.645473	1.415807	1.412004	1.539852	1.7617	1.107062	1.26062	0.8666844	1.380726	1.254261	1.236994	1.344439	1.448969	1.40311	1.378523	1.323387	1.213937	1.021415	1.148533	1.315104	1.130116	1.556726	1.510597	1.380209	1.831703	1.649418	2.05673	1.914796
15.04.2020 19:20:00	48	1.262734	2.055382	2.163778	1.748476	1.387672	1.340634	2.153976	1.615435	1.866692	1.910097	1.582315	1.713301	2.117589	2.062873	2.018864	2.539829	1.625046	1.457823	1.584277	1.507668	1.46722	1.782668	1.78906	1.269459	2.448769	1.991375	2.073847	2.293053	1.254838	2.247185	1.85747	2.250052	1.511705	2.301071	1.109686	2.283262	1.766555	1.93246	2.102926	1.401097	1.321979	1.753864	1.852974	2.165873	1.631011	1.88453	1.976487	2.105457	1.504925	1.85392	1.66237	1.757337	1.345888	1.695917	1.463228	2.142523	1.974227	1.252708	1.642781	1.527782	1.793723	1.899916	1.784753	1.974946	1.675596	1.710061	1.984551	2.196219	1.404351	1.483131	1.060151	1.708768	1.503485	1.684593	1.641442	1.718995	1.771658	1.720428	1.654569	1.637843	1.346202	1.653279	1.545122	1.556833	1.747362	1.68857	1.756447	2.223078	1.91486	2.589345	2.335009
15.04.2020 22:20:00	51	1.441502	2.510841	2.55636	2.044412	1.626833	1.554205	2.391382	2.039204	2.155532	2.201006	1.907432	1.991835	2.526439	2.322499	2.32555	2.947046	1.877833	1.509601	1.739435	1.877806	1.687684	2.103864	2.024368	1.450378	2.974815	2.304716	2.294058	2.546678	1.342798	2.826801	2.076896	2.649107	1.855373	2.872477	1.298951	2.321732	2.049504	2.027898	2.621712	1.680809	1.403339	1.890745	2.134827	2.580253	1.837146	2.327367	2.175728	2.24906	1.752015	2.079778	1.852668	1.962765	1.626252	1.985308	1.692721	2.203537	2.242383	1.596838	1.88694	1.841851	2.142926	2.259896	2.125037	2.623214	1.805895	1.990635	2.236085	2.468807	1.650732	1.863174	1.248551	2.050955	1.882473	1.955249	1.931085	1.837512	2.107262	1.994631	1.894378	1.911759	1.709472	1.988423	1.851135	1.671205	1.952356	1.997954	1.911801	2.451095	2.227952	3.014415	2.531014
16.04.2020 01:20:00	54	1.597376	2.734111	2.871237	2.257094	1.842087	2.000007	2.53889	2.157785	2.366415	2.410348	2.069921	2.179712	2.844831	2.600106	2.861471	3.232724	2.130246	1.601772	1.942008	2.121353	1.829013	2.311404	2.10425	1.539387	3.230731	2.59007	2.466589	2.902028	1.400558	3.087405	2.352094	2.970038	2.166995	3.314234	1.440846	2.481993	2.167863	2.184787	2.667532	1.734005	1.472471	2.191934	2.255303	2.898656	2.078303	2.622372	2.210746	2.558511	1.889264	2.236963	2.099747	2.008905	1.810071	2.057608	1.792256	2.274228	2.504413	1.87444	2.059033	1.98728	2.360004	2.486118	2.577961	3.124995	1.847871	2.128518	2.364787	2.66398	1.965255	2.067434	1.457483	2.182717	2.016644	2.217137	2.052881	1.856362	2.213768	2.157879	2.208345	2.401086	2.049217	2.18941	2.05993	1.708014	2.13232	2.207454	2.045277	2.729267	2.561984	3.144002	2.88123
16.04.2020 04:20:00	57	1.660323	2.948063	3.062616	2.383682	2.080458	2.114176	2.556842	2.079804	2.585276	2.510393	2.150806	2.256216	2.865028	2.641433	3.058696	3.387809	2.304224	1.589234	2.042813	2.229007	1.978257	2.473211	2.221238	1.647938	3.207885	2.595911	2.666323	3.096323	1.475223	3.234975	2.447707	3.066186	2.229939	3.626967	1.589654	2.42968	2.225224	2.22431	2.895141	1.89529	1.385693	2.224089	2.284936	2.98818	2.083754	2.786108	2.262136	2.675596	2.145338	2.14864	2.210866	1.961853	1.925232	2.206708	1.887128	2.35366	2.711725	2.039524	2.110622	2.134402	2.534563	2.610625	2.948909	2.955545	1.940077	2.213442	2.397051	2.74946	2.015819	2.203714	1.578304	2.252667	2.230727	2.381613	2.091488	1.854842	2.357368	2.231007	2.392228	2.582359	2.400646	2.317777	2.140261	1.750073	2.231376	2.07165	2.051084	2.975776	2.678996	3.070462	2.961699
16.04.2020 07:20:00	60	1.772959	2.981627	3.138018	2.380958	2.354649	2.162066	2.446822	2.16416	2.680353	2.483716	2.243746	2.176708	2.894974	2.617178	3.292752	3.455254	2.258185	1.57238	2.008408	2.33995	2.000934	2.458817	2.308783	1.668484	3.31289	2.574646	2.718449	3.056746	1.551739	3.242945	2.546235	3.109318	2.297972	3.849389	1.581353	2.344618	2.157148	2.109946	2.826035	1.847132	1.330045	2.205076	2.201153	2.992817	2.163712	2.877563	2.384748	2.776928	2.170441	2.190007	2.292596	1.927906	2.078251	2.238075	1.893089	2.296205	2.792403	2.166028	2.013001	2.220031	2.746466	2.742054	3.067388	2.996386	1.976817	2.227925	2.460103	2.844676	2.015672	2.175696	1.601927	2.281899	2.17374	2.422706	2.024965	1.881504	2.360154	2.129262	2.549547	2.558169	2.502861	2.697509	2.048819	1.769103	2.281972	2.043091	2.003997	2.940403	2.693044	3.192109	2.944124
16.04.2020 10:20:00	63	1.750444	2.949731	3.100872	2.574849	2.413435	2.206883	2.410437	2.062013	2.619941	2.637797	2.313613	2.118938	2.840674	2.466183	3.304793	3.360185	2.154056	1.400967	2.007671	2.232326	1.942962	2.397331	2.267969	1.637198	3.250365	2.66882	2.709208	3.028492	1.400865	3.301385	2.574323	3.048501	2.253705	3.869573	1.586755	2.31109	1.987465	1.93732	2.680789	1.774323	1.284865	2.21141	2.089894	3.082665	2.159504	2.94545	2.173838	2.539644	2.267724	1.982791	2.122548	1.826562	2.07317	2.143848	1.823532	2.252886	2.810705	2.253986	1.833206	2.309261	2.748538	2.770946	2.926307	3.021592	1.843929	2.24324	2.462526	2.824496	2.017804	2.280259	1.614646	2.348525	2.117253	2.423599	1.856315	1.662772	2.222118	1.978001	2.550297	2.534603	2.540635	2.803061	1.867987	1.653603	2.200411	1.871646	1.951565	2.89317	2.757071	3.16933	2.855293
16.04.2020 13:20:00	66	1.715743	3.000191	2.967099	2.519511	2.532175	2.146369	2.3143	1.97225	2.499614	2.559089	2.259225	2.084009	2.874601	2.352823	3.183517	3.285538	2.069556	1.297291	1.93028	2.103999	1.807158	2.333533	2.030265	1.595061	3.053827	2.584036	2.419593	2.826273	1.429312	3.165302	2.417029	2.877833	2.163549	3.683408	1.506233	2.146902	1.897424	1.895567	2.584588	1.699412	1.099249	2.023503	1.872605	2.885783	2.160633	2.848583	1.99003	2.536392	2.13802	1.899669	1.988811	1.663596	1.94351	2.168331	1.718036	2.164398	2.655864	2.117876	1.811774	2.108637	2.589079	2.717576	2.888762	2.84526	1.625248	2.166084	2.383956	2.660022	2.015208	2.209855	1.542526	2.222318	1.967922	2.264444	1.808165	1.567784	2.073277	1.792793	2.468586	2.242748	2.525301	2.900353	1.6042	1.491969	2.098706	1.849971	1.803568	2.531765	2.659849	3.020786	2.778567
16.04.2020 16:20:00	69	1.585178	2.95726	2.731715	2.348977	2.423178	2.027409	2.106405	1.952037	2.409435	2.535909	2.264495	1.90445	2.654421	2.186482	2.990952	2.863779	1.955943	1.151316	1.70609	1.989498	1.615948	2.209801	1.935236	1.528207	2.781859	2.502806	2.243615	2.578373	1.336623	2.822535	2.330811	2.709248	2.038225	3.496879	1.297214	2.083298	1.736139	1.847737	2.42101	1.570868	0.963908	1.821501	1.724556	2.946301	2.086578	2.630358	1.826775	2.250982	2.065401	1.8321	1.832849	1.567664	1.767227	2.088086	1.567564	2.018939	2.341289	2.169803	1.71293	1.862963	2.501474	2.562234	2.706343	2.561855	1.431019	1.998838	2.044515	2.427418	1.857324	2.122085	1.351918	2.028193	1.868654	2.129348	1.586101	1.402133	1.912552	1.596802	2.397935	2.060765	2.488513	2.723839	1.539684	1.379572	1.995938	1.681997	1.565722	2.463611	2.522393	2.916897	2.570029
