Vessel Name: 21-10-2022_KaKr_KK1-80_Screen_S4/4-B2/5_P2_11
Metric: GFP  Integrated Intensity / RFP  Integrated Intensity
Cell Type: 
Passage: 0
Notes: 
Analysis: KaKr-A549-H2B-GFP/-RFP_DEFv10

Date Time	Elapsed	SSB	ST14	STAB1	STAP1	STAT2	TAP1	TAP2	TDO2	TDRD7	TIFA	TLR3	TLR7	TMEM140	TMEM217	TMEM62	TNFRSF1B	TNFSF10	TNFSF13B	TNFSF18	TNFSF8	TRAF3IP3	TRANK1	TRIM21	TRIM22	TRIM25	TRIM38	TRIM5	TRIM69	TYMP	UBA7	UBN2	UBQLNL	VCAN	WARS1	XAF1	ZADH2	ZBP1	ZBTB48	ZC3HAV1	ZMAT3	ZNF44	ZNF516	ZNFX1	STAT1	MAVS	BST2	EIF2AK2	RSAD2	NTC1	NTC2	NTC3	NTC4	NTC5
21/10/2022 16:45:00	0	0.009504925	0.009294742	0.004828935	0.005532578	0.006526465	0.009112117	0.006632166	0.006884663	0.005335427	0.007983223	0.006530353	0.007868771	0.01080922	0.007819537	0.005234381	0.008278534	0.009604339	0.009662332	0.009790164	0.007678216	0.008472113	0.01012577	0.009291798	0.01056659	0.01296981	0.01204119	0.01187394	0.009608527	0.01014696	0.01215223	0.009231709	0.01084756	0.007561273	0.007327942	0.01134421	0.01316793	0.00592517	0.00848032	0.01216153	0.01263521	0.009675897	0.01328949	0.01531215	0.007573704	0.01242519	0.01209581	0.0129413	0.01160704	0.008274535	0.006650261	0.005227296	0.006655809	0.01055807
21/10/2022 18:45:00	2	0.008198027	0.00755507	0.003977513	0.005270745	0.00654119	0.006801266	0.005142652	0.005261998	0.004285887	0.007038749	0.004970505	0.005380498	0.008509732	0.006252849	0.004530754	0.006970902	0.007823194	0.008388203	0.006848588	0.00528222	0.005968573	0.007726619	0.007365811	0.008717527	0.008198762	0.007058927	0.008975548	0.007073281	0.008200037	0.009293218	0.008088141	0.007843635	0.006414901	0.005615386	0.008738922	0.009838337	0.004917098	0.005309476	0.00921541	0.009049377	0.006540997	0.01013078	0.01001018	0.006300879	0.01029313	0.009914786	0.006671987	0.01002093	0.007243424	0.00612051	0.004003221	0.00558343	0.007009341
21/10/2022 20:45:00	4	0.006888139	0.00682808	0.003667628	0.004676045	0.005532842	0.005772932	0.004819261	0.004882351	0.003803577	0.00592468	0.004168777	0.005281796	0.00678128	0.004822603	0.004032819	0.005291019	0.005975913	0.006435242	0.005416467	0.004814883	0.005539415	0.006704093	0.006727242	0.007822499	0.006912707	0.006115605	0.007006745	0.005871494	0.005644978	0.007062717	0.005918229	0.005349978	0.006193057	0.005261001	0.007497039	0.007631307	0.004074214	0.00397665	0.007869588	0.006902871	0.005679602	0.008455628	0.008242559	0.005325244	0.00917822	0.008986807	0.005101372	0.008779069	0.007241971	0.00541371	0.003694991	0.003944117	0.005570435
21/10/2022 22:45:00	6	0.006383355	0.005661882	0.00368332	0.004488283	0.005384268	0.005384397	0.00482359	0.00526509	0.003799429	0.005945253	0.004018684	0.005424369	0.006769538	0.004451585	0.003751353	0.005634646	0.005165185	0.006070498	0.004807523	0.004900289	0.005424265	0.005693555	0.005758504	0.007675207	0.006150357	0.00639581	0.006024785	0.005132476	0.005841783	0.006381196	0.00590861	0.005468119	0.005608957	0.005274509	0.007043181	0.007653227	0.004133832	0.003799702	0.007011662	0.006436122	0.004494956	0.007233885	0.008056699	0.004757174	0.008898815	0.008237432	0.006009981	0.008428655	0.007186452	0.004593155	0.00317025	0.004168256	0.005422519
22/10/2022 00:45:00	8	0.005783638	0.005611833	0.003739239	0.005036396	0.005431187	0.005179771	0.005009503	0.0058121	0.003652675	0.006351005	0.004371085	0.00495268	0.005506794	0.004384422	0.003436981	0.005652878	0.005031096	0.006218842	0.004620202	0.004082053	0.005651281	0.005624191	0.005126243	0.006797496	0.005407063	0.006487597	0.005678802	0.004863609	0.005969823	0.005754183	0.005851217	0.005384835	0.005001814	0.004825823	0.006953905	0.006629303	0.003503392	0.003470559	0.00679645	0.006115333	0.004302487	0.005959022	0.007673575	0.004800851	0.009450416	0.008397997	0.006498049	0.008816942	0.007297906	0.005200274	0.003167639	0.00414784	0.00503779
22/10/2022 02:45:00	10	0.005188442	0.006083055	0.004466524	0.005065884	0.005475468	0.005251996	0.006965469	0.00752173	0.003461839	0.00680912	0.005228714	0.005185531	0.006209368	0.005116675	0.003402794	0.005358274	0.005186676	0.00577971	0.00486128	0.005019107	0.005987186	0.005761592	0.006051446	0.006190399	0.005219491	0.006623366	0.005662885	0.004880548	0.005042628	0.005522769	0.00642901	0.005817961	0.004928601	0.004527646	0.006323384	0.007374603	0.003380527	0.003393044	0.005945768	0.006485092	0.004298642	0.00615578	0.007408243	0.005016073	0.00924309	0.008564446	0.006556872	0.008826443	0.00724233	0.005701602	0.003304818	0.004486997	0.004795429
22/10/2022 04:45:00	12	0.005497678	0.007178104	0.005729568	0.006549221	0.006546536	0.005742966	0.007591826	0.008321819	0.004670456	0.008829105	0.006814061	0.006235519	0.006357009	0.005593319	0.003719057	0.006435074	0.006269931	0.006832181	0.006294543	0.005966859	0.007137681	0.006561722	0.00789021	0.006821944	0.005805454	0.007849304	0.00579412	0.005826713	0.006175642	0.006183894	0.007914426	0.007327714	0.005524041	0.004991098	0.006358021	0.008881865	0.004175319	0.004170789	0.006344812	0.008572664	0.004580194	0.006550282	0.00930689	0.005734005	0.01043502	0.009115054	0.008901727	0.009103548	0.008758513	0.007239324	0.004339868	0.006531702	0.006018019
22/10/2022 06:45:00	14	0.006620165	0.009857372	0.009260928	0.008230082	0.009026914	0.007784216	0.01123547	0.01250559	0.006801939	0.01276286	0.0105721	0.008929803	0.009227207	0.008346586	0.005852367	0.009089177	0.008181195	0.008909033	0.008753113	0.00958278	0.009764045	0.009646765	0.0108608	0.008211602	0.007562591	0.01212216	0.008168044	0.009223631	0.008230468	0.00836706	0.009232768	0.01151074	0.007503298	0.007154484	0.008161615	0.01223449	0.005832189	0.007357825	0.008607681	0.01135078	0.006396311	0.009691871	0.0127633	0.008328859	0.01358853	0.01195759	0.01241817	0.01084163	0.01111268	0.01170213	0.00700234	0.01103959	0.008487768
22/10/2022 08:45:00	16	0.009821018	0.01602946	0.01319994	0.0128646	0.01364297	0.01253339	0.01557766	0.02272867	0.01212746	0.02002576	0.01795178	0.01513273	0.01457802	0.01358936	0.01014023	0.01401069	0.0137411	0.01439047	0.01499528	0.01619809	0.01608716	0.01532251	0.01807664	0.01256237	0.01124409	0.02050363	0.0138532	0.01635545	0.01436329	0.01358909	0.01410979	0.02167365	0.01262689	0.01076095	0.01247194	0.01866373	0.0105741	0.01260971	0.0139558	0.0180713	0.01024629	0.01600012	0.02132243	0.01359519	0.02049726	0.01762677	0.01712739	0.01575827	0.01860256	0.02214794	0.01184488	0.01753038	0.01493303
22/10/2022 10:45:00	18	0.01582589	0.02672166	0.0221605	0.01995111	0.02330183	0.02126074	0.0250816	0.03792945	0.02240016	0.03480572	0.03156713	0.02696292	0.02617983	0.02607054	0.01765049	0.02316633	0.02337608	0.02706918	0.02318889	0.02886818	0.02825111	0.02719055	0.03142869	0.02083353	0.0190851	0.03182251	0.02334267	0.0299025	0.02588627	0.02375332	0.0251183	0.03203046	0.02114021	0.01928113	0.02054371	0.02864641	0.01947594	0.02138974	0.02448428	0.03177221	0.01858338	0.02641079	0.03228204	0.02252623	0.03271171	0.02869445	0.03049483	0.02709966	0.03268874	0.03929929	0.02253865	0.03132171	0.02490002
22/10/2022 12:45:00	20	0.02796227	0.04616102	0.03964555	0.03636101	0.03996991	0.03870044	0.04174509	0.0596074	0.03903038	0.05816492	0.05249265	0.04474783	0.0442183	0.0420808	0.03252164	0.04047045	0.03742848	0.04694391	0.03856473	0.04774149	0.05076985	0.04460288	0.05448711	0.03617638	0.03308182	0.05138213	0.04251431	0.05314016	0.04351348	0.04324201	0.04416241	0.05559263	0.03925762	0.03439828	0.03610391	0.04792922	0.03551153	0.03991839	0.04018693	0.05241738	0.03388213	0.04333127	0.05301658	0.03999195	0.05421152	0.04616769	0.04402003	0.04915022	0.0471679	0.0665849	0.04064225	0.05877583	0.04518201
22/10/2022 14:45:00	22	0.04790739	0.07509048	0.06822642	0.06222334	0.07024492	0.06022318	0.06371821	0.09092275	0.06415405	0.09696526	0.09055652	0.07660489	0.07050644	0.07140354	0.05701929	0.06650388	0.06744713	0.07417096	0.06497712	0.0809982	0.08184503	0.07640813	0.08924219	0.06334528	0.05798459	0.08297063	0.07186002	0.09135729	0.06909865	0.07347328	0.0736979	0.09000811	0.06586868	0.06364887	0.06418321	0.07920944	0.06010045	0.0676445	0.07409637	0.09318978	0.05917721	0.07621755	0.08663082	0.07538263	0.09863739	0.07047235	0.0880034	0.08226911	0.0787473	0.09890845	0.0739101	0.09146179	0.07881194
22/10/2022 16:45:00	24	0.07945981	0.1531842	0.1102701	0.1067301	0.1158309	0.09784739	0.100867	0.1469439	0.1081109	0.1562794	0.1451508	0.1238427	0.116603	0.1139902	0.09094328	0.1077998	0.1073919	0.1174938	0.1022585	0.1320053	0.1316093	0.1433481	0.1473564	0.1031109	0.09585772	0.1321435	0.1176817	0.1549018	0.1101646	0.1184229	0.11663	0.1454449	0.112078	0.09872784	0.09970555	0.1224116	0.1020223	0.1102264	0.1237939	0.1426031	0.0961317	0.1350047	0.137968	0.1148322	0.1517374	0.1123942	0.135352	0.1314852	0.1324838	0.1524194	0.1244908	0.1386297	0.1331534
22/10/2022 18:45:00	26	0.1235219	0.2127806	0.175877	0.1627875	0.1773993	0.1562449	0.1722777	0.2599461	0.1599244	0.2632009	0.268653	0.1892327	0.1813187	0.1782272	0.1429062	0.1758556	0.1811377	0.1918307	0.1611133	0.2219884	0.1999648	0.207607	0.2406169	0.1614926	0.1529584	0.215976	0.1847194	0.2201206	0.1796569	0.1888776	0.1889338	0.2220473	0.1767833	0.1608378	0.1483529	0.202629	0.1618786	0.1747784	0.1947287	0.2182962	0.1515567	0.2050176	0.2196801	0.1876788	0.2070827	0.1641503	0.1761049	0.2110706	0.2040786	0.2301407	0.199159	0.2054177	0.2136464
22/10/2022 20:45:00	28	0.1894893	0.3126821	0.2631502	0.2440733	0.2813293	0.2608686	0.2691655	0.3572836	0.2392979	0.3800709	0.4048172	0.3177616	0.3018635	0.3032559	0.2165461	0.2702013	0.2725354	0.3055477	0.2386437	0.3615202	0.3262746	0.2937734	0.3391854	0.2390415	0.262191	0.3582397	0.2764381	0.3110383	0.3021242	0.290456	0.2879893	0.3503839	0.2552663	0.2567821	0.2469652	0.2992205	0.2421232	0.2565078	0.2863965	0.309493	0.2391811	0.2882981	0.3798719	0.2942536	0.3117121	0.2443512	0.2716095	0.2980321	0.3133071	0.3357319	0.3438626	0.3018505	0.3161056
22/10/2022 22:45:00	30	0.2927173	0.4599796	0.3878942	0.4027483	0.382059	0.451673	0.4903763	0.5241719	0.3725751	0.5400273	0.5398704	0.4734222	0.4901496	0.5043532	0.3192542	0.4549185	0.3972359	0.5215465	0.3575912	0.4958346	0.5071666	0.450604	0.5963537	0.3355175	0.3933033	0.5577258	0.3919906	0.4526417	0.399625	0.4505552	0.3703704	0.5691003	0.3861738	0.4963068	0.3170978	0.5049585	0.3914169	0.3494407	0.4449439	0.4249852	0.4210613	0.3967565	0.5011326	0.4676991	0.419172	0.3401147	0.4375009	0.4543252	0.4437136	0.4910676	0.4442793	0.421731	0.4881222
23/10/2022 00:45:00	32	0.4394189	0.6730402	0.5999816	0.595547	0.5263546	0.6827324	0.6009181	0.7755291	0.5576792	0.7904434	0.7365858	0.7778825	0.7585176	0.6385071	0.4545715	0.6634826	0.6048726	0.8273154	0.6769311	0.800046	0.7033678	0.6983971	0.8284727	0.5700749	0.5281841	0.7935161	0.6148821	0.6143578	0.587223	0.6691836	0.550634	0.8255565	0.6384234	0.6593226	0.4979634	0.7686036	0.6112377	0.6094964	0.7994325	0.6642013	0.6392631	0.6233995	0.65894	0.6230142	0.6178839	0.45424	0.6793889	0.7249215	0.6335227	0.7061269	0.6059586	0.6012906	0.7349473
23/10/2022 02:45:00	34	0.7371751	0.9163266	0.8387166	0.9020661	0.7645709	0.8924773	0.8464874	1.202457	0.7917677	0.9841664	1.031597	1.133314	0.9731323	0.8985572	0.7317111	0.9206572	0.8751316	1.120887	1.014752	1.108162	0.8918943	1.03962	1.114596	0.8379765	0.7958432	1.103517	0.9974999	0.9208145	0.9156203	0.9573097	0.7527023	1.086172	0.8236991	0.9221892	0.6865675	0.9384035	0.8428097	0.8121724	1.05028	1.050543	0.8561003	0.905399	0.8888306	0.8338273	0.7779239	0.6854361	0.9102971	0.913334	0.8348315	0.9073423	0.7956148	0.9548291	0.9628399
23/10/2022 04:45:00	36	1.064441	1.132113	1.231509	1.090834	1.053853	1.16231	1.113886	1.518492	1.013845	1.41551	1.462639	1.437866	1.340243	1.242529	1.064701	1.130716	1.173835	1.344656	1.165119	1.383719	1.176373	1.372571	1.326979	1.09326	1.033418	1.417505	1.253147	1.369723	1.18005	1.272748	1.09171	1.293833	1.105067	1.249909	1.043347	1.134362	1.183599	1.2014	1.351252	1.341749	1.182838	1.247139	1.312	1.334072	0.9485604	0.9385431	1.22028	1.290028	1.146421	1.299028	1.051161	1.293442	1.380412
23/10/2022 06:45:00	38	1.456358	1.467866	1.575181	1.355035	1.634205	1.536158	1.26524	1.960132	1.318138	1.97419	1.817323	1.735763	1.848444	1.590003	1.379056	1.453885	1.535865	1.696667	1.355177	1.596579	1.615987	1.585595	1.667101	1.30526	1.377615	1.642139	1.610882	1.681535	1.387064	1.585544	1.448099	1.572787	1.649415	1.573749	1.3164	1.492911	1.599096	1.565135	1.712907	1.67633	1.553913	1.632128	1.686082	1.80311	1.189869	1.324133	1.791286	1.6529	1.548365	1.633404	1.315686	1.647946	1.642084
23/10/2022 08:45:00	40	1.676359	1.783892	1.815477	1.691884	2.336412	1.826035	1.582656	2.489014	1.668342	2.578726	2.123488	2.008671	2.154799	1.918524	1.760599	1.909192	1.669747	2.079277	1.608187	2.00835	2.036873	1.89652	1.886045	1.636658	1.698627	1.969172	2.042544	2.05512	1.683771	1.83768	1.740391	1.818405	1.94416	1.902911	1.677327	1.914711	1.761013	1.966188	1.956954	1.924042	1.832481	2.038134	1.918222	2.153553	1.450744	1.819049	2.476222	1.918613	1.949669	2.155533	1.866051	1.916228	1.869583
23/10/2022 10:45:00	42	2.004855	2.075833	1.979404	2.064837	2.891671	2.004053	1.720525	2.684714	1.892568	2.751945	2.468124	2.201268	2.190581	2.236234	2.071406	2.254861	1.880292	2.341095	1.885831	2.364117	2.347767	2.01062	2.198975	1.950646	2.069744	2.247153	2.433346	2.33128	1.953594	2.125635	2.090941	2.224619	2.293179	2.109128	2.083572	2.224387	2.047132	2.240168	2.247447	2.293724	2.078447	2.252307	2.354588	2.816622	1.82689	2.133949	2.947759	2.097054	2.305359	2.446406	2.293251	2.268917	2.257876
23/10/2022 12:45:00	44	2.238785	2.266492	2.305161	2.447391	3.111083	2.210799	1.973017	3.000674	2.22168	3.083305	2.961684	2.4192	2.391404	2.438725	2.32854	2.611527	2.081617	2.540651	2.224857	2.584807	2.617051	2.270914	2.428265	2.276605	2.511566	2.596845	2.892157	2.789601	2.270936	2.330732	2.259688	2.548312	2.577053	2.430907	2.167261	2.486514	2.352142	2.453334	2.549385	2.609769	2.37596	2.611951	2.658983	3.261657	2.193934	2.484141	3.351875	2.275031	2.576387	2.676003	2.80545	2.682847	2.714742
23/10/2022 14:45:00	46	2.357908	2.623945	2.659033	2.712394	3.075627	2.694245	2.277309	2.967872	2.374897	3.201623	3.322515	2.476136	2.677169	2.656389	2.561963	2.870483	2.277543	2.933804	2.400072	2.988465	2.937826	2.477867	2.789173	2.423652	2.987873	2.795772	3.043678	3.134136	2.393462	2.700058	2.63494	2.942719	2.875765	2.682244	2.533828	2.844368	2.645746	2.66683	2.722817	2.987572	2.459227	3.158954	2.840007	3.665279	3.070751	2.858176	4.035936	2.617738	2.834442	2.890301	3.588795	2.949203	3.171944
23/10/2022 16:45:00	48	2.634334	2.595995	2.813259	2.883547	3.169888	2.685917	2.636366	3.013787	2.510642	3.25399	3.29884	2.871179	2.686107	2.785806	2.868268	2.931064	2.555001	3.148345	2.613874	3.066123	3.092469	2.660737	2.799218	2.599569	3.270547	3.06623	3.044599	3.326629	2.615041	2.8397	2.683551	3.158823	2.944815	2.84501	2.563752	2.814429	2.646779	2.859569	2.821038	3.236125	2.734495	3.256032	3.287768	3.597769	3.823598	3.081794	4.12427	2.991231	2.991846	3.124359	3.733051	3.247591	3.608894
23/10/2022 18:45:00	50	2.805278	2.605116	2.891992	3.014006	3.424581	2.826785	2.991978	3.38443	2.652719	3.36643	3.431865	2.81823	2.868731	2.9141	3.015854	3.14623	2.604527	3.114593	2.729296	3.054979	3.254021	2.841213	3.032409	2.71174	3.390187	3.093443	3.291214	3.647974	2.665369	2.910715	2.891357	3.462345	3.044334	3.095023	2.757894	3.082624	2.841835	3.107576	3.036465	3.191604	2.860205	3.354803	3.385282	3.594591	4.163318	3.102437	4.487468	3.359008	3.466606	3.347017	3.953412	3.388768	3.801968
23/10/2022 20:45:00	52	2.790661	2.79204	3.015355	2.96959	3.450793	2.765766	3.164355	3.621016	2.923054	3.41152	3.68669	2.887909	3.024518	3.027021	2.97998	3.288199	2.735209	3.106234	2.835257	3.219085	3.368059	2.982838	3.102815	2.843838	3.326351	3.173557	3.19966	3.799826	2.753346	2.959261	2.965691	3.420587	3.25736	3.119783	2.843908	3.065903	2.909065	3.257087	3.059295	3.301439	2.886823	3.41024	3.399682	3.493885	4.168805	3.167982	4.72254	3.608512	3.687821	3.538074	3.979897	3.503638	3.967478
23/10/2022 22:45:00	54	2.957464	2.823455	3.078977	3.147877	3.340135	2.649297	3.259084	3.879693	2.7896	3.482974	3.843124	2.870128	2.9976	2.896027	3.029156	3.406439	2.854702	3.062587	2.795373	3.243902	3.505963	3.086056	2.995075	2.98163	3.375276	3.294903	3.195467	3.81016	2.78673	3.081883	3.092701	3.546856	3.534334	3.22589	2.643439	3.260152	2.943555	3.148145	3.077931	3.377203	2.921981	3.475821	3.637918	3.414272	4.658281	3.283014	4.949179	3.537092	3.982777	3.783911	3.979875	3.70736	3.968912
24/10/2022 00:45:00	56	3.026394	2.90642	3.09747	3.37162	3.341638	2.685827	3.373116	3.954309	2.792262	3.409402	3.693848	2.945318	3.127727	2.860365	3.021628	3.327543	2.9976	3.121062	3.08076	3.293563	3.654966	3.024802	2.96212	2.895728	3.398304	3.363756	3.268502	3.864294	2.674909	2.957003	3.177341	3.568014	3.928031	3.357032	2.567381	3.224672	2.861781	3.22052	2.983395	3.395302	2.79982	3.351268	3.624669	3.289606	4.038007	3.374897	5.009822	3.535428	4.26848	3.879333	3.903537	3.741907	4.013599
24/10/2022 02:45:00	58	3.056121	2.984823	2.955407	3.180363	3.193303	2.618222	3.416569	3.991625	2.821614	3.486224	3.589747	3.031501	3.048945	2.674154	3.033673	3.375954	2.94579	3.093908	2.969367	3.122372	3.721367	3.001751	2.940976	2.935186	3.337656	3.450547	3.351397	3.915535	2.553741	2.847941	3.175112	3.50983	3.901476	3.314722	2.513707	3.114176	2.73701	3.141019	2.897913	3.134239	2.59514	3.313722	3.668451	2.911186	3.372951	3.346901	5.233933	3.501612	4.560505	4.077261	3.848255	3.730736	4.122517
24/10/2022 04:45:00	60	3.082406	2.918743	2.907022	3.033713	3.099867	2.622317	3.487996	3.790568	2.75758	3.556324	3.701389	3.118498	3.045529	2.627167	3.003265	3.332594	2.860138	2.960868	3.117588	3.148482	3.81798	2.817882	2.867947	2.968258	3.29586	3.396924	3.219494	4.025206	2.57115	2.777026	3.22565	3.571899	3.780493	3.398988	2.397121	3.159519	2.659983	2.982918	2.838803	3.101524	2.596747	3.362128	3.674166	3.049099	3.341721	3.439081	5.344772	3.560901	4.458514	4.066029	3.832286	3.802634	3.9672
24/10/2022 06:45:00	62	3.097238	2.73797	2.910826	2.989263	3.08333	2.471169	3.341012	3.642138	2.639	3.439103	3.736002	2.919957	2.932424	2.454206	2.825933	3.204057	2.714511	2.966547	3.120454	3.183509	3.410252	2.74912	2.85568	2.905097	3.230325	3.239229	3.1966	3.918208	2.558854	2.656979	3.238611	3.371247	3.76094	3.186969	2.193833	3.195967	2.51389	2.97051	2.605874	3.021847	2.590176	3.486386	3.638541	3.120313	3.304794	3.388244	5.393724	3.565528	4.28065	3.922643	3.846126	3.722245	3.805853
24/10/2022 08:45:00	64	2.960707	2.68725	2.683884	3.005248	2.894085	2.297317	3.160697	3.56161	2.587511	3.257671	3.611339	2.785709	2.84625	2.284688	2.660011	3.186585	2.604659	2.767899	2.992166	3.00953	3.411907	2.596205	2.768502	2.717662	3.10692	3.092082	3.004056	3.725774	2.461157	2.556505	3.05572	3.311837	3.859895	3.043195	2.045895	2.929024	2.500143	2.886424	2.436867	3.004399	2.343286	3.276033	3.409123	3.188714	3.209412	3.371494	5.450453	3.53651	4.328936	3.911577	3.846943	3.887599	3.787715
24/10/2022 10:45:00	66	2.869467	2.543642	2.553597	2.851794	2.981609	2.078607	2.908806	3.43553	2.50572	3.157494	3.51365	2.613631	2.660188	2.049978	2.621108	2.914872	2.466357	2.452443	2.703267	2.897171	3.409878	2.424763	2.82022	2.612003	3.031291	2.927996	2.839236	3.525474	2.325906	2.438917	2.89411	3.277156	3.935482	2.935956	1.810899	2.853761	2.46643	2.663021	2.374523	2.901232	2.250101	3.199465	3.275306	3.378373	3.235225	3.268122	5.260426	3.420948	4.3344	3.836316	3.806652	3.725708	3.655808
24/10/2022 12:45:00	68	2.851287	2.214002	2.501386	2.748542	3.09483	1.868015	2.738569	3.399337	2.294307	3.126716	3.333726	2.64906	2.531659	1.997933	2.442403	2.781139	2.238323	2.385647	2.538762	2.824623	3.161923	2.345899	2.769429	2.535671	2.685399	2.860924	2.705763	3.207302	2.012599	2.261359	2.74238	3.127721	3.656365	2.944036	1.74204	2.76341	2.238029	2.475111	2.229251	2.722914	2.023122	3.009238	3.057938	3.446399	3.416525	3.276089	5.264285	3.284838	4.315988	3.779723	3.610209	3.584149	3.486321
24/10/2022 14:45:00	70	2.86816	1.957919	2.36545	2.749171	3.121669	1.782977	2.620035	3.219374	2.239966	3.034377	3.14014	2.276966	2.460192	1.930287	2.282574	2.518759	2.10763	2.294244	2.300798	2.714189	3.016178	2.245447	2.766922	2.263715	2.526679	2.807029	2.472162	3.055441	1.868168	2.042479	2.731243	2.965645	3.523724	2.610159	1.637519	2.623522	2.102839	2.143553	2.072585	2.548606	1.741608	2.914672	2.901245	3.521645	3.375587	3.06289	5.061306	3.235707	4.149756	3.587695	3.326573	3.300555	3.308096
24/10/2022 16:45:00	72	2.62603	1.788137	2.206318	2.466958	3.05498	1.661481	2.249751	2.871251	2.047273	2.815725	2.945039	2.041006	2.211715	1.829535	2.073188	2.333092	1.7812	2.016059	1.998284	2.510985	2.856293	2.066239	2.718145	2.157844	2.152344	2.445202	2.200157	2.72389	1.63811	1.853139	2.566658	2.785487	3.181319	2.346527	1.473287	2.331865	1.858673	2.048887	1.874815	2.345653	1.58672	2.775731	2.687156	3.797742	3.646463	2.826494	4.95773	3.033031	3.516126	3.541789	3.176633	3.196496	3.232928
