Vessel Name: 22042020_InCu_KaKr_KK1-60_P3_3
Metric: RFP Integrated Intensity / GFP Integrated Intensity
Cell Type: 
Passage: 0
Notes: 
Analysis: KaKr-A549-H2B-GFP/-RFP_DEFv10

Date Time	Elapsed	AC005013.1	ACO1	ADAM12	ADAMDEC1	ADAR	ADORA3	AIM2	AKAP2	ALOX5AP	ANKRD22	APOBEC3A	APOBEC3G	APOL1	APOL2	APOL3	APOL4	APOL6	ARAP1	ARL9	ASGR1	ATF3	ATF7IP	ATXN1	BATF	BATF2	BRD3	C19orf66	C6orf100	C9orf91	CAPN15	CASP1	CBFA2T3	CCL13	CCL2	CCL24	CCL7	CCL8	CCNA1	CCR1	CCR2	CD180	CD274	CD38	CD69	CD80	CEACAM1	CFB	CFHR1	CH25H	CHST2	CLEC5A	CLECL1	CMKLR1	CMPK2	CNP	CTAGE1	CX3CR1	CXCL10	CXCL11	CXCL3	CXCL9	CYP2J2	DCT	DDX58	DDX60	DDX60L	DEFB1	DHX58	DOK1	DOK2	DOK3	DTX3L	DUSP7	EMP1	EMR3	ENG	ENPP2	EPHB2	EPSTI1	ETV7	EVI2A	STAT1	MAVS	BST2	EIF2AK2	RSAD2	NTC1	NTC2	NTC3	NTC4	NTC5
22.04.2020 18:32:00	0	0.0003429849	0.0001083068	2.316492e-05	2.343941e-05	2.304377e-05	2.196459e-05	5.969852e-05	5.422671e-05	0.00866859	2.507174e-05	9.840786e-05	2.307863e-05	2.094796e-05	2.349788e-05	2.201438e-05	2.188042e-05	2.925403e-05	2.137181e-05	8.532798e-05	2.709309e-05	2.511591e-05	2.397868e-05	2.3673e-05	5.157896e-05	8.072241e-05	2.501344e-05	2.742872e-05	2.021735e-05	0.0001180205	7.791459e-05	2.997039e-05	2.725934e-05	0.0002097999	2.746699e-05	0.0001268231	9.998716e-05	0.001351924	0.0004358221	2.365925e-05	0.0001785568	2.128306e-05	2.029265e-05	2.141562e-05	2.459753e-05	2.427804e-05	2.233888e-05	2.089518e-05	2.027966e-05	2.745163e-05	2.359629e-05	6.871598e-05	0.0004223462	2.104675e-05	2.211639e-05	2.285155e-05	2.206385e-05	2.310959e-05	2.424738e-05	2.521047e-05	6.057101e-05	2.330213e-05	2.6476e-05	2.664041e-05	0.0006061131	4.059027e-05	2.14391e-05	2.572444e-05	2.559337e-05	2.572718e-05	2.485904e-05	2.626163e-05	2.614507e-05	0.0001404062	0.0004157421	0.0001066221	0.0002195383	2.535711e-05	2.490279e-05	2.201341e-05	0.0004459014	2.508051e-05	2.414742e-05	2.47488e-05	2.264285e-05	2.450015e-05	6.346853e-05	6.688296e-05	2.533237e-05	2.582492e-05	2.45801e-05	2.504032e-05
22.04.2020 21:32:00	3	0.0003203775	4.815567e-05	1.744909e-05	1.947716e-05	5.313767e-05	1.949978e-05	5.362566e-05	6.351508e-05	0.007743397	2.372847e-05	2.105974e-05	2.01316e-05	1.889791e-05	2.014165e-05	1.943527e-05	2.125345e-05	2.519798e-05	1.89875e-05	7.670256e-05	2.473397e-05	2.211646e-05	2.072271e-05	2.075035e-05	2.056372e-05	7.069296e-05	2.183307e-05	2.245532e-05	1.898462e-05	9.584551e-05	7.455685e-05	2.563944e-05	2.307166e-05	0.0001638829	2.310724e-05	0.000125076	9.388238e-05	0.001152563	0.0004409104	2.094263e-05	0.0001720585	1.796904e-05	1.796585e-05	1.805251e-05	1.968295e-05	2.135235e-05	1.937524e-05	1.883222e-05	1.932254e-05	2.22911e-05	2.257088e-05	6.589553e-05	0.0005513007	1.627568e-05	2.098931e-05	1.982221e-05	1.956436e-05	2.214908e-05	2.012529e-05	2.085363e-05	5.439468e-05	3.791759e-05	2.142253e-05	1.998596e-05	0.0005244814	1.648547e-05	1.833605e-05	2.229258e-05	2.198144e-05	2.235433e-05	2.256521e-05	2.296866e-05	0.000188957	0.0001315444	0.0003737695	0.0001063425	0.0001703844	1.951122e-05	2.261092e-05	1.908267e-05	0.0002905636	2.016791e-05	2.099715e-05	2.056014e-05	2.001109e-05	2.216021e-05	5.986102e-05	1.992735e-05	2.138903e-05	2.350038e-05	2.278857e-05	2.237693e-05
23.04.2020 00:32:00	6	0.007658831	0.01122259	0.004987439	0.006303369	0.006739753	0.008107414	0.008355434	0.01025669	0.0136845	0.01188578	0.009304779	0.01256658	0.01925783	0.01449195	0.01264813	0.009212396	0.008997344	0.00823765	0.01235687	0.01063318	0.01399133	0.008384323	0.008768928	0.008396076	0.01245596	0.01935633	0.01142373	0.01222027	0.01069707	0.01370618	0.01747706	0.02026579	0.02007836	0.009552872	0.01647374	0.02151121	0.02501756	0.01440754	0.01951834	0.01801947	0.01452779	0.01288246	0.01457446	0.01196904	0.0143785	0.01209777	0.009845141	0.01817937	0.01558548	0.0150563	0.01556142	0.01904278	0.01386928	0.01806091	0.01832943	0.02408678	0.01863935	0.01099667	0.01555535	0.02560789	0.03093387	0.03460421	0.02485078	0.02256631	0.02516534	0.02924407	0.02223405	0.02360681	0.01893612	0.009150596	0.008266434	0.01554505	0.02157899	0.01477068	0.02112527	0.02279256	0.01952753	0.01438091	0.01662403	0.011127	0.00980029	0.02530275	0.02181352	0.0111748	0.01751128	0.01498152	0.01945126	0.01247256	0.01410684	0.01111259	0.008830937
23.04.2020 03:32:00	9	0.2257609	0.3713575	0.2129098	0.232361	0.2558649	0.2727967	0.278253	0.3125168	0.2581853	0.3244705	0.2923663	0.3465153	0.5848807	0.4710436	0.3986905	0.3815862	0.3244363	0.2692307	0.4547034	0.4494492	0.4295769	0.2972793	0.2825285	0.374127	0.2848884	0.5917884	0.3865651	0.4349501	0.3359213	0.4813675	0.4928476	0.6346966	0.484208	0.3576493	0.4113844	0.4888939	0.5236927	0.3656251	0.5116066	0.4079632	0.3862354	0.39382	0.3540078	0.4352481	0.3921413	0.3845811	0.3469726	0.4646486	0.4954046	0.4410417	0.477428	0.4079613	0.4149365	0.5073526	0.5365863	0.6539372	0.5373007	0.3318354	0.3714262	0.6409822	0.7623042	0.8086883	0.6195352	0.5846627	0.5106496	0.6733547	0.5708741	0.6761305	0.4318012	0.3167574	0.3055441	0.4057633	0.5414746	0.4623311	0.5610636	0.5538388	0.5256532	0.4315755	0.3911426	0.3731804	0.2974109	0.521512	0.5315041	0.3086972	0.6475598	0.3620248	0.3262865	0.3661938	0.3481471	0.3342263	0.3223715
23.04.2020 06:32:00	12	0.5896716	0.9141962	0.6453485	0.5862932	0.6510224	0.7413816	0.6626505	0.7475281	0.6801471	0.8451537	0.7637655	0.8454897	1.251514	1.152494	1.017598	0.9699998	0.866084	0.6891361	1.112563	1.078282	1.045739	0.7640787	0.7167102	0.9119956	0.7497443	1.3724	0.9766738	1.043171	0.8430175	1.17189	1.121705	1.432687	1.085586	0.8338401	0.9659861	1.073472	1.16328	0.8616729	1.176321	0.9574677	0.9543602	0.9862524	0.8766224	1.073888	0.902823	0.9532582	0.8594958	1.075985	1.158935	1.031625	1.184721	1.038499	1.075582	1.178201	1.25238	1.472296	1.27395	0.8349524	0.8527932	1.450309	1.608849	1.627177	1.425316	1.400039	1.146203	1.412544	1.338979	1.533589	1.057738	0.789485	0.7653198	0.9967915	1.250978	1.109969	1.311075	1.203463	1.233763	1.024267	0.940491	0.8883086	0.7389009	1.244791	1.275997	0.7545484	1.88888	0.8113356	0.7815906	0.8948665	0.828666	0.8483673	0.767926
23.04.2020 09:32:00	15	0.8302532	1.268819	0.9657755	0.856884	0.9500547	1.083068	0.9484027	1.063798	0.9898558	1.181431	1.086538	1.18935	1.627555	1.531662	1.385039	1.311902	1.23628	1.068923	1.488851	1.425138	1.398855	1.087353	0.9922413	1.255954	1.104218	1.788978	1.336788	1.401897	1.185292	1.604637	1.513539	1.790158	1.40351	1.15329	1.334147	1.43027	1.551113	1.254637	1.568197	1.336154	1.305024	1.409054	1.241972	1.444701	1.274755	1.300031	1.251092	1.449754	1.549716	1.45708	1.594666	1.40999	1.521934	1.650521	1.627057	1.903379	1.72219	1.198058	1.177591	1.908401	1.987653	2.014505	1.841619	1.877406	1.559433	1.785912	1.769127	1.955389	1.413624	1.140138	1.059078	1.372632	1.625751	1.480375	1.666886	1.584672	1.612998	1.379015	1.293633	1.205936	1.055447	1.990848	1.756584	1.063725	2.873895	1.111625	1.117214	1.214159	1.102424	1.206191	1.089708
23.04.2020 12:32:00	18	0.9873802	1.459797	1.169256	1.060065	1.145193	1.282057	1.131496	1.25697	1.194495	1.375745	1.279785	1.3938	1.82005	1.734047	1.593861	1.483894	1.43731	1.29107	1.672435	1.59518	1.58989	1.285132	1.167074	1.437518	1.315875	1.975542	1.511169	1.589624	1.366162	1.818725	1.692461	1.958889	1.558454	1.343733	1.525972	1.63744	1.748996	1.458513	1.779411	1.540816	1.507067	1.65826	1.475606	1.637325	1.483788	1.502282	1.4956	1.61357	1.726887	1.679889	1.805071	1.598817	1.7765	1.880852	1.814146	2.101439	1.94366	1.413698	1.374971	2.129706	2.179415	2.180641	2.029081	2.109061	1.755466	1.945925	1.948407	2.164802	1.602595	1.350289	1.230438	1.576948	1.814947	1.68682	1.831634	1.757182	1.80057	1.558755	1.51419	1.370439	1.240377	2.713574	1.99573	1.251423	3.49613	1.277689	1.308683	1.421922	1.260553	1.410139	1.272537
23.04.2020 15:32:00	21	1.047897	1.540066	1.266505	1.140178	1.241732	1.355721	1.208678	1.326769	1.276125	1.466774	1.352695	1.476729	1.892451	1.80371	1.683187	1.543727	1.514246	1.390285	1.752662	1.6474	1.644601	1.361088	1.233247	1.501453	1.408493	2.04918	1.589103	1.663315	1.447962	1.929125	1.751522	2.022683	1.623537	1.410602	1.62502	1.718057	1.824361	1.551166	1.868478	1.631341	1.575546	1.73898	1.569906	1.723428	1.570494	1.569071	1.590488	1.696703	1.81451	1.757778	1.898314	1.665867	1.867294	1.969226	1.875187	2.186068	2.041753	1.492831	1.443464	2.207566	2.261756	2.270069	2.113704	2.196758	1.831237	2.031922	2.003732	2.265468	1.687298	1.434324	1.302724	1.658905	1.89188	1.753054	1.895886	1.829926	1.874603	1.63048	1.598187	1.430252	1.310894	3.239045	2.047367	1.317112	3.760214	1.336775	1.381008	1.487296	1.304543	1.46916	1.349169
23.04.2020 18:32:00	24	1.052469	1.553476	1.288816	1.147647	1.25256	1.366067	1.224087	1.335349	1.285975	1.483527	1.357545	1.487706	1.906102	1.827663	1.716202	1.562838	1.530964	1.3947	1.782545	1.656233	1.654822	1.378668	1.236268	1.520502	1.419037	2.088326	1.601001	1.671094	1.468631	1.959048	1.764443	2.054823	1.634971	1.421785	1.638416	1.738062	1.854517	1.56366	1.885016	1.648258	1.594288	1.768904	1.591103	1.749355	1.585859	1.579864	1.602607	1.708173	1.842272	1.78165	1.906097	1.681883	1.890409	1.99239	1.901078	2.205234	2.0639	1.500299	1.44972	2.236526	2.284897	2.314177	2.141397	2.24338	1.841183	2.051318	2.012666	2.311053	1.700928	1.455696	1.317457	1.664823	1.911432	1.775218	1.910929	1.853211	1.898783	1.653805	1.60716	1.438085	1.306113	3.612114	2.079667	1.317573	3.892211	1.343468	1.391222	1.518223	1.305004	1.479271	1.364044
23.04.2020 21:32:00	27	1.035993	1.532838	1.267356	1.119442	1.238198	1.346499	1.19568	1.307834	1.268851	1.445263	1.320642	1.467243	1.885588	1.817984	1.718745	1.549884	1.520201	1.36341	1.772811	1.642208	1.624164	1.348733	1.193071	1.494031	1.409006	2.10677	1.592971	1.656155	1.45163	1.95087	1.742996	2.062457	1.619889	1.394314	1.606028	1.726406	1.834163	1.545999	1.88876	1.642806	1.571038	1.750969	1.565806	1.746819	1.564788	1.553598	1.576153	1.679511	1.849439	1.7665	1.899957	1.660807	1.87578	1.980877	1.894418	2.198599	2.069498	1.473998	1.422741	2.232766	2.307717	2.320329	2.142122	2.299211	1.813678	2.030449	1.999091	2.299403	1.679635	1.42378	1.300525	1.648734	1.893251	1.753562	1.906609	1.82869	1.878329	1.635391	1.594153	1.418437	1.268192	3.878529	2.102984	1.291745	3.959657	1.31644	1.363477	1.488827	1.281115	1.456779	1.342809
24.04.2020 00:32:00	30	0.9927787	1.490255	1.209685	1.058371	1.190277	1.29795	1.141163	1.257048	1.228866	1.399423	1.262034	1.417576	1.848127	1.768098	1.668905	1.510897	1.492613	1.310087	1.728192	1.600256	1.569257	1.303696	1.141655	1.44027	1.363672	2.084855	1.541672	1.613864	1.413502	1.904337	1.701502	2.045295	1.560484	1.335241	1.565678	1.687397	1.811115	1.501552	1.855471	1.599002	1.516416	1.712904	1.533188	1.705079	1.522493	1.518053	1.51704	1.626678	1.815497	1.732635	1.875575	1.613609	1.823028	1.949311	1.865513	2.16302	2.040963	1.421964	1.384768	2.200807	2.285755	2.309264	2.102275	2.32451	1.753399	1.996096	1.976715	2.286918	1.640064	1.367191	1.257206	1.610145	1.854625	1.721006	1.873878	1.791096	1.857217	1.597169	1.556963	1.37559	1.218573	4.089455	2.108598	1.250922	3.992584	1.261352	1.326123	1.451614	1.240832	1.41674	1.291281
24.04.2020 03:32:00	33	0.9345754	1.433584	1.147473	1.001818	1.128432	1.21242	1.075996	1.193399	1.16577	1.329981	1.185429	1.354507	1.792912	1.703371	1.617287	1.464956	1.432136	1.235888	1.668238	1.529817	1.509782	1.230847	1.078068	1.377376	1.294094	2.038139	1.476574	1.541484	1.350481	1.851014	1.64933	2.004807	1.492506	1.273723	1.504573	1.635278	1.754711	1.437393	1.807312	1.541646	1.45637	1.652207	1.473138	1.639227	1.466817	1.437093	1.446289	1.563444	1.761387	1.6745	1.836517	1.541921	1.7601	1.888564	1.829536	2.111445	1.994376	1.355965	1.328774	2.15181	2.234966	2.268025	2.043781	2.341534	1.662901	1.9413	1.930724	2.238062	1.57152	1.296235	1.213899	1.548362	1.788088	1.66957	1.834785	1.718981	1.807784	1.544037	1.499726	1.314039	1.143433	4.270491	2.095996	1.19506	3.938935	1.204334	1.267619	1.389653	1.18272	1.374609	1.224049
24.04.2020 06:32:00	36	0.8690455	1.372276	1.067956	0.9193814	1.038181	1.142659	0.997033	1.122733	1.088962	1.252895	1.115627	1.264147	1.712313	1.636216	1.537298	1.380627	1.362313	1.157137	1.581409	1.450085	1.423412	1.152552	1.009243	1.285234	1.210745	1.976121	1.410176	1.447829	1.263846	1.764748	1.561842	1.921425	1.41634	1.197671	1.414597	1.543339	1.671605	1.357452	1.738317	1.460534	1.376731	1.572838	1.390642	1.558059	1.389839	1.348197	1.358396	1.484902	1.697626	1.592363	1.756661	1.472503	1.673387	1.80646	1.763259	2.054514	1.923485	1.270599	1.246632	2.081196	2.16981	2.189186	1.973581	2.330604	1.574225	1.870091	1.857743	2.176311	1.484403	1.217133	1.140857	1.481684	1.71094	1.585953	1.751479	1.637756	1.737138	1.472973	1.414417	1.242221	1.052652	4.461863	2.069536	1.115764	3.831345	1.131792	1.191935	1.305574	1.113849	1.302052	1.151522
24.04.2020 09:32:00	39	0.7977054	1.27913	0.9786715	0.843752	0.9439385	1.062358	0.919399	1.045244	1.010277	1.1678	1.043278	1.172605	1.604087	1.546714	1.448368	1.290033	1.293763	1.064037	1.486943	1.370509	1.334037	1.067553	0.9146673	1.196343	1.116271	1.904899	1.33201	1.358571	1.178043	1.67021	1.488106	1.842014	1.331785	1.124297	1.318393	1.447009	1.579471	1.275377	1.642114	1.369812	1.2861	1.476491	1.299165	1.465576	1.309629	1.260381	1.262027	1.397076	1.61745	1.50744	1.677773	1.383633	1.582886	1.718936	1.685985	1.980813	1.842681	1.186844	1.154137	1.99037	2.081257	2.099275	1.882814	2.299041	1.477041	1.795099	1.784841	2.095131	1.391801	1.122541	1.061528	1.397362	1.613374	1.499128	1.666241	1.536687	1.64924	1.383602	1.324194	1.162114	0.9736648	4.601162	2.031933	1.03421	3.688862	1.043859	1.110542	1.219163	1.052637	1.214695	1.078517
24.04.2020 12:32:00	42	0.7276208	1.182976	0.8968923	0.7698435	0.8647101	0.9766435	0.8386278	0.9638097	0.9218208	1.07993	0.9533805	1.075564	1.50953	1.4508	1.362426	1.193136	1.200534	0.9653839	1.394199	1.28094	1.240026	0.9925054	0.8297043	1.103324	1.023257	1.810376	1.247368	1.259028	1.080192	1.569488	1.40199	1.741795	1.231548	1.036695	1.209944	1.344545	1.482828	1.177675	1.560836	1.263503	1.18894	1.377352	1.204694	1.371762	1.217462	1.165844	1.162539	1.292333	1.521263	1.413467	1.592957	1.299336	1.483497	1.612213	1.597895	1.888433	1.744564	1.092835	1.057987	1.885831	1.988857	2.003427	1.787587	2.266842	1.375147	1.699454	1.710224	2.006614	1.287534	1.036304	0.9727065	1.302216	1.502299	1.398171	1.578902	1.445867	1.552248	1.291914	1.22928	1.075011	0.8880471	4.720974	2.005754	0.9454375	3.468889	0.9679143	1.013996	1.125967	0.9680384	1.132512	0.9936949
24.04.2020 15:32:00	45	0.6564087	1.082625	0.8113551	0.6863796	0.7750843	0.8763222	0.7515554	0.8734742	0.8345238	0.9828652	0.8693423	0.9682331	1.397833	1.338481	1.262673	1.089779	1.10137	0.871367	1.285722	1.194909	1.122787	0.9001141	0.7431678	0.9875424	0.9241427	1.697906	1.144592	1.148421	0.981627	1.453245	1.295814	1.639508	1.140734	0.9400482	1.111442	1.227964	1.374312	1.072584	1.456028	1.155855	1.092561	1.256896	1.109261	1.26822	1.112666	1.063729	1.050678	1.181911	1.405468	1.294745	1.494104	1.198185	1.377958	1.497997	1.498408	1.762613	1.636878	0.997785	0.9618179	1.77384	1.88335	1.886117	1.66851	2.187611	1.254044	1.605441	1.605636	1.898901	1.202458	0.9481495	0.8858735	1.195852	1.382672	1.295264	1.482923	1.324904	1.442876	1.182828	1.116357	0.9779083	0.7887824	4.75604	1.954689	0.8560398	3.268231	0.8816711	0.9173453	1.033154	0.8785199	1.042645	0.8987843
24.04.2020 18:32:00	48	0.5872825	0.9970791	0.7222786	0.6218392	0.7020886	0.7925413	0.6797447	0.7880834	0.7578473	0.9027856	0.7858929	0.874227	1.285581	1.229304	1.152442	0.9874861	1.016105	0.7834208	1.177931	1.093618	1.022932	0.8107018	0.6617099	0.8904982	0.8368469	1.588431	1.057618	1.038768	0.8846471	1.351374	1.21385	1.543578	1.033347	0.8618482	1.008904	1.120612	1.262821	0.9724973	1.353369	1.058819	0.9939502	1.156387	1.012129	1.184069	1.018159	0.9646409	0.953313	1.080924	1.30617	1.189228	1.402167	1.105321	1.265131	1.384091	1.394157	1.680119	1.543735	0.8962556	0.8625822	1.658931	1.784692	1.774676	1.570681	2.116376	1.144492	1.49812	1.497009	1.797865	1.117123	0.8629959	0.7972412	1.101177	1.271572	1.185471	1.385179	1.210999	1.35326	1.086991	1.015147	0.8876287	0.7065971	4.785668	1.922411	0.7769107	3.066039	0.8070155	0.8304482	0.9339926	0.8103794	0.9587529	0.8144277
24.04.2020 21:32:00	51	0.5101401	0.9049506	0.6324549	0.5457323	0.6119172	0.699071	0.6000814	0.7013789	0.6794996	0.8143375	0.7081789	0.773572	1.158939	1.115501	1.023927	0.8840839	0.9296758	0.6851038	1.056763	1.008843	0.9167704	0.7293448	0.5810153	0.7911407	0.730601	1.452289	0.9577374	0.9400817	0.7849205	1.236243	1.110087	1.427751	0.9378521	0.7726235	0.8984371	1.01927	1.138051	0.878436	1.246681	0.9570393	0.8962952	1.041651	0.9227349	1.079845	0.9137385	0.8698509	0.8543024	0.967842	1.173667	1.069158	1.293537	1.010141	1.150337	1.269507	1.292666	1.557241	1.432341	0.7997843	0.7666072	1.534052	1.663256	1.654482	1.4586	2.034693	1.042035	1.37856	1.395919	1.683428	1.011101	0.7713318	0.7085233	1.001128	1.156081	1.078987	1.273645	1.097593	1.238719	0.9883066	0.9184496	0.7956433	0.6162382	4.730483	1.872416	0.6917677	2.834277	0.7255592	0.7366299	0.8374434	0.7248409	0.8593383	0.7251765
25.04.2020 00:32:00	54	0.4519612	0.8028661	0.5522506	0.4739649	0.5383073	0.6067476	0.5232168	0.6175894	0.5983234	0.7214786	0.6169726	0.6817437	1.046575	0.9962806	0.9136836	0.7845485	0.8340136	0.5920802	0.9365221	0.9057147	0.8004542	0.6486506	0.5034698	0.6941535	0.6250677	1.30591	0.8556763	0.8318447	0.6925011	1.122097	1.010844	1.302647	0.828826	0.6879597	0.7854378	0.899071	1.014266	0.7804988	1.130416	0.851609	0.7911482	0.9237157	0.8278757	0.9652041	0.8058125	0.7638392	0.7578844	0.85441	1.053599	0.9561564	1.174397	0.9105183	1.030508	1.14679	1.176495	1.430524	1.314857	0.7094392	0.6752973	1.387052	1.528148	1.521271	1.326057	1.935573	0.9244992	1.246581	1.276047	1.560462	0.9061417	0.6831678	0.6199451	0.8876434	1.029894	0.9735502	1.160207	0.9804803	1.12619	0.8869346	0.8186523	0.7101363	0.5310569	4.667602	1.829296	0.6135435	2.565	0.6412832	0.6470709	0.744073	0.642467	0.766991	0.6372758
25.04.2020 03:32:00	57	0.3885968	0.710307	0.4786412	0.4035426	0.4680134	0.523461	0.4518538	0.5396043	0.5262911	0.63868	0.5403978	0.5875984	0.9278814	0.8843581	0.8056681	0.6998471	0.7389831	0.4985639	0.8272467	0.8098788	0.685404	0.5690447	0.433405	0.6086684	0.5361443	1.176645	0.7635322	0.7295039	0.6089388	1.017742	0.9039825	1.187776	0.7345567	0.6022029	0.6771893	0.787143	0.8978415	0.6816495	1.025476	0.7507176	0.6985105	0.821781	0.7284526	0.8576884	0.7105243	0.6723011	0.6641481	0.7482293	0.9496819	0.8477405	1.061715	0.8113385	0.9172395	1.024522	1.05416	1.291277	1.190263	0.6236454	0.5925298	1.246611	1.387722	1.392843	1.196242	1.827987	0.8200014	1.114996	1.173666	1.43948	0.811597	0.6013866	0.5390041	0.7740705	0.9248036	0.8631243	1.038873	0.8705132	1.015558	0.7928992	0.7221949	0.619067	0.4500431	4.514523	1.777227	0.538097	2.358799	0.5596342	0.5613219	0.6524116	0.5669379	0.6796945	0.5546046
25.04.2020 06:32:00	60	0.3314962	0.6229122	0.4027411	0.3405571	0.3920492	0.4495595	0.3928759	0.4700896	0.4583083	0.560191	0.4727403	0.5051851	0.8136935	0.7820569	0.7007539	0.6141715	0.6554453	0.4254051	0.724951	0.7213125	0.5834329	0.4905325	0.3753309	0.5246865	0.4578638	1.048933	0.6647329	0.6319638	0.5227236	0.9105874	0.809415	1.074548	0.6476247	0.5229858	0.5880251	0.6780766	0.794589	0.5964255	0.9099648	0.6547576	0.6035038	0.7189533	0.6372271	0.7506972	0.6147504	0.5867862	0.5761411	0.6527036	0.8431859	0.7515573	0.9483008	0.7119473	0.8142446	0.9108968	0.9413581	1.160989	1.067259	0.5310365	0.5097029	1.12336	1.254784	1.254262	1.087073	1.707796	0.7093201	0.990859	1.055129	1.315984	0.7171062	0.5265701	0.463836	0.6778974	0.8064784	0.7522535	0.9260476	0.7675545	0.9035766	0.6946214	0.6280791	0.5390915	0.3800485	4.345214	1.718969	0.4572109	2.122175	0.4838194	0.4832183	0.5610298	0.4974088	0.5953512	0.4799255
25.04.2020 09:32:00	63	0.2851247	0.5452898	0.3386004	0.2882162	0.3352491	0.3853566	0.3339158	0.4083265	0.3980644	0.4892211	0.4090942	0.4310978	0.7196745	0.6809408	0.6091111	0.5342262	0.571458	0.3640692	0.6347383	0.6444204	0.5008489	0.4253377	0.3157792	0.4475058	0.3832409	0.9185414	0.5731801	0.538853	0.4456522	0.8073602	0.7224473	0.9853802	0.5692574	0.448492	0.5035438	0.5913219	0.6922325	0.5081364	0.799621	0.5750372	0.5215972	0.6288759	0.5498424	0.6589776	0.5376745	0.504095	0.4965622	0.5642475	0.7544229	0.6617065	0.8504371	0.6266131	0.7193596	0.809131	0.8375479	1.040931	0.9458187	0.468263	0.4429868	1.005236	1.130239	1.120108	0.9723876	1.607348	0.6194549	0.8846247	0.9528013	1.188575	0.6324056	0.4577485	0.3933025	0.5963173	0.7158586	0.6518585	0.8272212	0.6792653	0.790879	0.6152037	0.541852	0.4719401	0.323825	4.166044	1.641268	0.3950288	1.904587	0.4198844	0.4102136	0.4866154	0.4361716	0.5169536	0.409716
25.04.2020 12:32:00	66	0.2471422	0.4734666	0.289426	0.2433872	0.2867608	0.3252603	0.2862899	0.3562605	0.3420289	0.4259939	0.350519	0.3736154	0.6299042	0.5943549	0.5363917	0.4602761	0.5048934	0.3082101	0.5499102	0.5742018	0.4328945	0.3688722	0.2696518	0.3830612	0.3202526	0.8135264	0.4994794	0.4633644	0.3865707	0.7101851	0.6405016	0.8837569	0.4949438	0.3847318	0.4313142	0.5141165	0.615074	0.4408982	0.7021878	0.4981751	0.4489883	0.5465348	0.4766551	0.579734	0.4676674	0.4423508	0.430557	0.4902593	0.6686245	0.5799182	0.7466267	0.5468912	0.6321792	0.7266361	0.7440926	0.9340775	0.854396	0.4063021	0.3779803	0.8945213	1.01207	1.00041	0.8544065	1.499314	0.5340141	0.7867671	0.8521039	1.071255	0.5568628	0.399615	0.3288447	0.5224478	0.634541	0.568338	0.7322882	0.593588	0.7044886	0.5383262	0.4681304	0.4063047	0.274072	3.922189	1.567457	0.3393691	1.702641	0.3574608	0.3551277	0.4200091	0.3784286	0.4529084	0.3526444
25.04.2020 15:32:00	69	0.2147806	0.413911	0.2428051	0.2072458	0.2458068	0.2772594	0.2434831	0.3054169	0.2943557	0.3607576	0.3055305	0.324205	0.5530526	0.5236841	0.4675287	0.3962243	0.4357453	0.2611788	0.4720521	0.5078619	0.3716426	0.3182851	0.2318168	0.3306289	0.2757897	0.7063997	0.431455	0.3969942	0.3275478	0.6272093	0.5702831	0.7948559	0.4305647	0.3270501	0.3716852	0.4401169	0.5375392	0.3788555	0.6122179	0.4328394	0.3802316	0.466294	0.4136278	0.5037833	0.4036773	0.380385	0.3622003	0.4213676	0.5842174	0.5075506	0.6723576	0.4765296	0.5528908	0.641457	0.662282	0.8358153	0.7711111	0.3556555	0.3213471	0.7961528	0.9087323	0.8823119	0.7522996	1.398822	0.4585774	0.6918521	0.75452	0.9765869	0.4845899	0.3474787	0.2820946	0.4526965	0.5510392	0.5007657	0.6602687	0.5145476	0.6242532	0.4698252	0.4065193	0.3524069	0.2335051	3.691028	1.493083	0.2944956	1.536992	0.3088839	0.3059358	0.3651097	0.3270971	0.4016141	0.3025391
