Vessel Name: 23052020_InCu_KaKr_KK1-71_P3_6
Metric: RFP Integrated Intensity / GFP Integrated Intensity
Cell Type: 
Passage: 0
Notes: 
Analysis: KaKr-A549-H2B-GFP/-RFP_DEFv10

Date Time	Elapsed	EZH1	FABP4	FAM105A	FAM107A	FAM110A	FAM20A	FAM46A	FAM72A	FBXO6	FCAR	FFAR2	FGL2	FOS	FPR2	GBP1	GBP3	GBP4	GBP5	GLIPR2	GLS	GMPR	GPC4	GPR141	GPR155	HAPLN3	HAVCR2	HELZ2	HERC5	HERC6	HES4	HESX1	HLA-B	HLA-C	HMHA1	HSH2D	IDO1	IFI16	IFI27	IFI35	IFI44	IFI44L	IFI6	IFIH1	IFIT1	IFIT2	IFIT3	IFIT5	IFITM1	IFITM2	IFITM3	IFNE	IFNG	IGF2BP3	IL15	IL15RA	IL1A	IL1RN	IL4I1	IRF1	IRF7	IRF9	IRG1	ISG15	ISG20	ITPKB	KCNE3	KLF7	LAG3	LAMP3	LAP3	LGALS3BP	LGALS9B	LILRA1	LILRA5	LRCH2	LRRC25	LY6D	LY6E	MAP3K1	MBD4	MCM2	MEF2BNB	MNDA	MS4A4A	C1 (Mx2)	C2 (STAT1)	C3 (MAVS)	C4 (BST2)	C5 (EIF2AK2)	C6 (RSAD2)	C7 (NTC1)	C8 (NTC2)	C9 (NTC3)	C10 (NTC4)	C11 (NTC5)
23.05.2020 10:31:00	0	1,371483E-05	1,480296E-05	4,037902E-05	9,772849E-05	1,707506E-05	1,536698E-05	1,173856E-05	1,333999E-05	4,92066E-05	1,680545E-05	1,495781E-05	1,343908E-05	4,760643E-05	5,726721E-05	1,377297E-05	1,442989E-05	3,546332E-05	1,620793E-05	4,861922E-05	1,769916E-05	1,449247E-05	1,595421E-05	5,813548E-05	1,521209E-05	1,356078E-05	1,249781E-05	1,501942E-05	1,577413E-05	1,377617E-05	1,570363E-05	1,425168E-05	7,41273E-05	1,380851E-05	1,504454E-05	0,0001086296	1,617064E-05	1,432235E-05	1,49587E-05	1,693871E-05	1,552335E-05	5,788951E-05	1,653831E-05	1,351427E-05	1,25918E-05	1,623888E-05	1,463812E-05	1,443237E-05	1,468818E-05	4,417231E-05	4,613018E-05	8,255128E-05	1,34963E-05	0,0002993268	1,886157E-05	6,167677E-05	1,583251E-05	1,376739E-05	0,0001020683	1,303602E-05	1,492205E-05	3,99263E-05	0,0007294015	0,0002248655	1,274199E-05	1,361072E-05	1,262904E-05	0,0002005392	1,290387E-05	1,540984E-05	0,0001276783	1,488996E-05	1,32315E-05	1,457138E-05	1,550063E-05	1,429188E-05	5,322324E-05	4,884527E-05	0,0001338134	1,647099E-05	0,0002810437	1,681337E-05	1,692849E-05	1,581229E-05	1,938928E-05	1,216618E-05	1,365958E-05	0,0001327379	3,772051E-05	1,689438E-05	1,412398E-05	1,338618E-05	1,252139E-05	1,362752E-05	0,0001764852	1,465027E-05
23.05.2020 13:31:00	3	1,702624E-05	2,062745E-05	2,049991E-05	9,406256E-05	2,128767E-05	2,046555E-05	3,411622E-05	1,947549E-05	6,886359E-05	2,285471E-05	1,827076E-05	2,019248E-05	2,380337E-05	6,342595E-05	7,680697E-05	1,959541E-05	4,186201E-05	2,235883E-05	5,665762E-05	2,426769E-05	1,920563E-05	2,115785E-05	2,598486E-05	2,204759E-05	1,895779E-05	1,836594E-05	1,950223E-05	2,02713E-05	1,721994E-05	2,207862E-05	1,908502E-05	5,639173E-05	1,930622E-05	1,814441E-05	0,0001066414	2,033521E-05	2,023507E-05	1,95638E-05	2,121566E-05	2,357566E-05	2,129821E-05	2,258823E-05	1,967244E-05	6,582709E-05	2,021209E-05	1,806345E-05	1,81626E-05	1,930906E-05	3,841991E-05	4,762469E-05	8,78444E-05	1,994842E-05	0,0002419114	2,648008E-05	1,916196E-05	2,055504E-05	1,937134E-05	7,437115E-05	1,859732E-05	1,870548E-05	1,82795E-05	0,0007003324	0,0002074885	1,787994E-05	1,723155E-05	1,921142E-05	0,0001789296	1,76642E-05	1,818698E-05	9,388931E-05	2,085133E-05	1,964417E-05	1,878284E-05	2,021827E-05	1,674784E-05	5,538094E-05	1,85131E-05	0,0001125577	2,160382E-05	0,0002421503	2,055907E-05	2,306043E-05	2,30333E-05	2,309336E-05	1,744611E-05	1,89863E-05	0,0001214136	1,868757E-05	1,987932E-05	1,993971E-05	1,885371E-05	1,69817E-05	1,812362E-05	7,651792E-05	2,051133E-05
23.05.2020 16:31:00	6	0,03189256	0,04230832	0,04290951	0,03267803	0,03206721	0,02557566	0,03582601	0,04431896	0,041626	0,04569548	0,03597558	0,0343627	0,03805503	0,03678695	0,04301884	0,03982491	0,0249622	0,03211284	0,02336745	0,02230898	0,03342484	0,03401602	0,04534158	0,04303024	0,03423895	0,03583011	0,08472186	0,02940475	0,02649502	0,02604228	0,03591969	0,03454017	0,03005728	0,03289926	0,02966357	0,04432298	0,04351267	0,03700273	0,06184727	0,04263465	0,03504623	0,03202269	0,03444008	0,03447962	0,03872196	0,03501329	0,03223137	0,04122628	0,04395212	0,04499957	0,03808229	0,04300454	0,0347783	0,0343985	0,04375521	0,04334555	0,06732544	0,04604078	0,03671404	0,03710639	0,06441223	0,03706856	0,03771181	0,03983537	0,04865466	0,04273045	0,03255535	0,04333821	0,04751937	0,03848222	0,04287718	0,03742815	0,03234285	0,03778531	0,0384758	0,03719066	0,04786829	0,04802346	0,04539229	0,05059706	0,04148042	0,01879013	0,03908923	0,0449519	0,0340613	0,08336082	0,04781375	0,04270722	0,03890527	0,03865109	0,02744946	0,03434206	0,04238956	0,0324624	0,03721204
23.05.2020 19:31:00	9	0,545813	0,6597507	0,6260999	0,6048671	0,605167	0,5074916	0,5754307	0,6214648	0,6512171	0,6430816	0,6395278	0,6011571	0,6678714	0,6083092	0,6330196	0,6621611	0,5384434	0,6060952	0,5980283	0,5044048	0,6009416	0,6702424	0,7087889	0,7117274	0,6679183	0,6496786	0,9348174	0,6054388	0,5344406	0,57546	0,558466	0,6123935	0,5294246	0,5914733	0,5801845	0,6840554	0,6859927	0,662008	0,8225291	0,610051	0,6418607	0,605274	0,5402832	0,5498669	0,6390039	0,6201304	0,6007318	0,6975706	0,6587527	0,7130125	0,6363541	0,7077195	0,626139	0,6510588	0,6676435	0,6912153	0,7638201	0,6669657	0,6215479	0,5431546	0,9162607	0,5991316	0,4874672	0,6910638	0,71258	0,6591986	0,5295964	0,5905188	0,6572897	0,6001924	0,6785402	0,6735384	0,6594842	0,5947987	0,6710863	0,6522459	0,7500365	0,7417678	0,6459463	0,6619028	0,6884373	0,361287	0,6036729	0,7197698	0,5322413	1,026873	0,680554	0,6383894	0,879165	0,592931	0,5419516	0,5617335	0,5921696	0,5423535	0,5748779
23.05.2020 22:31:00	12	1,046631	1,266163	1,177731	1,185966	1,196635	1,045946	1,139585	1,159228	1,249427	1,226558	1,195166	1,168126	1,282547	1,146123	1,184739	1,290766	1,116016	1,257975	1,276214	1,152096	1,200141	1,336241	1,355404	1,290255	1,281106	1,241005	1,55055	1,220956	1,159347	1,206178	1,127393	1,235119	1,12544	1,222449	1,168005	1,270813	1,234272	1,267025	1,49784	1,247197	1,289395	1,260731	1,094175	1,138868	1,339923	1,351282	1,172236	1,328362	1,205191	1,286326	1,228014	1,342802	1,240217	1,268124	1,30795	1,318806	1,317878	1,291153	1,253757	1,081274	1,726949	1,157239	0,9521587	1,304316	1,248916	1,269188	1,084584	1,123714	1,27183	1,187876	1,324191	1,290577	1,251223	1,135528	1,299061	1,28549	1,338274	1,347934	1,272277	1,263524	1,320814	0,8138602	1,217988	1,293755	0,9925462	1,953199	1,353282	1,200025	2,120024	1,182462	1,093642	1,118215	1,138187	1,073203	1,09195
24.05.2020 01:31:00	15	1,299006	1,526592	1,426049	1,426363	1,467848	1,273805	1,397352	1,381909	1,494098	1,462014	1,425997	1,426295	1,543342	1,376959	1,427492	1,529776	1,35552	1,520419	1,562156	1,461871	1,452292	1,581129	1,594668	1,544099	1,521271	1,490429	1,815733	1,512522	1,462201	1,498985	1,397375	1,488444	1,401021	1,504982	1,41918	1,50083	1,467716	1,494528	1,745712	1,495611	1,522314	1,547451	1,361179	1,431524	1,702209	1,757386	1,389681	1,566388	1,451981	1,520124	1,483449	1,571625	1,489182	1,53553	1,551837	1,560211	1,528093	1,52805	1,505843	1,309034	2,349109	1,384518	1,154733	1,597155	1,47357	1,529582	1,359522	1,363286	1,538293	1,454564	1,570856	1,568375	1,521478	1,362925	1,5564	1,568904	1,545099	1,606286	1,535076	1,493804	1,548448	1,034661	1,453076	1,533338	1,203444	2,562824	1,668776	1,411917	2,848647	1,42206	1,332656	1,345809	1,378519	1,32475	1,305928
24.05.2020 04:31:00	18	1,437665	1,662255	1,550552	1,552341	1,601235	1,391975	1,528038	1,490539	1,618445	1,568406	1,538663	1,572867	1,658281	1,481559	1,536449	1,653665	1,465049	1,634964	1,697258	1,611914	1,560697	1,712089	1,705465	1,674524	1,67311	1,620936	1,962864	1,665329	1,612022	1,654427	1,534424	1,591115	1,52719	1,626529	1,527167	1,62655	1,567618	1,592639	1,862068	1,605711	1,619619	1,678016	1,51713	1,580432	1,908979	1,987732	1,502208	1,704914	1,586578	1,623935	1,616075	1,695492	1,606705	1,641062	1,671306	1,696543	1,655236	1,634268	1,605356	1,414645	2,741999	1,484068	1,2635	1,75042	1,580704	1,658453	1,499801	1,487207	1,667381	1,56963	1,69631	1,70989	1,695981	1,462587	1,699971	1,710972	1,662136	1,746742	1,668761	1,608166	1,660461	1,128015	1,551216	1,650497	1,307793	2,965196	1,760562	1,517178	3,222041	1,526978	1,462486	1,45392	1,491456	1,442035	1,398491
24.05.2020 07:31:00	21	1,508823	1,735507	1,626105	1,614386	1,661197	1,459284	1,601066	1,549804	1,691881	1,631809	1,607549	1,642623	1,735844	1,541872	1,601444	1,717147	1,524225	1,708192	1,79088	1,692852	1,62886	1,787017	1,78585	1,767327	1,754053	1,700347	2,071887	1,746964	1,688944	1,752573	1,602583	1,665244	1,600045	1,7015	1,595483	1,694705	1,602903	1,65585	1,946215	1,662931	1,679276	1,761988	1,604347	1,660957	2,028463	2,129058	1,562485	1,788006	1,650416	1,696594	1,675936	1,793887	1,677034	1,708282	1,733667	1,767881	1,713591	1,711002	1,667	1,466865	3,026328	1,534413	1,322034	1,83155	1,64458	1,743676	1,587272	1,550831	1,741058	1,639675	1,778201	1,823575	1,812791	1,529509	1,7938	1,810034	1,75014	1,862716	1,758554	1,669697	1,720454	1,166506	1,590596	1,717561	1,36765	3,205764	1,800962	1,58023	3,374018	1,589176	1,525529	1,51482	1,538219	1,5047	1,46187
24.05.2020 10:31:00	24	1,526235	1,764667	1,65431	1,650911	1,700057	1,493861	1,626734	1,564487	1,721829	1,649403	1,624603	1,66973	1,785638	1,565807	1,62235	1,76096	1,550513	1,758035	1,8687	1,739635	1,661411	1,830683	1,832096	1,811083	1,817866	1,729406	2,145741	1,781089	1,73446	1,815953	1,625891	1,693154	1,634754	1,73915	1,620713	1,730635	1,622448	1,691877	1,988036	1,692463	1,705452	1,811189	1,645719	1,713047	2,130473	2,226521	1,580099	1,841905	1,691914	1,752164	1,707991	1,846468	1,719488	1,746184	1,76629	1,81673	1,753032	1,748107	1,700791	1,474746	3,294897	1,567998	1,334981	1,889279	1,665079	1,79391	1,620224	1,584936	1,781665	1,669783	1,823147	1,88235	1,875753	1,555426	1,848641	1,861142	1,808575	1,942328	1,795734	1,695558	1,754653	1,159727	1,61649	1,746341	1,375121	3,455103	1,841549	1,592966	3,468864	1,619875	1,556097	1,535193	1,565868	1,536067	1,482038
24.05.2020 13:31:00	27	1,505784	1,765615	1,656819	1,648633	1,689353	1,486412	1,599005	1,558877	1,72069	1,650632	1,617034	1,660241	1,791092	1,566669	1,624007	1,754455	1,542585	1,773606	1,895062	1,741629	1,666033	1,854239	1,859882	1,813193	1,84037	1,729568	2,190402	1,77758	1,742794	1,832623	1,629122	1,698548	1,644895	1,736482	1,630353	1,744453	1,602321	1,695492	2,006847	1,710424	1,71842	1,830257	1,649677	1,714404	2,180386	2,274175	1,559542	1,842208	1,683765	1,76342	1,710811	1,848382	1,735841	1,76845	1,785113	1,834997	1,744246	1,759147	1,715999	1,476452	3,509546	1,56943	1,303616	1,90958	1,657592	1,808246	1,61466	1,564105	1,798837	1,684986	1,826626	1,887683	1,888869	1,558813	1,864751	1,873152	1,844597	1,982618	1,79641	1,698856	1,759968	1,147277	1,63028	1,753792	1,365943	3,719518	1,86938	1,584445	3,520988	1,622128	1,552813	1,528601	1,560443	1,526934	1,460112
24.05.2020 16:31:00	30	1,470134	1,743512	1,62461	1,615624	1,649189	1,449065	1,55404	1,523978	1,676286	1,60977	1,579532	1,629057	1,769488	1,551141	1,588588	1,725305	1,51472	1,774456	1,885585	1,719205	1,63376	1,843886	1,84813	1,768412	1,810731	1,682125	2,199762	1,760101	1,725239	1,826095	1,597279	1,685027	1,631866	1,724335	1,605072	1,722749	1,554823	1,678607	2,008759	1,68676	1,692245	1,803629	1,604082	1,69716	2,186774	2,278362	1,517312	1,806927	1,65715	1,751008	1,67003	1,834241	1,72831	1,733533	1,786952	1,825075	1,699772	1,759285	1,705772	1,455069	3,70898	1,537707	1,246565	1,929134	1,633421	1,792933	1,567722	1,530448	1,770932	1,644375	1,819099	1,862966	1,876894	1,534658	1,85542	1,854398	1,845615	1,986395	1,768149	1,679027	1,750681	1,106282	1,612598	1,754478	1,325319	3,953517	1,887603	1,553717	3,510545	1,600625	1,513408	1,494374	1,53046	1,491905	1,41159
24.05.2020 19:31:00	33	1,403292	1,687091	1,555562	1,554535	1,587664	1,381972	1,47825	1,466353	1,623691	1,549089	1,513469	1,550572	1,700806	1,499765	1,52401	1,653207	1,459057	1,723238	1,860851	1,679924	1,575141	1,790723	1,816721	1,702481	1,778594	1,619801	2,158882	1,674675	1,670066	1,787041	1,54228	1,651056	1,585709	1,680186	1,54933	1,686632	1,507532	1,623683	1,982289	1,643256	1,646703	1,758098	1,542132	1,645768	2,132831	2,22914	1,470594	1,754241	1,60549	1,712699	1,620781	1,78855	1,687853	1,681527	1,757537	1,785633	1,637726	1,722301	1,679312	1,398698	3,821353	1,485558	1,150413	1,892665	1,571684	1,74674	1,481864	1,468084	1,716178	1,597418	1,763414	1,800587	1,839045	1,487742	1,816165	1,814015	1,798755	1,954458	1,702617	1,62039	1,705221	1,059984	1,566832	1,717209	1,259318	4,15732	1,886701	1,498084	3,429951	1,546853	1,451786	1,431358	1,476866	1,421731	1,350399
24.05.2020 22:31:00	36	1,316383	1,612767	1,458768	1,484029	1,50706	1,294715	1,378932	1,39061	1,562286	1,467784	1,420407	1,450654	1,618645	1,429234	1,449577	1,585001	1,39228	1,660289	1,798069	1,612235	1,494025	1,714986	1,74458	1,617648	1,708395	1,542852	2,079022	1,611144	1,591729	1,72174	1,459886	1,588954	1,506338	1,622019	1,487361	1,611553	1,428959	1,565474	1,941363	1,591498	1,586699	1,685406	1,446442	1,566927	2,078847	2,152158	1,386508	1,685451	1,539831	1,662799	1,557212	1,725181	1,625612	1,586293	1,713919	1,729827	1,568017	1,665323	1,629645	1,321415	3,889613	1,414079	1,042943	1,835202	1,498335	1,670392	1,380564	1,383044	1,637846	1,519286	1,706948	1,730735	1,788234	1,411007	1,753032	1,735996	1,747054	1,90121	1,628786	1,552397	1,634207	1,00789	1,492538	1,649906	1,181201	4,314498	1,880616	1,426251	3,290621	1,485717	1,369413	1,355274	1,406958	1,335742	1,266896
25.05.2020 01:31:00	39	1,225212	1,530559	1,357482	1,403347	1,41873	1,211123	1,276581	1,299977	1,480648	1,386797	1,335199	1,345731	1,533843	1,351241	1,362648	1,499333	1,307657	1,572486	1,717684	1,547104	1,411188	1,630843	1,676661	1,519037	1,613428	1,455434	1,993084	1,515539	1,497027	1,648435	1,376482	1,506189	1,418104	1,5429	1,416882	1,526516	1,348027	1,490909	1,865466	1,515682	1,514686	1,615701	1,364838	1,479158	1,993578	2,040769	1,301415	1,598892	1,466282	1,589762	1,461699	1,637609	1,547019	1,52161	1,660348	1,65017	1,487259	1,58407	1,578066	1,236492	3,937492	1,330263	0,9529241	1,760544	1,403701	1,594106	1,282116	1,293661	1,553709	1,41648	1,626579	1,623173	1,703518	1,338874	1,687813	1,646343	1,661152	1,837289	1,529715	1,467309	1,550861	0,9461299	1,429372	1,581945	1,102339	4,403131	1,852071	1,344624	3,10508	1,403963	1,28569	1,261652	1,316306	1,249829	1,173748
25.05.2020 04:31:00	42	1,123832	1,437657	1,25548	1,302627	1,333137	1,1078	1,165754	1,196291	1,39134	1,302088	1,245375	1,241669	1,432713	1,25304	1,278181	1,402654	1,214859	1,470792	1,623038	1,460591	1,315416	1,534768	1,592667	1,420821	1,535133	1,36354	1,892201	1,42039	1,404557	1,540571	1,279469	1,419811	1,328283	1,464419	1,324145	1,434679	1,252766	1,399	1,776013	1,42263	1,43054	1,540128	1,281306	1,3867	1,86996	1,922122	1,217062	1,50289	1,379995	1,507855	1,380094	1,550956	1,459969	1,431673	1,583774	1,559784	1,400015	1,492581	1,510452	1,158189	3,911588	1,249238	0,8546005	1,678483	1,318836	1,491868	1,176358	1,206871	1,452458	1,319807	1,53485	1,523524	1,609581	1,24394	1,59705	1,547808	1,582768	1,748807	1,420862	1,376188	1,461931	0,8660922	1,347733	1,484927	1,006993	4,430539	1,817015	1,23845	2,9337	1,310273	1,193035	1,154055	1,222986	1,162709	1,077263
25.05.2020 10:31:00	48	0,9190369	1,207908	1,053244	1,078408	1,119331	0,9127591	0,951829	0,9853604	1,16452	1,102411	1,048386	1,021901	1,209093	1,059129	1,081156	1,186906	1,007755	1,258931	1,406913	1,268365	1,111577	1,32564	1,367227	1,178142	1,328271	1,137536	1,637291	1,221711	1,188053	1,339376	1,071754	1,212067	1,135372	1,260997	1,124732	1,212552	1,046992	1,202768	1,58162	1,226997	1,238324	1,32866	1,061926	1,150183	1,59643	1,628797	1,019117	1,283004	1,164989	1,298079	1,184715	1,34227	1,255829	1,226097	1,41253	1,36691	1,185464	1,293636	1,350962	0,9675401	3,734029	1,042887	0,6413816	1,459901	1,113174	1,288269	0,9584382	1,010123	1,233277	1,091476	1,322956	1,276911	1,395874	1,049165	1,38565	1,319755	1,37213	1,548792	1,201688	1,181092	1,271697	0,7070457	1,135649	1,282693	0,8187515	4,356623	1,723723	1,029014	2,542948	1,103946	1,002618	0,9421206	1,006674	0,9686724	0,8876565
25.05.2020 13:31:00	51	0,8360026	1,090944	0,9578401	0,9766518	1,020744	0,8197531	0,849196	0,8955343	1,068683	1,00618	0,9570569	0,9191045	1,109077	0,9591577	0,9878807	1,090625	0,9191768	1,159367	1,316518	1,177942	1,013136	1,22588	1,271751	1,070833	1,225665	1,038869	1,51724	1,119631	1,085786	1,228246	0,9770144	1,123938	1,039397	1,175621	1,037971	1,112361	0,947253	1,117209	1,476802	1,137452	1,150417	1,226379	0,9572443	1,042595	1,466528	1,494011	0,9305689	1,17853	1,070489	1,207273	1,09318	1,234921	1,151823	1,112784	1,335237	1,268444	1,093317	1,206167	1,27171	0,8888422	3,657684	0,9494715	0,5496593	1,361041	1,011038	1,190605	0,8653049	0,9143228	1,125752	0,9948127	1,227823	1,162943	1,292044	0,9653658	1,281614	1,216167	1,293271	1,458209	1,102142	1,086554	1,187152	0,6374698	1,034307	1,188491	0,7418343	4,321253	1,693655	0,9406258	2,350048	1,019004	0,9156624	0,8440614	0,919882	0,8806461	0,8009632
25.05.2020 16:31:00	54	0,733782	0,9754377	0,8449892	0,8637732	0,9101752	0,7168527	0,7432719	0,7931351	0,9562922	0,887431	0,851113	0,8118727	0,9931103	0,8487998	0,8735905	0,9705281	0,8067589	1,030544	1,176674	1,076454	0,9168655	1,106278	1,156617	0,9523194	1,105518	0,9189844	1,361909	0,9808859	0,9645313	1,110654	0,8574687	1,012965	0,925495	1,075201	0,9351152	1,01459	0,8549922	1,004457	1,363188	1,030358	1,035891	1,111964	0,8607605	0,9202383	1,308665	1,339782	0,8323748	1,05907	0,9583483	1,094869	0,9852787	1,104728	1,04609	1,009371	1,216702	1,147053	0,9932781	1,102581	1,160616	0,8047463	3,524796	0,8335417	0,4547187	1,243074	0,9025514	1,059367	0,7626966	0,7963964	1,015123	0,8765843	1,115151	1,043002	1,155217	0,863241	1,156235	1,089567	1,164159	1,32494	0,9834866	0,9674899	1,087018	0,5583484	0,9274271	1,086041	0,637946	4,186425	1,629194	0,8509372	2,142409	0,9140093	0,8174525	0,7420563	0,8210869	0,772413	0,7158731
25.05.2020 19:31:00	57	0,6672782	0,895254	0,758177	0,7739786	0,8228019	0,629967	0,6644928	0,710772	0,8641896	0,8066334	0,7688035	0,7351669	0,9020836	0,7625716	0,7842866	0,8854315	0,723673	0,9323078	1,080852	0,9810945	0,8217298	1,013655	1,066772	0,8511016	0,9981049	0,8340748	1,238479	0,882738	0,8621506	1,011547	0,7666961	0,9182331	0,8342019	0,9758598	0,8405471	0,9189806	0,7697136	0,9102563	1,267196	0,9404224	0,9502026	1,003792	0,7717908	0,8171742	1,187713	1,217606	0,7415647	0,9646803	0,8771403	0,9985497	0,8995805	1,025154	0,9538166	0,9181837	1,134618	1,049982	0,8994055	1,007741	1,090811	0,7218488	3,402643	0,7505329	0,3806868	1,147125	0,8148918	0,9527395	0,6779844	0,7012385	0,9232172	0,7916052	1,016533	0,9492548	1,062419	0,7775126	1,054822	0,9951275	1,063422	1,221823	0,8913717	0,8697416	0,9964889	0,4887497	0,8399228	0,9884512	0,5624945	4,093461	1,595243	0,7631658	1,995649	0,8304877	0,7283226	0,6646698	0,7305973	0,6867909	0,6413856
25.05.2020 22:31:00	60	0,5756625	0,8009535	0,6751715	0,6820276	0,7354691	0,5543358	0,575547	0,6300907	0,7696617	0,7193586	0,6809438	0,6467634	0,8085455	0,6783413	0,6910973	0,8000152	0,6372396	0,8405138	0,9952995	0,884465	0,7351514	0,9209216	0,9791477	0,7565995	0,8914922	0,7469634	1,110121	0,7891738	0,76342	0,9010576	0,6797447	0,8179973	0,7564711	0,8792971	0,7562186	0,8222601	0,6770937	0,8255658	1,156645	0,8575693	0,8510497	0,887646	0,6843634	0,7224011	1,055194	1,086207	0,6616946	0,8610959	0,7905868	0,9087537	0,8082539	0,9353183	0,8609113	0,8243023	1,043571	0,9474692	0,8003774	0,9260669	1,014748	0,6429684	3,280209	0,6595724	0,31698	1,044466	0,733348	0,8491676	0,5873767	0,6227835	0,8345234	0,7022467	0,9110208	0,8434103	0,9561175	0,7015828	0,9522974	0,8879244	0,9634234	1,10953	0,7948738	0,7805813	0,9110363	0,4287641	0,7562634	0,8822886	0,4858049	3,976785	1,542321	0,6834934	1,839286	0,7437201	0,6390593	0,5775726	0,6452158	0,6074572	0,563377
26.05.2020 01:31:00	63	0,501792	0,7175773	0,5921649	0,5989124	0,6597153	0,4845657	0,5045291	0,5531691	0,681745	0,6474011	0,600729	0,5669981	0,7210364	0,6071816	0,6127212	0,7095667	0,5621856	0,7469153	0,8935018	0,8013567	0,6536402	0,8397762	0,8876379	0,6691388	0,7895213	0,6643454	0,9876869	0,6885884	0,6823186	0,8046088	0,5887794	0,7261755	0,6789206	0,7825648	0,6721164	0,7390673	0,597304	0,7420154	1,05217	0,7730451	0,7613655	0,7876471	0,6002977	0,625627	0,9247451	0,9492625	0,5857524	0,7679389	0,7069233	0,8199655	0,7264299	0,846159	0,7693193	0,7413903	0,9547706	0,8513261	0,7115749	0,8320831	0,9292881	0,5654998	3,14153	0,5752607	0,2604448	0,9269252	0,6603618	0,7570415	0,5115637	0,532305	0,7403497	0,6207685	0,8196231	0,7490373	0,8484574	0,6247651	0,8503326	0,7920269	0,8763732	1,013374	0,7124007	0,6904444	0,8201548	0,3725966	0,6703231	0,7933905	0,4201101	3,835914	1,492215	0,6121058	1,694345	0,6605424	0,5518408	0,5011982	0,5710809	0,5371423	0,4925659
26.05.2020 04:31:00	66	0,4359836	0,6449044	0,5253773	0,5239057	0,5840835	0,4164005	0,4341709	0,4853865	0,6133846	0,5751533	0,526257	0,4968019	0,6371483	0,5359815	0,5436588	0,6308118	0,493548	0,6635008	0,8120391	0,724766	0,5798385	0,753116	0,8028377	0,5923744	0,700213	0,5847203	0,8851498	0,6011335	0,6026281	0,7182416	0,5141402	0,6427644	0,6022123	0,7056196	0,5973481	0,6539236	0,5350001	0,6564988	0,9562237	0,6974227	0,6868222	0,7071309	0,5347208	0,5411441	0,8155999	0,8386857	0,52079	0,6848373	0,6315994	0,7364873	0,6449962	0,7531745	0,6802207	0,6904837	0,8700343	0,7719278	0,636601	0,7496484	0,8542237	0,499855	2,963567	0,5051129	0,2179253	0,8356447	0,5842702	0,6791241	0,4492984	0,4594448	0,6610696	0,5495181	0,7308449	0,6689565	0,7606022	0,552828	0,7612446	0,6987712	0,7828418	0,922976	0,6320122	0,6134664	0,7402855	0,3284304	0,6194271	0,7199712	0,3592628	3,692993	1,42645	0,5410142	1,56979	0,5813418	0,4805073	0,4351871	0,4954139	0,469984	0,430357
26.05.2020 07:31:00	69	0,3740097	0,5684026	0,4580881	0,4609107	0,5169643	0,355617	0,3751169	0,4259065	0,5442193	0,5075774	0,4549432	0,4381095	0,5637837	0,4783723	0,476955	0,5598071	0,4290539	0,583463	0,7190619	0,6431367	0,5095205	0,6754679	0,7191077	0,5242042	0,6081724	0,5197927	0,7827616	0,5300199	0,5365151	0,6396581	0,4425988	0,5691944	0,5340995	0,6303789	0,5310238	0,5762732	0,4738457	0,5735216	0,8748879	0,6271632	0,6160973	0,6362866	0,4680963	0,4703138	0,7122972	0,7294211	0,459607	0,6025499	0,5607736	0,6488572	0,5768108	0,6723516	0,601643	0,6040425	0,7972702	0,6907379	0,5733093	0,682769	0,7839743	0,4448266	2,812532	0,4452492	0,184753	0,7609512	0,5226388	0,5997156	0,39395	0,3936439	0,5860344	0,4829738	0,655318	0,592846	0,6754914	0,4845712	0,6742152	0,6206996	0,6997684	0,8386359	0,5668276	0,545021	0,6698774	0,2880725	0,543798	0,6479121	0,3134476	3,550583	1,391191	0,4763543	1,474338	0,5108148	0,4145404	0,3711322	0,4320423	0,4155006	0,3818822
