Vessel Name: 13042020_InCu_KaKr_KK1-57_P3_1
Metric: RFP Integrated Intensity / GFP Integrated Intensity
Cell Type: 
Passage: 0
Notes: 
Analysis: KaKr-A549-H2B-GFP/-RFP_DEFv10

Date Time	Elapsed	AC005013.1	ACO1	ADAM12	ADAMDEC1	ADAR	ADORA3	AIM2	AKAP2	ALOX5AP	ANKRD22	APOBEC3A	APOBEC3G	APOL1	APOL2	APOL3	APOL4	APOL6	ARAP1	ARL9	ASGR1	ATF3	ATF7IP	ATXN1	BATF	BATF2	BRD3	C19orf66	C6orf100	C9orf91	CAPN15	CASP1	CBFA2T3	CCL13	CCL2	CCL24	CCL7	CCL8	CCNA1	CCR1	CCR2	CD180	CD274	CD38	CD69	CD80	CEACAM1	CFB	CFHR1	CH25H	CHST2	CLEC5A	CLECL1	CMKLR1	CMPK2	CNP	CTAGE1	CX3CR1	CXCL10	CXCL11	CXCL3	CXCL9	CYP2J2	DCT	DDX58	DDX60	DDX60L	DEFB1	DHX58	DOK1	DOK2	DOK3	DTX3L	DUSP7	EMP1	EMR3	ENG	ENPP2	EPHB2	EPSTI1	ETV7	EVI2A	Mx2	STAT1	MAVS	BST2	EIF2AK2	RSAD2	NTC1	NTC2	NTC3	NTC4	NTC5
13.04.2020 19:20:00	0	8.100519e-05	7.501264e-05	1.616079e-05	8.590075e-05	1.916682e-05	1.409495e-05	1.924177e-05	0.0007712642	1.546395e-05	1.637633e-05	1.351683e-05	8.586648e-05	1.553478e-05	1.286333e-05	6.175761e-05	1.098025e-05	1.771174e-05	1.418374e-05	1.951323e-05	1.86727e-05	1.574872e-05	1.524743e-05	7.253665e-05	1.627488e-05	1.732135e-05	1.310583e-05	1.554086e-05	1.603311e-05	4.188226e-05	0.0002501724	1.979561e-05	2.283273e-05	2.280019e-05	1.878945e-05	8.905038e-05	1.866148e-05	1.600619e-05	1.352164e-05	1.411697e-05	1.625953e-05	3.581373e-05	1.810146e-05	1.717069e-05	8.103145e-05	1.587573e-05	1.775981e-05	1.833432e-05	1.68225e-05	1.784578e-05	1.541915e-05	1.781386e-05	0.0001664459	3.757046e-05	2.408193e-05	2.106932e-05	0.0002813373	1.912983e-05	1.756018e-05	1.634817e-05	1.571395e-05	1.698482e-05	1.613049e-05	1.97213e-05	9.39418e-05	4.481526e-05	1.737428e-05	1.397329e-05	1.87795e-05	1.567444e-05	2.283536e-05	1.797031e-05	1.374048e-05	1.561888e-05	1.971713e-05	1.976861e-05	1.431971e-05	1.549101e-05	1.688625e-05	1.469264e-05	1.473242e-05	0.0001307105	0.004466127	1.887946e-05	0.0003540974	0.0002094248	0.0001498611	2.942475e-05	1.360557e-05	1.546504e-05	1.540054e-05	8.22108e-05	2.158378e-05
13.04.2020 22:20:00	3	1.820066e-05	8.432972e-05	2.57087e-05	2.330207e-05	2.796202e-05	2.304757e-05	2.637024e-05	0.0007335585	2.71249e-05	2.483825e-05	2.273484e-05	9.763226e-05	2.141541e-05	2.083908e-05	6.159045e-05	1.918002e-05	2.657934e-05	2.430994e-05	2.701771e-05	2.498762e-05	2.413602e-05	2.380392e-05	7.630867e-05	2.351376e-05	2.444378e-05	2.045415e-05	2.120522e-05	2.418442e-05	9.887527e-05	0.0002469678	2.65798e-05	3.052337e-05	3.327565e-05	2.77206e-05	0.000103639	2.97734e-05	2.673352e-05	2.089799e-05	2.224157e-05	2.497786e-05	7.027188e-05	2.823923e-05	2.463643e-05	8.951401e-05	2.416507e-05	2.575856e-05	2.580258e-05	2.430088e-05	2.58797e-05	2.272173e-05	2.486527e-05	9.270499e-05	4.486294e-05	3.160001e-05	2.825207e-05	0.0002658967	2.880286e-05	2.615106e-05	2.377117e-05	2.63912e-05	2.498262e-05	2.349345e-05	2.780637e-05	9.32574e-05	2.080038e-05	2.598285e-05	2.109032e-05	2.124067e-05	2.236966e-05	3.386363e-05	2.604644e-05	2.246623e-05	2.424462e-05	2.72087e-05	2.851653e-05	2.170386e-05	2.42628e-05	2.413842e-05	2.081381e-05	2.002935e-05	0.000145051	0.004263819	2.922128e-05	0.0003388275	0.0002067229	0.0001503138	4.29884e-05	2.061144e-05	2.419079e-05	2.131987e-05	8.946133e-05	3.160245e-05
14.04.2020 01:20:00	6	0.007878147	0.01558262	0.01181045	0.01458635	0.009594447	0.01274069	0.02267462	0.01542595	0.01940305	0.01016596	0.01230222	0.01921772	0.03743306	0.03265081	0.0212107	0.02488577	0.04054348	0.0278191	0.02866062	0.03780782	0.02559511	0.03473274	0.02188546	0.01975771	0.04259683	0.0321021	0.02844586	0.0311651	0.03018857	0.0351943	0.03510442	0.02516155	0.02861495	0.02390875	0.01858926	0.04446914	0.03540023	0.04150391	0.03113143	0.02874662	0.03421778	0.04031448	0.03727762	0.04167669	0.02766733	0.01832975	0.01799324	0.03708952	0.04402134	0.03554014	0.04699535	0.04701721	0.03427897	0.04832472	0.03801211	0.04406869	0.0453866	0.01477777	0.02365987	0.02251081	0.04301976	0.04171752	0.04802451	0.02532034	0.04281579	0.0395002	0.03571328	0.04277293	0.02848087	0.02317694	0.02216391	0.03631876	0.03703984	0.04029562	0.04166241	0.02982916	0.03864037	0.03781693	0.03444538	0.03064524	0.02147499	0.02427413	0.02008203	0.01946713	0.018705	0.02471974	0.02363113	0.01910566	0.0243038	0.02272432	0.01930189	0.02634438
14.04.2020 04:20:00	9	0.2019961	0.4063222	0.3607844	0.3150506	0.2746534	0.3030594	0.5052002	0.4447475	0.4454686	0.2687712	0.2911363	0.3877094	0.6091735	0.5385818	0.413795	0.4616632	0.6594088	0.569838	0.5507383	0.6294386	0.5819938	0.6558099	0.4364997	0.3962692	0.6524328	0.5087873	0.5730973	0.6443139	0.4937994	0.6883199	0.5841733	0.5574933	0.5168084	0.3863606	0.3695251	0.7175323	0.7122402	0.5844396	0.5596924	0.5417268	0.6763687	0.7647913	0.6755549	0.6891974	0.5074671	0.3313079	0.3887498	0.5356582	0.6796654	0.5641941	0.6844436	0.7932168	0.6411439	0.7310275	0.6539474	0.6496671	0.723551	0.3207481	0.4806617	0.572279	0.7071719	0.6308679	0.7682898	0.513234	0.6926875	0.7839032	0.6523413	0.6285598	0.4836532	0.4314928	0.4189958	0.5427623	0.6290905	0.7754547	0.7333094	0.6667377	0.6904302	0.5916622	0.586842	0.5983297	0.3444352	0.4400002	0.4444973	0.4910091	0.4924099	0.8230621	0.5808895	0.4516334	0.4751306	0.458189	0.4366968	0.5141897
14.04.2020 07:20:00	12	0.520112	0.9264324	0.8265453	0.7388458	0.6479086	0.7208239	1.167216	1.068178	0.9645408	0.6724194	0.6745076	0.883178	1.17269	1.119339	0.8837625	0.9163434	1.213347	1.119777	1.121712	1.213045	1.171232	1.276501	0.9796631	0.8529145	1.186047	0.960964	1.113638	1.280988	0.9887354	1.291498	1.159636	1.126909	1.015521	0.8416373	0.8076442	1.353555	1.32326	1.08323	1.099611	1.055597	1.423421	1.45298	1.322483	1.292886	1.007166	0.7618511	0.8712286	1.012205	1.153942	1.053543	1.24996	1.453338	1.376847	1.324923	1.202293	1.210692	1.309158	0.7130195	1.036736	1.156245	1.316958	1.179377	1.363594	1.118432	1.374139	1.481936	1.256679	1.165253	0.938794	0.89377	0.8515116	1.058128	1.22451	1.41708	1.269363	1.352411	1.256714	1.182523	1.128251	1.132135	0.7849789	1.036699	1.01995	1.112268	1.161781	2.119051	1.307519	0.9897383	1.051535	0.9675273	1.036268	1.187809
14.04.2020 10:20:00	15	0.7238567	1.204226	1.074126	0.9659432	0.8461519	0.9720836	1.496977	1.393409	1.225215	0.9195907	0.9140239	1.158868	1.440704	1.37831	1.116422	1.17023	1.447012	1.375496	1.374987	1.458617	1.454944	1.539235	1.270149	1.07638	1.392192	1.186808	1.312996	1.56574	1.223778	1.53724	1.412778	1.372711	1.233674	1.098562	1.040852	1.583788	1.569527	1.316287	1.353353	1.306527	1.731339	1.71584	1.586485	1.564421	1.244999	0.9843182	1.096935	1.220719	1.350972	1.264896	1.478574	1.694663	1.713136	1.55116	1.414016	1.464957	1.540296	0.9605132	1.360614	1.422337	1.544971	1.426666	1.579611	1.474563	1.716707	1.740401	1.524532	1.437318	1.147523	1.129969	1.074275	1.292993	1.477207	1.656315	1.454192	1.692682	1.526639	1.399425	1.380141	1.369614	1.028794	1.360171	1.365876	1.448155	1.461144	2.92596	1.664288	1.321846	1.355264	1.285521	1.398179	1.534661
14.04.2020 13:20:00	18	0.8374146	1.351118	1.190831	1.091591	0.9432967	1.105302	1.670712	1.530947	1.352366	1.04068	1.042163	1.308594	1.592306	1.513244	1.258671	1.307399	1.572718	1.523569	1.506603	1.61096	1.602543	1.683235	1.425133	1.209617	1.535737	1.303197	1.436491	1.733041	1.354779	1.650365	1.561959	1.498372	1.345727	1.221278	1.18508	1.703111	1.694996	1.426604	1.511236	1.448922	1.925336	1.870418	1.730466	1.700983	1.383805	1.093969	1.213295	1.323144	1.453195	1.379734	1.606555	1.869992	1.911386	1.642305	1.516313	1.612047	1.644158	1.092066	1.52742	1.556584	1.687119	1.566062	1.682212	1.624423	1.890426	1.874586	1.683027	1.592194	1.259348	1.234853	1.178946	1.435799	1.61446	1.78491	1.545746	1.882451	1.680414	1.526908	1.516616	1.493473	1.15249	1.521035	1.563079	1.579017	1.64403	3.431776	1.850301	1.484464	1.520576	1.450831	1.598414	1.705239
14.04.2020 16:20:00	21	0.8934747	1.439983	1.251461	1.143046	0.986816	1.173071	1.747567	1.636683	1.425241	1.098742	1.08744	1.397878	1.682809	1.593243	1.325032	1.372326	1.651831	1.621283	1.600421	1.703306	1.710081	1.766276	1.517634	1.287582	1.614284	1.362099	1.53051	1.840396	1.43794	1.716232	1.646724	1.559252	1.411833	1.278033	1.243433	1.804335	1.781545	1.500213	1.594849	1.517549	2.05742	1.975218	1.843247	1.784083	1.477635	1.165271	1.266241	1.393579	1.519748	1.449144	1.676957	1.989851	2.057133	1.717792	1.606663	1.709258	1.710141	1.160801	1.613594	1.646983	1.780711	1.637047	1.748976	1.712371	2.02441	1.990191	1.793878	1.668885	1.364878	1.286753	1.239424	1.511349	1.708253	1.855056	1.637311	1.989595	1.761554	1.597196	1.599278	1.595678	1.2078	1.590394	1.670074	1.634568	1.748607	3.667368	1.962754	1.575558	1.608166	1.540091	1.696928	1.808203
14.04.2020 19:20:00	24	0.9115314	1.515927	1.281299	1.178735	1.031589	1.204676	1.812928	1.690194	1.448424	1.103801	1.106437	1.439014	1.722975	1.635221	1.37093	1.398134	1.733922	1.7482	1.658751	1.740357	1.809182	1.819051	1.550534	1.319468	1.655519	1.411598	1.582382	1.924827	1.496165	1.758928	1.68588	1.593332	1.441395	1.302295	1.278557	1.878833	1.859958	1.534594	1.678197	1.559779	2.18947	2.036872	1.914456	1.844928	1.552919	1.212458	1.29233	1.41961	1.564164	1.482944	1.720075	2.082539	2.186028	1.757716	1.67941	1.786997	1.77014	1.182059	1.678133	1.688346	1.843694	1.658594	1.814127	1.795795	2.135137	2.103339	1.893838	1.699351	1.395196	1.326757	1.303931	1.600651	1.766036	1.90249	1.654047	2.084846	1.821196	1.617142	1.65747	1.662568	1.231277	1.639929	1.7667	1.677153	1.835668	3.744406	1.988224	1.626916	1.656691	1.558437	1.763037	1.861743
14.04.2020 22:20:00	27	0.8973608	1.452714	1.25689	1.143061	1.006488	1.194808	1.840643	1.73542	1.465644	1.095074	1.090842	1.442054	1.732373	1.613044	1.377034	1.373211	1.745621	1.73249	1.688232	1.756217	1.795537	1.832457	1.571613	1.305686	1.676265	1.402843	1.59775	1.98282	1.496565	1.775681	1.713051	1.613779	1.443202	1.278608	1.286651	1.893502	1.863908	1.51646	1.665156	1.584571	2.204735	2.085084	1.9266	1.870605	1.55444	1.213596	1.282485	1.408978	1.570009	1.476035	1.760642	2.134429	2.238562	1.770315	1.716862	1.803926	1.770949	1.180475	1.64983	1.693035	1.873168	1.65257	1.81029	1.857113	2.144583	2.119266	1.907866	1.721495	1.436745	1.325849	1.293895	1.582709	1.755639	1.940156	1.690776	2.114097	1.848126	1.655533	1.668946	1.663831	1.21411	1.620865	1.818397	1.719899	1.893515	3.918462	1.991523	1.59792	1.641368	1.563631	1.776261	1.871754
15.04.2020 01:20:00	30	0.8623421	1.413529	1.219305	1.093113	0.9629933	1.161773	1.827013	1.749192	1.444988	1.044099	1.052668	1.401484	1.713984	1.584163	1.341952	1.317843	1.724342	1.72371	1.686782	1.770337	1.783518	1.793743	1.53659	1.288751	1.65992	1.380454	1.571038	1.980902	1.482879	1.750264	1.674262	1.636006	1.445044	1.241098	1.265558	1.88716	1.879466	1.494731	1.655512	1.579032	2.19794	2.082428	1.927761	1.883229	1.541677	1.211296	1.238741	1.369634	1.558291	1.449281	1.753646	2.159148	2.308152	1.753912	1.7427	1.802348	1.758677	1.1488	1.620714	1.66155	1.847223	1.620027	1.795882	1.904703	2.121532	2.135633	1.918676	1.692275	1.429459	1.313545	1.278215	1.559622	1.732494	1.943642	1.689507	2.111054	1.834679	1.649239	1.642795	1.66375	1.191262	1.599479	1.818885	1.736781	1.916614	3.986164	2.000669	1.570394	1.614535	1.51948	1.748708	1.852899
15.04.2020 04:20:00	33	0.8005377	1.351851	1.155452	1.029478	0.9200022	1.104582	1.775572	1.713484	1.38867	0.9856412	0.9987535	1.343767	1.640079	1.513277	1.279658	1.242212	1.670494	1.690949	1.660793	1.720646	1.717064	1.731344	1.48065	1.237281	1.615124	1.330803	1.533996	1.949124	1.440714	1.698863	1.632504	1.60159	1.401024	1.165158	1.197212	1.863936	1.868375	1.442287	1.624999	1.525743	2.201746	2.044265	1.896526	1.83373	1.514934	1.170536	1.197744	1.309607	1.514934	1.405987	1.701046	2.158852	2.315019	1.719223	1.729509	1.772048	1.725319	1.104063	1.58363	1.631164	1.80909	1.565847	1.761315	1.918761	2.049086	2.130565	1.901183	1.628574	1.390858	1.272482	1.253916	1.521455	1.691622	1.905586	1.652674	2.074596	1.791857	1.61871	1.576797	1.620586	1.145676	1.532509	1.819456	1.725065	1.879729	3.937823	1.988781	1.493922	1.551336	1.447109	1.701713	1.833582
15.04.2020 07:20:00	36	0.7322707	1.264383	1.077986	0.9511975	0.8633143	1.049041	1.702802	1.672907	1.313006	0.9065296	0.9195204	1.260535	1.574932	1.41537	1.213213	1.154822	1.5907	1.624243	1.625915	1.66864	1.648528	1.624259	1.406725	1.17538	1.535553	1.256501	1.479389	1.892118	1.397844	1.635044	1.5533	1.558817	1.34959	1.11346	1.131643	1.804221	1.795255	1.35726	1.548673	1.476958	2.159897	2.006634	1.845677	1.789691	1.462425	1.120259	1.131996	1.246393	1.46413	1.330521	1.618009	2.134489	2.270754	1.660894	1.680481	1.719988	1.6673	1.0483	1.50318	1.568514	1.726937	1.490819	1.697264	1.923793	1.96582	2.083065	1.836763	1.575096	1.334296	1.208312	1.176756	1.445926	1.634393	1.845831	1.62045	1.993545	1.730742	1.549007	1.513575	1.556756	1.08419	1.461125	1.747615	1.733545	1.843567	3.824956	1.960356	1.428189	1.480503	1.381626	1.631044	1.78774
15.04.2020 10:20:00	39	0.6580563	1.162615	0.9855539	0.8644324	0.7984426	0.9696695	1.648087	1.616254	1.229695	0.8404508	0.853317	1.156757	1.488944	1.314285	1.14152	1.050599	1.510724	1.544832	1.547498	1.591604	1.574285	1.530014	1.304574	1.088232	1.449378	1.173345	1.387152	1.824094	1.350384	1.55294	1.485841	1.495291	1.29259	1.031905	1.050468	1.72999	1.729341	1.275994	1.466399	1.408923	2.083798	1.926505	1.778152	1.739802	1.386525	1.059399	1.060353	1.163222	1.394839	1.243597	1.525685	2.063305	2.211554	1.580976	1.603787	1.655712	1.594714	0.9740488	1.417742	1.489022	1.649241	1.402431	1.633875	1.889637	1.858724	2.015809	1.769456	1.492432	1.250061	1.146359	1.10327	1.374307	1.571994	1.752514	1.548059	1.898265	1.655761	1.463546	1.42265	1.460464	0.9943495	1.394538	1.690517	1.72837	1.79871	3.699288	1.876923	1.318348	1.404231	1.293307	1.543915	1.708761
15.04.2020 13:20:00	42	0.5770352	1.069521	0.9005165	0.7676117	0.7132193	0.8776149	1.56171	1.50973	1.145782	0.7576119	0.7784791	1.05884	1.390577	1.205256	1.045803	0.9490409	1.408333	1.428455	1.449281	1.495616	1.476717	1.416741	1.19672	1.003455	1.354292	1.063781	1.277368	1.738368	1.275002	1.450445	1.390033	1.40595	1.191325	0.9572544	0.9613321	1.637748	1.636019	1.182409	1.372286	1.31545	1.99877	1.831592	1.685875	1.645241	1.287603	0.9834443	0.9653277	1.061634	1.290222	1.146348	1.417813	1.966184	2.125401	1.488874	1.509926	1.555349	1.496385	0.8852988	1.320602	1.401613	1.558901	1.312195	1.554544	1.822911	1.775474	1.92422	1.683385	1.397706	1.155904	1.074463	1.004403	1.268027	1.467591	1.653912	1.461903	1.815245	1.573372	1.365525	1.32749	1.369705	0.9080909	1.30758	1.602877	1.681002	1.715405	3.492682	1.818709	1.224902	1.30668	1.196226	1.453571	1.621221
15.04.2020 16:20:00	45	0.4965304	0.946813	0.7973639	0.6628885	0.6170306	0.7691336	1.448193	1.384558	1.029323	0.6604931	0.6788957	0.9558212	1.273903	1.086784	0.9423841	0.8402449	1.287287	1.303288	1.342605	1.383358	1.355898	1.289366	1.069114	0.8819268	1.226329	0.9638175	1.175108	1.608841	1.165086	1.349711	1.273235	1.276968	1.084298	0.8696481	0.8746143	1.518841	1.512604	1.077237	1.257337	1.200149	1.89549	1.742699	1.577398	1.529213	1.201924	0.8815887	0.85127	0.9633306	1.173912	1.043578	1.2987	1.852868	2.019498	1.386612	1.408416	1.427472	1.373082	0.7925392	1.197042	1.288171	1.43152	1.193138	1.435513	1.727374	1.645978	1.811377	1.558305	1.280685	1.049622	0.9650876	0.9091657	1.168357	1.360567	1.547613	1.349642	1.677437	1.438275	1.256159	1.22159	1.244159	0.8123866	1.205496	1.506565	1.619308	1.603248	3.228403	1.713203	1.107613	1.187206	1.073739	1.330814	1.520745
15.04.2020 19:20:00	48	0.4243426	0.837133	0.7110856	0.5872164	0.5418004	0.6909789	1.355761	1.287146	0.9391794	0.5822228	0.5987061	0.8427931	1.168428	0.9832965	0.8468508	0.7382819	1.202915	1.175753	1.247795	1.289673	1.238238	1.171152	0.9637222	0.7785676	1.13105	0.8689798	1.07522	1.478885	1.080922	1.231772	1.175821	1.183123	1.005401	0.7740442	0.7802554	1.425038	1.395085	0.9705806	1.153187	1.093923	1.767655	1.620381	1.478281	1.422379	1.088369	0.8006077	0.7642971	0.8741127	1.082261	0.9478372	1.187148	1.724434	1.894929	1.285522	1.308511	1.324888	1.287764	0.7200177	1.090348	1.183338	1.333192	1.082624	1.346888	1.631289	1.536727	1.69807	1.455454	1.174848	0.9521319	0.8880422	0.8240118	1.063236	1.260109	1.431529	1.232813	1.569336	1.339244	1.165049	1.115471	1.135574	0.7276912	1.112881	1.417515	1.583915	1.499113	3.000645	1.632053	1.003379	1.094649	0.9790232	1.223919	1.413211
15.04.2020 22:20:00	51	0.3577961	0.7421591	0.629354	0.5005167	0.4693014	0.6123475	1.271946	1.190428	0.8495974	0.5101805	0.5345641	0.7432941	1.062418	0.8847065	0.7731799	0.6594729	1.100778	1.085875	1.145658	1.176996	1.123017	1.064296	0.8677874	0.6840453	1.013035	0.7781397	0.9768563	1.372298	0.9871068	1.137159	1.071563	1.096857	0.9256696	0.6886775	0.6942739	1.323353	1.291876	0.8753664	1.054273	0.9996054	1.665153	1.506396	1.390406	1.318777	0.9964484	0.7235413	0.67713	0.7878891	0.9896273	0.8471953	1.086917	1.599059	1.770542	1.199294	1.222343	1.223665	1.191938	0.6474719	0.9845175	1.106656	1.24356	0.9947397	1.254779	1.558537	1.419665	1.588369	1.356569	1.088032	0.8728261	0.8186261	0.7384788	0.9659784	1.156469	1.319205	1.146549	1.432791	1.237002	1.052458	1.009552	1.035893	0.6500399	1.016455	1.330648	1.533506	1.421393	2.836254	1.552598	0.8971874	1.002956	0.8747895	1.132013	1.327406
16.04.2020 01:20:00	54	0.2931663	0.6584495	0.5484182	0.427267	0.3961949	0.5261511	1.155493	1.054779	0.7526476	0.4426275	0.4597501	0.6554755	0.9756208	0.7834499	0.6917729	0.5715902	1.002395	0.9867984	1.032362	1.054994	1.010314	0.9699562	0.7629655	0.5927445	0.9122249	0.6857182	0.8735301	1.256264	0.9028513	1.031526	0.9705354	0.9936483	0.848147	0.6074082	0.6070826	1.214696	1.172044	0.7868325	0.9647819	0.8846069	1.520601	1.380773	1.293419	1.206868	0.9029524	0.6396879	0.5905938	0.6907725	0.8995376	0.7544739	0.9848362	1.469397	1.634382	1.104407	1.139329	1.12237	1.095376	0.5731686	0.875687	1.002107	1.12961	0.9017797	1.146072	1.452113	1.288987	1.486094	1.240209	0.9817196	0.7712672	0.7263231	0.6620482	0.8664409	1.040999	1.213909	1.043365	1.309965	1.108781	0.9257526	0.8996815	0.9340674	0.570764	0.9237965	1.227353	1.468886	1.290912	2.624401	1.459417	0.8033257	0.8917686	0.7802284	1.039138	1.21527
16.04.2020 04:20:00	57	0.2352091	0.5769165	0.4707515	0.3727598	0.3400132	0.45674	1.044772	0.9375336	0.6585296	0.3851482	0.3956337	0.5823188	0.8831482	0.6798928	0.6077741	0.4963243	0.9125255	0.8895748	0.9392841	0.9542734	0.8926595	0.8707193	0.6680071	0.500272	0.8088349	0.6027581	0.7829186	1.130329	0.8137599	0.9248051	0.8708278	0.9102376	0.7593912	0.5233783	0.5282847	1.120767	1.060585	0.6949748	0.863596	0.7871791	1.396915	1.263048	1.182695	1.100304	0.8082228	0.5610076	0.5109767	0.5995426	0.8012019	0.6626645	0.8948042	1.358871	1.517833	1.007651	1.034371	1.009902	0.9977828	0.4972946	0.7652808	0.9236121	1.031462	0.8249819	1.04115	1.348466	1.178982	1.351458	1.116604	0.8778304	0.6829449	0.6493101	0.5939526	0.7698597	0.9451104	1.099866	0.9463114	1.201352	1.008195	0.8298484	0.7972432	0.8431839	0.5018497	0.8412353	1.117469	1.386673	1.203228	2.438152	1.342239	0.7079875	0.7928795	0.6921661	0.9359031	1.110947
16.04.2020 07:20:00	60	0.200776	0.4979354	0.4109231	0.3213877	0.2951818	0.3951093	0.9481006	0.8303047	0.5785128	0.326775	0.3363805	0.4993765	0.7892377	0.5886877	0.5267311	0.4237478	0.809189	0.7956173	0.8389636	0.8660997	0.7948806	0.7795302	0.567273	0.4332951	0.7195008	0.5162483	0.6939442	1.022516	0.728429	0.8361639	0.7886419	0.8191528	0.6837603	0.4598966	0.4611595	1.020531	0.9572388	0.6080927	0.7728793	0.7046655	1.289393	1.159704	1.086316	1.009997	0.712547	0.4830581	0.4466381	0.5260305	0.7229592	0.5847571	0.8047937	1.2463	1.390973	0.895844	0.9402309	0.9196427	0.8960879	0.4291405	0.6718389	0.8315912	0.939764	0.7364298	0.9357549	1.263443	1.053162	1.23781	1.012941	0.7729621	0.5801485	0.586176	0.5104626	0.6828609	0.8450194	0.9967554	0.8685853	1.076849	0.8994458	0.7354688	0.7058448	0.7456204	0.4434105	0.7567292	1.024437	1.32424	1.115201	2.227048	1.249579	0.619927	0.7046764	0.5995136	0.8478379	1.005306
16.04.2020 10:20:00	63	0.1690924	0.4404599	0.3584507	0.2748006	0.2591623	0.3328702	0.8518043	0.7528678	0.5167844	0.2789644	0.2886478	0.4256081	0.7078229	0.5171267	0.4647398	0.365812	0.7277348	0.7053733	0.762192	0.785299	0.69302	0.6912523	0.4853864	0.3708129	0.6289792	0.4444415	0.6222346	0.9254239	0.6484039	0.7536801	0.709893	0.7327409	0.6133673	0.4070845	0.3999156	0.9297096	0.8690691	0.5320235	0.6899344	0.6281307	1.182025	1.065791	0.9945531	0.9142319	0.639873	0.4231902	0.3923518	0.4574344	0.6469091	0.517529	0.7099904	1.142097	1.271337	0.8121121	0.8554326	0.8256235	0.8161319	0.3751062	0.5796243	0.7447234	0.8465919	0.6552016	0.8453916	1.168878	0.9466034	1.127059	0.9102278	0.6898437	0.5069767	0.5323426	0.4468465	0.6049399	0.7549418	0.8918279	0.7886123	0.9758357	0.8073217	0.645137	0.6255684	0.663315	0.384828	0.6856696	0.9212186	1.268466	1.020503	2.036958	1.154554	0.5460845	0.6243786	0.5136997	0.7531323	0.9058833
16.04.2020 13:20:00	66	0.1429733	0.381603	0.3179045	0.2356382	0.2257312	0.275798	0.7710105	0.6817753	0.4528735	0.2370765	0.2530808	0.3696041	0.6325056	0.4575642	0.4072582	0.3072377	0.6479155	0.6241742	0.6829919	0.7051172	0.625617	0.6156443	0.4179374	0.3179402	0.546773	0.3770523	0.5669369	0.8313076	0.5672906	0.6857567	0.6382733	0.650203	0.5538421	0.3606679	0.3322425	0.8544077	0.78194	0.469187	0.615609	0.5537798	1.082011	0.9787226	0.9036596	0.8138906	0.565187	0.3760404	0.3423633	0.4031279	0.5711214	0.4596341	0.6489049	1.03649	1.17017	0.7338142	0.7717485	0.7412787	0.7351591	0.3257987	0.5061559	0.6698337	0.7759215	0.5830078	0.7587536	1.089657	0.8519295	1.013869	0.827132	0.6086596	0.4357735	0.4694915	0.3907362	0.5335003	0.6937637	0.8126773	0.7191506	0.8820975	0.7284034	0.5675945	0.5587919	0.5943653	0.3329757	0.6221913	0.8433419	1.196657	0.9360769	1.887683	1.063637	0.4757939	0.5520734	0.4427948	0.6698238	0.8199694
16.04.2020 16:20:00	69	0.1237123	0.3330701	0.2840934	0.1974453	0.1943523	0.232289	0.705953	0.6236433	0.4033007	0.2023022	0.2204781	0.3273706	0.5542239	0.3997937	0.361466	0.2673949	0.5787185	0.5503548	0.6122858	0.6353098	0.5520402	0.550469	0.3597186	0.2719327	0.4830194	0.3294267	0.5084221	0.7501509	0.5031625	0.6177442	0.571481	0.5917173	0.4970948	0.3155685	0.2826851	0.7734346	0.6917888	0.4194368	0.5418006	0.4882298	0.981291	0.904389	0.8134594	0.7290945	0.505498	0.322966	0.3000958	0.3536972	0.5075594	0.4075441	0.5843441	0.9640153	1.059215	0.6537816	0.6923607	0.6625552	0.6551331	0.2837927	0.4472771	0.6111436	0.6953521	0.529637	0.6818808	1.00089	0.7506927	0.923456	0.7431923	0.5327285	0.381182	0.4120658	0.3450114	0.482311	0.6223139	0.7496249	0.6452036	0.7934761	0.6488707	0.5064688	0.4956779	0.5386953	0.2974137	0.5548099	0.7768462	1.144097	0.852909	1.729817	0.9787339	0.4185372	0.4846306	0.3851229	0.5899499	0.7503898
