Vessel Name: 28-10-2022_KaKr_KK1-82_Screen_S4/4-B4/5_P3_12
Metric: RFP  Integrated Intensity / GFP  Integrated Intensity
Cell Type: 
Passage: 0
Notes: 
Analysis: KaKr-A549-H2B-GFP/-RFP_DEFv10

Date Time	Elapsed	SSB	ST14	STAB1	STAP1	STAT1	STAT2	TAP1	TAP2	TDO2	TDRD7	TIFA	TLR3	TLR7	TMEM140	TMEM217	TMEM62	TNFRSF1B	TNFSF10	TNFSF13B	TNFSF18	TNFSF8	TRAF3IP3	TRANK1	TRIM21	TRIM22	TRIM25	TRIM38	TRIM5	TRIM69	TYMP	UBA7	UBN2	UBQLNL	VCAN	WARS	XAF1	ZADH2	ZBP1	ZBTB48	ZC3HAV1	ZMAT3	ZNF44	ZNF516	ZNFX1	NTC1	NTC2	NTC3	NTC4	NTC5	C1 (Mx2)	C2 (STAT1)	C3 (MAVS)	C4 (BST2)	C5 (EIF2AK2)	C6 (RSAD2)	C7 (NTC1)	C8 (NTC2)	C9 (NTC3)	C10 (NTC4)	C11 (NTC5)
28/10/2022 16:05:00	0	5,331163E-05	5,442337E-05	5,812318E-05	6,100159E-05	5,77818E-05	5,092529E-05	0,000846212	5,895184E-05	5,452226E-05	9,837544E-05	5,78132E-05	5,791054E-05	4,993128E-05	0,0001228612	8,297646E-05	5,756768E-05	5,223908E-05	0,0001154311	5,071151E-05	5,384956E-05	6,200396E-05	7,922293E-05	6,970402E-05	5,878718E-05	7,155884E-05	5,365596E-05	5,017923E-05	5,618312E-05	5,580776E-05	5,176652E-05	5,634273E-05	0,0004857014	0,004125929	6,312387E-05	6,319804E-05	5,756052E-05	0,003321826	5,422762E-05	5,518535E-05	5,498907E-05	5,96213E-05	6,147046E-05	6,384779E-05	6,051055E-05	6,060852E-05	0,0001398408	9,579395E-05	0,0001644605	5,736221E-05	6,616543E-05	0,0001801616	0,0001305413	8,379589E-05	6,990437E-05	6,142215E-05	6,874592E-05	8,128283E-05	7,056966E-05	6,985173E-05	7,069829E-05
28/10/2022 18:05:00	2	3,656486E-05	3,325105E-05	4,164305E-05	4,078841E-05	4,110406E-05	3,603151E-05	4,311288E-05	4,236713E-05	4,022578E-05	8,628822E-05	3,880547E-05	4,286698E-05	3,503195E-05	0,0001041544	6,87466E-05	3,837909E-05	3,703029E-05	9,757037E-05	3,268141E-05	3,952234E-05	4,37919E-05	6,200898E-05	4,507062E-05	4,198524E-05	4,583735E-05	3,753309E-05	3,719674E-05	3,793846E-05	3,893384E-05	3,795436E-05	4,030599E-05	0,0004972065	0,001117254	4,35738E-05	4,54266E-05	3,967987E-05	0,003353777	3,843128E-05	3,912442E-05	3,847885E-05	4,613724E-05	4,199174E-05	4,427457E-05	4,267863E-05	4,466913E-05	4,585047E-05	7,428357E-05	0,00013026	4,157273E-05	4,411117E-05	0,0001512954	0,0001035031	6,447631E-05	4,871137E-05	4,357625E-05	4,590594E-05	5,426083E-05	4,976758E-05	4,811491E-05	4,817021E-05
28/10/2022 20:05:00	4	0,007576175	0,007162103	0,006914267	0,005049943	0,003168908	0,005161287	0,006297836	0,007641186	0,009312288	0,007495546	0,007504157	0,005752529	0,00861667	0,00543337	0,004929266	0,00684553	0,007253534	0,005719044	0,005508431	0,007208834	0,00600509	0,006161035	0,008079113	0,004437891	0,007411489	0,006784103	0,005442917	0,005769063	0,005562766	0,003981646	0,006521597	0,008011002	0,008093448	0,009162958	0,006272542	0,009490712	0,00859406	0,008249307	0,008651794	0,008016805	0,009132223	0,007953594	0,008711697	0,007682385	0,006279319	0,00717293	0,005623605	0,008680278	0,00961611	0,007889102	0,008279479	0,008106668	0,00713976	0,006270681	0,005804094	0,005638128	0,00720449	0,006989684	0,00791579	0,009904484
28/10/2022 22:05:00	6	0,2826644	0,2790638	0,2113491	0,195365	0,1700756	0,1744328	0,2276117	0,2385305	0,2240406	0,2011046	0,2315319	0,1716062	0,2837517	0,2428419	0,2287378	0,2225117	0,2002085	0,1878548	0,2085012	0,1819183	0,2303914	0,2190506	0,2720189	0,1555287	0,2627449	0,2273687	0,2230106	0,182345	0,1981625	0,2296414	0,182941	0,2816684	0,2258209	0,2906626	0,1801805	0,282193	0,2634743	0,2441009	0,2803462	0,2225828	0,2885531	0,2723755	0,327836	0,2659634	0,2657882	0,2238091	0,194969	0,2501945	0,251675	0,2083093	0,245647	0,202028	0,1865071	0,2900998	0,1815828	0,1580817	0,2231586	0,1857537	0,2411252	0,2459277
29/10/2022 00:05:00	8	1,166638	1,287039	0,9914942	0,9686278	0,8874297	0,8671049	1,121586	1,177029	1,036339	0,8792037	1,020522	0,7983032	1,340352	1,200989	1,203505	1,097564	0,9455502	0,9144736	0,9349574	0,7941567	1,130643	0,9689356	1,237854	0,7729791	1,100249	1,087041	1,010915	0,8094589	0,9486907	1,183603	0,8104675	1,29983	1,013651	1,311295	0,7945362	1,243292	1,265033	1,097943	1,20605	1,005967	1,437553	1,230858	1,458139	1,205917	1,293168	0,9509657	0,8707853	1,163843	1,118585	0,9306104	1,102476	0,8937982	0,8321987	1,496873	0,8778208	0,7544265	1,036197	0,8832577	1,061239	1,039331
29/10/2022 02:05:00	10	2,065515	2,34319	1,871529	1,882263	1,769976	1,677276	2,176104	2,245603	1,915804	1,677328	1,829303	1,57722	2,442963	2,239755	2,24781	2,059483	1,776584	1,755107	1,792631	1,471898	2,17459	1,833926	2,194968	1,468763	1,93073	2,006566	1,898167	1,506143	1,740879	2,309175	1,561962	2,352612	1,905548	2,386866	1,480984	2,204156	2,362715	2,008349	2,151206	1,848114	2,617573	2,269684	2,632654	2,207108	2,405044	1,695557	1,642591	2,104825	2,018043	1,712463	2,033681	1,629624	1,562379	3,107443	1,639077	1,425652	1,890171	1,669838	1,90787	1,92494
29/10/2022 04:05:00	12	2,620118	2,935898	2,412781	2,492864	2,452937	2,299652	2,823531	2,874944	2,511631	2,232204	2,403324	2,132216	3,033448	2,867036	2,878873	2,622761	2,37151	2,330986	2,411714	2,019614	2,830954	2,411273	2,749031	1,991545	2,493454	2,596608	2,409079	2,021498	2,316656	2,992401	2,124068	2,967616	2,497181	3,050108	2,009583	2,811341	3,023084	2,622879	2,741208	2,425956	3,235038	2,859679	3,23785	2,873109	2,993639	2,258352	2,228338	2,671807	2,594274	2,262695	2,695349	2,18652	2,114243	4,311982	2,177915	1,931727	2,396828	2,228116	2,474981	2,497103
29/10/2022 06:05:00	14	2,941728	3,226254	2,815208	2,906974	3,09797	2,926346	3,207359	3,214765	2,87587	2,668129	2,848079	2,59305	3,297114	3,241859	3,236355	2,977615	2,760099	2,762069	2,820442	2,482538	3,171647	2,801092	3,157478	2,426617	2,878508	2,948003	2,733655	2,436489	2,72577	3,294112	2,583003	3,251771	2,908917	3,417914	2,464999	3,165004	3,296287	3,013686	3,116449	2,826452	3,520885	3,189949	3,517902	3,223527	3,282011	2,704845	2,667753	3,010907	2,98715	2,66558	3,26067	2,758918	2,537956	5,220248	2,569117	2,377999	2,809808	2,655514	2,845624	2,888235
29/10/2022 08:05:00	16	3,104371	3,398161	3,051399	3,141837	3,477046	3,338131	3,385414	3,418481	3,108693	2,935911	3,074164	2,878386	3,453657	3,394003	3,379363	3,176497	2,994564	2,997483	3,087931	2,809377	3,350558	3,047812	3,366513	2,684689	3,07039	3,124641	2,938693	2,689226	2,943619	3,475848	2,891712	3,430931	3,152382	3,629149	2,761704	3,33068	3,441616	3,243997	3,319412	3,042264	3,701141	3,374874	3,675181	3,446335	3,420506	2,983459	2,936567	3,202978	3,242336	2,91966	3,69566	3,224371	2,786805	5,912162	2,824515	2,65598	3,049131	2,944533	3,076555	3,123834
29/10/2022 10:05:00	18	3,244612	3,533183	3,232385	3,311849	3,725738	3,620687	3,505567	3,59189	3,240359	3,120238	3,214875	3,054941	3,597949	3,554809	3,542966	3,317005	3,149092	3,12045	3,2535	2,984916	3,506539	3,208102	3,496416	2,877254	3,235795	3,252078	3,111757	2,844395	3,107448	3,656704	3,095754	3,58504	3,316382	3,764635	2,94342	3,470433	3,575798	3,414444	3,458803	3,168841	3,882763	3,531676	3,817437	3,60909	3,578326	3,156617	3,108412	3,363104	3,398825	3,066547	4,011918	3,479293	2,933238	6,337067	3,005835	2,830719	3,207909	3,092677	3,223533	3,274333
29/10/2022 12:05:00	20	3,273202	3,606148	3,261208	3,353251	3,810977	3,751366	3,572319	3,620633	3,296295	3,18219	3,284086	3,135689	3,685602	3,589554	3,576971	3,368582	3,193793	3,090537	3,343163	3,042225	3,539871	3,263172	3,537969	2,95682	3,279889	3,259558	3,160093	2,891049	3,169894	3,706984	3,158495	3,638943	3,361449	3,795265	3,022442	3,532496	3,657153	3,448446	3,524039	3,200249	3,977918	3,588362	3,889887	3,639085	3,663786	3,190706	3,173936	3,448658	3,434729	3,144063	4,137064	3,565168	2,981771	6,480952	3,043527	2,907374	3,243792	3,162117	3,259522	3,317233
29/10/2022 14:05:00	22	3,401953	3,755413	3,401215	3,483932	4,027492	3,997137	3,72958	3,788773	3,416887	3,299555	3,443709	3,263947	3,861428	3,759875	3,777543	3,53836	3,369408	3,214816	3,485152	3,153544	3,710651	3,404706	3,672063	3,095277	3,424229	3,367963	3,297967	3,023274	3,306263	3,920691	3,286411	3,819445	3,514518	3,936563	3,106463	3,681354	3,836941	3,623232	3,681543	3,344909	4,175138	3,748629	4,073714	3,814102	3,873225	3,337825	3,320294	3,600689	3,571445	3,261421	4,349606	3,673509	3,107965	6,813205	3,158624	3,049376	3,354599	3,300967	3,401634	3,464467
29/10/2022 16:05:00	24	3,498379	3,849915	3,476029	3,55019	4,221212	4,188815	3,822035	3,900338	3,482496	3,382916	3,508146	3,319421	3,98517	3,866329	3,889258	3,636603	3,442183	3,248013	3,555291	3,199138	3,801002	3,451872	3,755672	3,163009	3,485728	3,440964	3,372038	3,07865	3,359553	4,042531	3,328418	3,889218	3,638138	4,049049	3,183587	3,775517	3,966089	3,705863	3,802042	3,415143	4,303924	3,891781	4,204496	3,938592	3,970053	3,413155	3,383085	3,728597	3,679716	3,344905	4,514721	3,791219	3,177492	7,071248	3,248505	3,104838	3,451657	3,374877	3,479968	3,560598
29/10/2022 18:05:00	26	3,53142	3,886183	3,496777	3,594004	4,373674	4,358219	3,885029	3,948007	3,494422	3,404877	3,519959	3,310497	4,064846	3,90708	3,95865	3,689807	3,479942	3,258259	3,547696	3,21244	3,807119	3,477717	3,789243	3,182351	3,514468	3,432331	3,415481	3,05898	3,397385	4,087512	3,33763	3,939266	3,670973	4,079636	3,202271	3,812096	4,001614	3,724795	3,865485	3,431686	4,352652	3,933326	4,301072	3,957326	4,035484	3,433831	3,386063	3,784335	3,706046	3,368349	4,70137	3,846964	3,18181	7,212453	3,253318	3,134378	3,486199	3,389101	3,516573	3,592939
29/10/2022 20:05:00	28	3,588454	3,96349	3,531858	3,635446	4,624572	4,597428	3,977149	4,012575	3,535119	3,425342	3,563524	3,333649	4,138936	3,984026	4,038467	3,768157	3,541061	3,288415	3,57347	3,22792	3,855145	3,53596	3,856272	3,193685	3,555161	3,478834	3,429691	3,082209	3,446861	4,167133	3,324955	4,005355	3,7321	4,14848	3,247431	3,855834	4,092884	3,787196	3,936755	3,462578	4,450303	4,022086	4,435363	4,046448	4,123689	3,463494	3,415588	3,835612	3,776287	3,398337	4,918633	3,943316	3,182733	7,383556	3,300885	3,166786	3,528286	3,420077	3,561827	3,661331
29/10/2022 22:05:00	30	3,612891	3,983545	3,515537	3,64181	4,826367	4,790936	3,978438	4,060074	3,525318	3,398703	3,550674	3,310507	4,139287	4,00608	4,068517	3,786906	3,54932	3,302444	3,562064	3,173602	3,854611	3,538553	3,865506	3,182301	3,55701	3,489252	3,42466	3,073803	3,440007	4,192468	3,308129	4,002432	3,775939	4,198084	3,25886	3,880753	4,135051	3,785085	3,977491	3,482104	4,485902	4,050625	4,497589	4,078383	4,193507	3,457139	3,408175	3,873833	3,770205	3,387013	5,157943	4,030409	3,185673	7,443564	3,292607	3,165504	3,542389	3,421815	3,586709	3,71202
30/10/2022 00:05:00	32	3,613672	3,966864	3,495341	3,613952	5,004198	4,926686	3,959288	4,061679	3,493542	3,356852	3,511498	3,250551	4,184497	3,982863	4,069231	3,768217	3,537017	3,299801	3,50522	3,117312	3,819807	3,518283	3,829638	3,125657	3,538428	3,475476	3,393029	3,032634	3,427243	4,189336	3,259502	3,998281	3,769706	4,195909	3,237108	3,886468	4,170217	3,771838	3,998305	3,498035	4,508778	4,050804	4,536765	4,057268	4,209945	3,411324	3,385253	3,845803	3,77727	3,376675	5,367458	4,137843	3,159068	7,44247	3,261441	3,142702	3,549994	3,385775	3,575565	3,717091
30/10/2022 02:05:00	34	3,592989	3,926174	3,430938	3,607354	5,163517	5,05723	3,93984	4,050828	3,445981	3,303186	3,457983	3,177765	4,172378	3,971032	4,023532	3,737775	3,508663	3,281311	3,438429	3,045703	3,742614	3,481568	3,795082	3,061342	3,498122	3,455884	3,350134	2,971395	3,376766	4,161694	3,17524	3,954667	3,749364	4,178964	3,178618	3,867418	4,167363	3,743863	3,99942	3,483645	4,496569	4,028126	4,549329	4,023217	4,222551	3,376475	3,33467	3,802712	3,750714	3,329227	5,568855	4,225135	3,113226	7,294903	3,221959	3,111832	3,524428	3,331822	3,539251	3,68394
30/10/2022 03:05:00	35	3,538675	3,852585	3,345911	3,562311	5,269403	5,149192	3,896456	4,014194	3,40559	3,233633	3,397014	3,104967	4,149853	3,934406	3,993792	3,685224	3,460151	3,253095	3,345494	2,959203	3,68987	3,425405	3,755584	2,970997	3,430355	3,416882	3,279513	2,893288	3,323445	4,087462	3,085918	3,896636	3,695078	4,148539	3,11587	3,83305	4,157979	3,669397	3,980648	3,486677	4,461736	3,99471	4,527636	3,976552	4,176577	3,29482	3,283105	3,747392	3,68344	3,273501	5,744233	4,311527	3,053971	7,071052	3,174513	3,058747	3,496103	3,287981	3,507339	3,657176
30/10/2022 04:05:00	36	3,511723	3,808064	3,314724	3,51353	5,315931	5,165827	3,863982	3,993463	3,364645	3,199512	3,355131	3,065774	4,114018	3,910139	3,964366	3,66031	3,417181	3,232646	3,311462	2,916543	3,657868	3,399668	3,719601	2,924691	3,397931	3,396502	3,2387	2,851978	3,296846	4,06064	3,038242	3,847033	3,674776	4,128642	3,077993	3,796556	4,155146	3,637478	3,951797	3,461519	4,441756	3,959285	4,519434	3,943046	4,162461	3,258841	3,250436	3,713346	3,655911	3,242023	5,826691	4,373184	3,032118	6,937465	3,147304	3,014822	3,462628	3,252522	3,473842	3,627361
30/10/2022 06:05:00	38	3,447786	3,740039	3,214252	3,428843	5,399561	5,214964	3,817806	3,942252	3,286447	3,091569	3,256614	2,974693	4,03838	3,856427	3,909161	3,593642	3,343002	3,188967	3,215222	2,839056	3,576343	3,328873	3,637921	2,836399	3,320027	3,342525	3,148391	2,756615	3,226477	3,975893	2,939776	3,765898	3,595259	4,066577	3,001846	3,748155	4,104838	3,560135	3,864229	3,409075	4,371672	3,891475	4,478873	3,881766	4,115578	3,15753	3,188189	3,633741	3,575302	3,154687	5,933783	4,441073	2,952215	6,621234	3,074931	2,924491	3,381089	3,171214	3,407092	3,561593
30/10/2022 08:05:00	40	3,40083	3,65856	3,117438	3,337727	5,455622	5,237738	3,740305	3,871369	3,199283	2,992631	3,15379	2,870184	3,985332	3,78348	3,850418	3,506543	3,244601	3,129883	3,124763	2,72736	3,477903	3,255674	3,569456	2,73566	3,247092	3,266401	3,063792	2,663422	3,138732	3,899275	2,830257	3,69198	3,533281	3,999365	2,915738	3,684412	4,06566	3,477151	3,831277	3,369087	4,314892	3,807379	4,408494	3,805955	4,082436	3,065208	3,088212	3,554593	3,493528	3,063094	6,021615	4,542329	2,878413	6,337107	2,987585	2,847187	3,300841	3,088045	3,343389	3,489521
30/10/2022 10:05:00	42	3,325799	3,552034	3,008261	3,232873	5,479522	5,242221	3,664842	3,783973	3,121149	2,88868	3,044838	2,762327	3,914686	3,702849	3,775627	3,418919	3,144001	3,080217	3,002627	2,621001	3,367571	3,147614	3,492456	2,637323	3,14928	3,195465	2,980198	2,567892	3,059513	3,799298	2,7121	3,601135	3,446118	3,909104	2,818749	3,603645	4,009769	3,39508	3,763654	3,309269	4,228079	3,721862	4,344852	3,730642	4,008677	2,977532	2,985403	3,446869	3,41718	2,9663	6,090032	4,613788	2,791551	5,988148	2,893365	2,758133	3,197337	2,984287	3,275128	3,416733
30/10/2022 12:05:00	44	3,248685	3,444565	2,908401	3,127707	5,509691	5,204298	3,580792	3,688846	3,015014	2,783302	2,930057	2,646684	3,813801	3,613626	3,676855	3,33247	3,025668	3,031106	2,884054	2,493443	3,248585	3,053219	3,393378	2,523144	3,055548	3,11703	2,881893	2,462153	2,955554	3,68943	2,587088	3,501481	3,359542	3,829021	2,729323	3,497736	3,916358	3,296097	3,671139	3,253376	4,130888	3,638135	4,275666	3,634274	3,9329	2,860594	2,862706	3,322319	3,315434	2,855479	6,123554	4,70914	2,695442	5,652524	2,792505	2,659142	3,112164	2,874704	3,189738	3,330058
30/10/2022 14:05:00	46	3,15601	3,345097	2,798892	3,018522	5,518453	5,184779	3,47767	3,598492	2,902466	2,655029	2,803443	2,536146	3,705523	3,520197	3,570891	3,228556	2,911967	2,988555	2,742038	2,374447	3,130512	2,958752	3,278554	2,399451	2,94826	3,028055	2,77526	2,350303	2,834102	3,563496	2,476334	3,380019	3,258611	3,714008	2,623845	3,407456	3,829831	3,200885	3,584176	3,192854	4,049639	3,534977	4,194901	3,532076	3,843429	2,720177	2,748134	3,193404	3,216802	2,748987	6,144056	4,777464	2,591885	5,303259	2,68277	2,556204	3,013948	2,77111	3,088122	3,220235
30/10/2022 16:05:00	48	3,07495	3,233629	2,666032	2,886589	5,521482	5,136823	3,365901	3,500344	2,796664	2,541969	2,678774	2,431463	3,592667	3,430057	3,458882	3,145894	2,791571	2,928017	2,606479	2,254198	3,00478	2,857174	3,171246	2,283957	2,8566	2,955565	2,657386	2,240595	2,728938	3,443268	2,346895	3,260178	3,15694	3,597755	2,517103	3,315322	3,743135	3,104434	3,486392	3,126921	3,927156	3,43924	4,092878	3,421607	3,724869	2,617811	2,601773	3,056953	3,106422	2,640335	6,16717	4,864229	2,496316	4,935495	2,566013	2,436889	2,919126	2,652181	2,971906	3,088414
30/10/2022 18:05:00	50	2,977154	3,121296	2,540632	2,759917	5,494766	5,100959	3,257574	3,363041	2,677671	2,409892	2,542704	2,298861	3,467061	3,336204	3,356794	3,028625	2,66001	2,852694	2,470977	2,118723	2,889992	2,755648	3,058062	2,169483	2,758105	2,865391	2,533535	2,111085	2,618208	3,294924	2,222585	3,136811	3,039312	3,478508	2,383468	3,204823	3,637547	2,968845	3,38686	3,038826	3,820881	3,312421	3,998445	3,306943	3,600823	2,496657	2,484399	2,922807	2,987448	2,523079	6,165666	4,943021	2,380282	4,651278	2,442384	2,305117	2,81774	2,526634	2,8666	2,957457
30/10/2022 20:05:00	52	2,883477	2,994304	2,415624	2,635053	5,4592	5,033577	3,147974	3,257347	2,555782	2,290703	2,421876	2,176996	3,32779	3,208496	3,243135	2,899626	2,535604	2,775883	2,335949	1,993017	2,762887	2,632017	2,937608	2,049496	2,637528	2,761445	2,416521	2,000874	2,498818	3,168026	2,095045	3,021056	2,920563	3,35181	2,2698	3,074921	3,509001	2,846486	3,243032	2,95717	3,691128	3,197567	3,861476	3,188555	3,480234	2,372483	2,347603	2,778455	2,868153	2,426119	6,111277	5,018598	2,28279	4,362772	2,318895	2,18325	2,684269	2,392496	2,744758	2,840421
30/10/2022 22:05:00	54	2,771723	2,862933	2,292929	2,49516	5,40917	4,926072	3,037049	3,137631	2,445031	2,165341	2,301173	2,039302	3,188333	3,101101	3,10762	2,772958	2,425794	2,69585	2,201131	1,865401	2,655812	2,492544	2,843459	1,91982	2,514637	2,660195	2,293698	1,892085	2,366762	3,021839	1,971893	2,903685	2,798447	3,231336	2,156404	2,948755	3,40166	2,723886	3,12313	2,85636	3,551906	3,068163	3,726668	3,058764	3,340032	2,231581	2,208641	2,637401	2,738559	2,30311	6,035569	5,086739	2,177217	4,103056	2,203486	2,076218	2,543706	2,250044	2,614021	2,731591
31/10/2022 00:05:00	56	2,660826	2,728437	2,168294	2,380411	5,339118	4,831263	2,908672	2,995937	2,334899	2,038332	2,173313	1,917212	3,073619	2,975623	2,994015	2,647226	2,301113	2,618532	2,081239	1,740991	2,534675	2,362099	2,732919	1,794587	2,393507	2,561108	2,173886	1,796878	2,24431	2,878949	1,842865	2,776947	2,672232	3,113602	2,037211	2,836909	3,268994	2,594586	3,009933	2,753896	3,421407	2,928244	3,596527	2,908029	3,206964	2,092394	2,073044	2,497742	2,5983	2,166873	5,985421	5,137934	2,064915	3,854053	2,074083	1,941073	2,429297	2,135991	2,49076	2,595406
31/10/2022 02:05:00	58	2,533467	2,604968	2,054488	2,252486	5,288965	4,718163	2,796198	2,873653	2,215754	1,919268	2,047075	1,796325	2,949078	2,853187	2,867519	2,522745	2,191576	2,541083	1,954129	1,629917	2,419295	2,226279	2,601201	1,687316	2,280125	2,455011	2,058239	1,683306	2,130833	2,737294	1,720854	2,655515	2,550732	2,991351	1,920873	2,727908	3,162042	2,457458	2,872041	2,638144	3,29556	2,800848	3,48184	2,767041	3,076805	1,96995	1,943596	2,354939	2,468257	2,035003	5,925595	5,188927	1,9597	3,610065	1,957967	1,811577	2,308365	2,016888	2,373364	2,46924
31/10/2022 04:05:00	60	2,405442	2,503383	1,955398	2,136812	5,219804	4,607801	2,674866	2,734125	2,095169	1,806487	1,923541	1,694501	2,839942	2,73167	2,751524	2,385217	2,076681	2,454968	1,845549	1,525216	2,323638	2,104466	2,483539	1,574812	2,168339	2,360942	1,961636	1,580759	2,02369	2,623577	1,612621	2,536236	2,423032	2,853866	1,815843	2,618299	3,032689	2,350413	2,732768	2,546602	3,169452	2,684314	3,361512	2,651498	2,943568	1,856702	1,835436	2,225644	2,337744	1,930473	5,849041	5,202751	1,857626	3,394276	1,856359	1,697474	2,202139	1,907767	2,270153	2,355189
31/10/2022 06:05:00	62	2,304799	2,386277	1,845903	2,01001	5,097739	4,454768	2,557155	2,604406	1,99691	1,706602	1,808019	1,580939	2,727244	2,611284	2,631918	2,261138	1,958842	2,373103	1,743824	1,430114	2,205518	1,973043	2,359528	1,48183	2,063445	2,241762	1,849098	1,476558	1,915066	2,498468	1,506774	2,424161	2,311066	2,744257	1,714306	2,513059	2,931347	2,225263	2,60739	2,45592	3,048566	2,560179	3,242293	2,527762	2,820354	1,738045	1,741332	2,091721	2,215667	1,823687	5,722171	5,232786	1,759967	3,219566	1,764504	1,5944	2,067756	1,799646	2,136017	2,224281
31/10/2022 08:05:00	64	2,19811	2,289374	1,748001	1,885288	5,015826	4,339992	2,462024	2,489364	1,900863	1,607217	1,708136	1,48265	2,626823	2,510597	2,520619	2,162251	1,852818	2,290678	1,654385	1,335268	2,096262	1,860029	2,253315	1,392256	1,959922	2,147573	1,760139	1,388232	1,823195	2,383019	1,413844	2,325431	2,193831	2,63253	1,622365	2,400892	2,827426	2,107318	2,513656	2,348228	2,954652	2,455333	3,127904	2,40894	2,707959	1,625214	1,625684	1,976704	2,10795	1,72424	5,611004	5,27272	1,670212	3,053141	1,664148	1,486946	1,961881	1,706217	2,033222	2,104038
31/10/2022 10:05:00	66	2,047111	2,139029	1,626729	1,762161	4,803756	4,126374	2,312369	2,339205	1,775688	1,499669	1,576414	1,366765	2,474505	2,35749	2,372816	2,021196	1,724215	2,185494	1,539478	1,238465	1,966635	1,721707	2,120774	1,279859	1,822253	2,028877	1,642284	1,282047	1,694557	2,244606	1,303421	2,185608	2,054438	2,475681	1,504313	2,251835	2,681168	1,96679	2,372183	2,214005	2,793922	2,306422	2,960546	2,262549	2,546227	1,507667	1,492755	1,827113	1,960587	1,612482	5,39073	5,222143	1,568734	2,855338	1,553846	1,364795	1,831775	1,588743	1,887474	1,94416
31/10/2022 12:05:00	68	1,955179	2,043563	1,533368	1,656605	4,629531	3,984394	2,184108	2,237022	1,688586	1,409872	1,4732	1,276729	2,374872	2,259013	2,255245	1,905252	1,631025	2,098541	1,445692	1,145306	1,83704	1,601495	2,007932	1,191352	1,729649	1,954051	1,544491	1,202511	1,583681	2,136315	1,21252	2,079256	1,951563	2,362737	1,417447	2,151285	2,562579	1,861071	2,234971	2,142634	2,663794	2,208282	2,83606	2,130243	2,429606	1,390606	1,408074	1,739109	1,849527	1,515	5,239933	5,219041	1,478529	2,70156	1,462556	1,27169	1,723967	1,481499	1,779896	1,835421
31/10/2022 14:05:00	70	1,884217	1,961552	1,452178	1,577072	4,529494	3,853548	2,09209	2,141393	1,599986	1,332779	1,399505	1,203931	2,309373	2,177889	2,178803	1,819212	1,541022	2,021764	1,36876	1,072673	1,759492	1,529861	1,932866	1,121808	1,64834	1,876487	1,467092	1,140522	1,502921	2,044636	1,129803	1,996045	1,857377	2,2809	1,332648	2,053262	2,477216	1,796316	2,153544	2,062222	2,550395	2,119696	2,730781	2,051651	2,326922	1,314206	1,324743	1,649623	1,757629	1,424989	5,131069	5,214077	1,396289	2,568279	1,384672	1,196269	1,63137	1,384981	1,690161	1,739717
31/10/2022 16:05:00	72	1,768767	1,841685	1,348053	1,470351	4,327513	3,65097	1,961714	2,021815	1,494464	1,222801	1,307944	1,126873	2,192354	2,056996	2,044986	1,689175	1,436852	1,917557	1,28151	0,9910084	1,671894	1,439692	1,821522	1,035025	1,550907	1,775914	1,368172	1,061242	1,404174	1,919988	1,048528	1,897424	1,765285	2,148826	1,242403	1,950029	2,360228	1,680868	2,042221	1,946012	2,426197	2,017684	2,600454	1,943448	2,188939	1,217855	1,214786	1,546035	1,655981	1,325416	4,929338	5,130425	1,303423	2,411644	1,286278	1,110446	1,507681	1,27825	1,563472	1,609502
