Vessel Name: 02062020_InCu_KaKr_KK1-73_AC1-8_P3_7
Metric: RFP Integrated Intensity / GFP Integrated Intensity
Cell Type: 
Passage: 0
Notes: 
Analysis: KaKr-A549-H2B-GFP/-RFP_DEFv10

Date Time	Elapsed	MSR1	MT1H	MT1HL1	MT1M	MT2A	MX1	MX2	MYCL	MYD88	NCOA7	NEXN	NKX3-1	NMI	NT5C3A	NUPR1	OAS1	OAS2	OAS3	OASL	OGFR	P2RY14	PALM2-AKAP2	PAQR8	PARP10	PARP11	PARP12	PARP14	PARP9	PCDH17	PDCD1LG2	PDZD2	PGAP1	PHF11	PID1	PIWIL4	PLEKHA4	PLSCR1	PLXDC2	PMAIP1	PNPT1	POLD1	POLI	PPM1K	PSMB8	PSMB9	PTAFR	RAI14	RARRES3	RASA2	RASGEF1B	RASGRP3	RGL1	RGS1	RHBDD2	RIN2	RNF213	RSAD2	RTCB	RTP4	RUFY4	S100A4	SAMD9	SAMD9L	SAMHD1	SDS	SECTM1	SERPINA1	SERPINB13	SERPINB3	SERPINB4	SERPING1	SIGLEC1	SLAMF7	SLC11A1	SLC15A3	SLC16A10	SLC1A5	SLC25A28	SLFN12L	SLFN5	SOCS1	SP100	SP110	SREK1IP1	C1 (Mx2)	C2 (STAT1)	C3 (MAVS)	C4 (BST2)	C5 (EIF2AK2)	C6 (RSAD2)	C7 (NTC1)	C8 (NTC2)	C9 (NTC3)	C10 (NTC4)	C11 (NTC5)
02.06.2020 11:41:00	0	0,0002268471	1,946685E-05	0,0001288117	2,127172E-05	7,573317E-05	1,728522E-05	2,037864E-05	1,854183E-05	1,679848E-05	4,940801E-05	1,896137E-05	2,07792E-05	2,23467E-05	1,748373E-05	1,919101E-05	5,821606E-05	0,0001042983	1,846444E-05	0,000167458	1,853517E-05	2,123947E-05	1,950647E-05	1,960907E-05	1,85282E-05	1,672363E-05	2,035632E-05	0,0001135986	9,895297E-05	1,986978E-05	0,0001098174	3,715841E-05	0,0002663117	1,855319E-05	2,309531E-05	1,79312E-05	2,066459E-05	0,0005067131	2,004883E-05	2,155169E-05	0,0001411035	2,03784E-05	0,0001496632	0,005550153	1,884151E-05	0,001227394	0,001236736	0,001313386	0,005495956	1,978846E-05	2,803912E-05	2,683891E-05	7,103992E-05	2,45455E-05	0,0001156977	2,200337E-05	8,843746E-05	9,115892E-05	2,522134E-05	3,255697E-05	1,83574E-05	2,035254E-05	2,605461E-05	2,31278E-05	2,300504E-05	0,0001339617	2,379191E-05	0,003110652	0,01197101	0,002107823	0,002788072	0,002216091	0,001833182	6,499777E-05	3,095789E-05	0,0002263285	2,576292E-05	2,031513E-05	2,617712E-05	3,391066E-05	7,65621E-05	2,593128E-05	0,000619645	2,815023E-05	2,084733E-05	2,194866E-05	2,38816E-05	0,0001029111	2,844588E-05	2,956579E-05	9,21941E-05	2,575451E-05	2,509952E-05	7,914849E-05	2,533234E-05	2,254339E-05
02.06.2020 14:41:00	3	0,0002207923	2,963694E-05	0,0001227984	3,114009E-05	0,0002603381	2,383279E-05	2,685342E-05	2,687504E-05	2,632301E-05	2,702443E-05	2,89914E-05	0,0001538225	0,0001514753	5,284965E-05	2,935639E-05	7,366132E-05	0,0001109595	2,992319E-05	0,0001693264	2,762824E-05	2,953889E-05	2,667277E-05	2,960494E-05	5,829436E-05	0,0002972847	2,807539E-05	0,0002470689	0,0001078227	3,007035E-05	2,550971E-05	5,767236E-05	0,0002462594	2,412113E-05	3,540491E-05	2,744774E-05	3,013917E-05	0,00110323	0,0001737426	0,00017293	0,0006342905	0,0003159469	0,0002073723	0,005334218	0,0002006034	0,002007406	0,001686641	0,00179661	0,00437108	0,0002794554	3,629375E-05	0,0004930975	0,0001048804	3,757554E-05	0,0001705117	3,351152E-05	0,0002140339	8,446142E-05	3,532014E-05	0,0001196999	2,566231E-05	2,972616E-05	0,0003145403	3,468832E-05	0,000471035	0,0001029272	3,412638E-05	0,00502745	0,01178136	0,002587959	0,003617079	0,003236103	0,002237717	0,000110869	0,0001377036	0,0003118837	3,773937E-05	2,993993E-05	3,88227E-05	0,000362558	0,0002005683	0,0002412615	0,0005670927	0,0001884868	3,254378E-05	2,978479E-05	3,644278E-05	0,0003525737	4,316912E-05	0,0005337342	0,0001064946	8,340647E-05	3,497021E-05	8,266311E-05	3,775887E-05	3,319064E-05
02.06.2020 17:41:00	6	0,06949016	0,06027475	0,06046046	0,06828471	0,05704054	0,05827602	0,07391287	0,05098648	0,0423669	0,05948423	0,06208215	0,03788823	0,1233437	0,1022294	0,07987208	0,0887325	0,09201099	0,08184054	0,08070465	0,07927079	0,07679792	0,09049858	0,09987798	0,06305552	0,1379462	0,2171689	0,1054735	0,09347315	0,1036495	0,1028926	0,2363887	0,1015301	0,09654063	0,1655649	0,1098167	0,080183	0,1542845	0,2617221	0,243298	0,209504	0,1400537	0,2918266	0,004995191	0,1906608	0,001842236	0,001610155	0,00160149	0,003825002	0,1383594	0,3135794	0,3033384	0,3077777	0,2478419	0,2076183	0,2512563	0,303655	0,1876863	0,164605	0,2287834	0,06311042	0,1700835	0,2313052	0,1643194	0,2705952	0,1867546	0,2074912	0,004168065	0,01006611	0,002059834	0,002918616	0,002453328	0,001290486	0,1445706	0,2225109	0,141188	0,2093631	0,1410433	0,2158031	0,2786238	0,1900126	0,2089847	0,1882759	0,2065817	0,08344366	0,1375837	0,1175961	0,1257613	0,116566	0,2262018	0,2002463	0,1671546	0,1886964	0,177641	0,2052154	0,1964386
02.06.2020 20:41:00	9	0,6077721	0,5996691	0,5310574	0,6043498	0,5203959	0,5487689	0,5862502	0,4936535	0,4586484	0,4623704	0,5563784	0,4013069	0,9312122	0,7551647	0,589016	0,7135267	0,7015908	0,717622	0,768801	0,6888504	0,670189	0,7107927	0,7332744	0,5987081	0,9042435	1,323028	0,8544899	0,8421863	0,9063048	0,9544891	1,827545	0,8661072	0,8491787	1,376356	0,8663831	0,6713065	1,163429	1,478494	1,40907	1,338087	1,107584	2,233292	0,00543147	1,225054	0,002440341	0,001950782	0,001861099	0,003674272	0,966002	1,647799	1,694538	2,333765	1,629537	1,429186	1,512717	1,642536	1,238931	1,201596	1,612213	0,6029472	1,147874	1,535973	1,183334	1,431391	1,220507	1,356979	0,5950951	0,01073641	0,002362941	0,003418525	0,002412035	0,00142742	0,9523811	1,43168	1,107506	1,409715	1,076835	1,421585	1,718691	1,31009	1,388351	1,361373	1,480808	0,7826898	0,9524097	0,8444318	0,9989695	1,155311	1,891074	1,39271	1,228519	1,39299	1,260027	1,366914	1,283984
02.06.2020 23:41:00	12	1,083224	1,11332	0,93494	1,063005	0,9130303	1,000392	1,108987	0,9045803	0,8751461	0,841917	0,9825921	0,76794	1,558055	1,202411	0,9890017	1,168407	1,139081	1,21638	1,405245	1,295508	1,18555	1,177426	1,212924	1,062236	1,512277	2,02715	1,47243	1,419065	1,547424	1,664897	2,996987	1,415672	1,457384	2,270867	1,465371	1,228442	1,913483	2,22555	2,188822	2,029156	1,865901	3,277385	0,0049043	1,950786	0,002093477	0,001706793	0,001511642	0,003635528	1,6011	2,377105	2,478459	3,542726	2,520884	2,258934	2,274104	2,50694	1,906141	1,917449	2,545306	0,9978356	1,767841	2,290868	1,856044	2,128996	1,955044	2,068483	1,447591	0,01083017	0,002125301	0,00312861	0,002199764	0,001163211	1,538902	2,136377	1,78229	2,059772	1,717005	2,188425	2,556513	2,042026	2,122783	2,145534	2,222691	1,434703	1,57264	1,481293	1,762203	1,952088	3,455195	2,210153	2,038117	2,207689	2,009335	2,225298	2,030854
03.06.2020 02:41:00	15	1,329132	1,355633	1,159299	1,280852	1,11703	1,246047	1,382043	1,149001	1,070127	1,049443	1,253933	0,9765781	1,847224	1,390594	1,144656	1,342122	1,322141	1,443663	1,719281	1,549209	1,402417	1,387653	1,419698	1,28158	1,818442	2,353381	1,775392	1,688194	1,847901	1,971406	3,542601	1,706371	1,778679	2,640169	1,774516	1,569438	2,275273	2,549546	2,489816	2,32553	2,200631	3,704884	0,007013754	2,252727	0,002271847	0,001925268	0,001587744	0,003074924	1,93869	2,699373	2,853115	3,998639	2,883322	2,589937	2,657804	2,846151	2,238153	2,20249	2,934989	1,176541	2,056479	2,645019	2,139612	2,447865	2,279789	2,366695	1,483369	0,0113598	0,002488033	0,003385528	0,002298933	0,00123691	1,820635	2,43074	2,065772	2,340339	1,971531	2,505674	2,91426	2,338513	2,455567	2,490326	2,597314	1,753052	1,901424	1,865298	2,071684	2,266578	4,375492	2,571078	2,404902	2,558391	2,367357	2,608682	2,36769
03.06.2020 05:41:00	18	1,449096	1,453131	1,243095	1,37837	1,20933	1,356176	1,510764	1,256174	1,161859	1,13701	1,387814	1,059898	1,993268	1,483002	1,218436	1,417141	1,414832	1,523489	1,871237	1,661399	1,501222	1,495654	1,511614	1,369768	1,964706	2,538607	1,924201	1,854443	1,995684	2,135803	3,771201	1,858526	1,911703	2,836563	1,921376	1,705423	2,418988	2,73075	2,683957	2,507859	2,351787	3,800051	0,006441528	2,423593	0,003121213	0,002604682	0,002034985	0,003549971	2,100352	2,89857	3,051089	4,177069	3,079811	2,817045	2,817404	3,005847	2,379113	2,330173	3,066279	1,244187	2,192557	2,82338	2,297603	2,616038	2,444563	2,506826	1,596625	0,01190012	0,003049643	0,003989588	0,00903294	0,001262468	1,939664	2,592848	2,204132	2,497596	2,093242	2,672952	3,060437	2,482672	2,602329	2,671663	2,763224	1,913484	2,024345	2,093845	2,165476	2,43624	4,82054	2,70325	2,560259	2,741574	2,552328	2,787537	2,501413
03.06.2020 08:41:00	21	1,490712	1,504658	1,263661	1,428956	1,23302	1,402395	1,533149	1,273092	1,180471	1,167382	1,423156	1,074021	2,037014	1,53945	1,248208	1,457987	1,458077	1,573645	1,915955	1,72234	1,563129	1,533738	1,539974	1,392702	2,001345	2,621208	1,980288	1,933693	2,092756	2,232873	3,780532	1,953903	1,982004	2,914349	2,002607	1,762151	2,47076	2,803654	2,779467	2,591538	2,461198	3,737294	0,007177046	2,501491	0,003245712	0,002313182	0,001972924	0,003638396	2,183766	2,999025	3,13997	4,189262	3,210181	2,906989	2,883556	3,072813	2,453607	2,391812	3,117644	1,295978	2,239779	2,898995	2,373132	2,681354	2,516517	2,599803	1,519187	0,01203411	0,002742641	0,003331176	0,008897795	0,001167942	2,009498	2,678943	2,300165	2,586706	2,182867	2,751912	3,072821	2,552269	2,670866	2,729522	2,847227	1,963905	2,030065	2,219877	2,212946	2,532631	5,036127	2,76072	2,651272	2,804963	2,615185	2,855289	2,589485
03.06.2020 11:41:00	24	1,46848	1,50632	1,255715	1,411967	1,230472	1,411579	1,532756	1,261231	1,180405	1,169706	1,417316	1,052841	2,013253	1,539203	1,25124	1,480264	1,482855	1,590312	1,924173	1,746971	1,582235	1,545365	1,547492	1,393999	1,995067	2,644334	2,024029	1,956475	2,108758	2,29637	3,636574	1,970823	2,005805	2,952991	2,004789	1,777412	2,423224	2,798007	2,772511	2,631302	2,47933	3,565261	0,007404867	2,514996	0,003664366	0,002927967	0,002070514	0,003498693	2,197491	2,981239	3,093057	4,022701	3,229545	2,931123	2,873416	3,047688	2,482372	2,39655	3,058481	1,31048	2,239864	2,919844	2,407972	2,706158	2,538974	2,624297	1,685133	0,01212917	0,003135122	0,004298001	0,009543933	0,001194068	2,019565	2,678389	2,348502	2,590641	2,235766	2,783836	3,027529	2,554515	2,70405	2,746059	2,87033	1,967337	2,016728	2,311397	2,268748	2,541542	5,123049	2,732387	2,680624	2,779585	2,641796	2,816589	2,587249
03.06.2020 14:41:00	27	1,431763	1,490755	1,225718	1,411701	1,197134	1,380711	1,479433	1,235264	1,14565	1,137267	1,372586	1,005975	1,978521	1,531865	1,231334	1,47422	1,475605	1,567603	1,906155	1,735802	1,571262	1,518062	1,534797	1,375434	1,940271	2,640847	2,012362	1,951379	2,090965	2,280696	3,512519	1,97173	1,966245	2,929107	1,981264	1,732165	2,38257	2,722683	2,728482	2,600673	2,45982	3,42145	0,008198577	2,506876	0,00334683	0,002673577	0,001573909	0,005275316	2,168438	2,928033	3,055205	3,877432	3,175911	2,942479	2,821558	3,009099	2,452511	2,37216	2,970305	1,306448	2,192699	2,898514	2,413904	2,683502	2,540143	2,612866	1,94401	0,01131108	0,003031722	0,004163581	0,009414879	0,001167652	2,014952	2,637259	2,353357	2,622505	2,242384	2,776088	2,925936	2,511287	2,715384	2,726035	2,879853	1,927548	1,968034	2,346809	2,309153	2,529851	5,133202	2,689584	2,656127	2,751318	2,570622	2,755095	2,480876
03.06.2020 17:41:00	30	1,365791	1,457365	1,177554	1,364956	1,15113	1,304239	1,41798	1,186192	1,125733	1,082634	1,295401	0,9439289	1,907502	1,486869	1,196198	1,456948	1,448504	1,542347	1,85736	1,699849	1,548348	1,466326	1,479946	1,343292	1,865298	2,569682	1,959114	1,9077	2,04121	2,241681	3,348189	1,93532	1,906063	2,870346	1,925717	1,659479	2,310325	2,645065	2,659619	2,537338	2,410014	3,284263	0,007967744	2,473439	0,004171001	0,003171807	0,002028915	0,005748957	2,095862	2,851349	3,009989	3,707348	3,107349	2,914197	2,736204	2,937815	2,403871	2,302198	2,854249	1,294652	2,114403	2,81444	2,365625	2,633575	2,500545	2,593707	2,09587	0,01175091	0,00379677	0,004782679	0,01012557	0,001285782	1,984546	2,5754	2,325834	2,584993	2,240886	2,753424	2,831984	2,428946	2,627864	2,691242	2,82438	1,864034	1,883016	2,337486	2,338341	2,47637	5,111244	2,629447	2,601493	2,675715	2,478264	2,67843	2,411481
03.06.2020 20:41:00	33	1,30172	1,408639	1,108071	1,317213	1,096121	1,211623	1,344646	1,103676	1,081267	1,033795	1,217004	0,8601192	1,821877	1,428323	1,148632	1,42511	1,401207	1,483677	1,800438	1,631881	1,494163	1,394613	1,434116	1,299676	1,761849	2,503783	1,899583	1,850049	1,965151	2,1782	3,182424	1,858781	1,837385	2,829257	1,849172	1,591591	2,192798	2,558002	2,580261	2,461328	2,340257	3,11192	0,009718546	2,417455	0,004154852	0,003049092	0,001808652	0,005521966	2,025357	2,75921	2,913509	3,598689	2,974397	2,830075	2,660557	2,830688	2,336043	2,254915	2,762149	1,247449	2,045793	2,767741	2,305232	2,592064	2,45505	2,535724	2,356532	0,01165539	0,003612296	0,004443091	0,01057056	0,001083256	1,91819	2,512586	2,268986	2,526353	2,207279	2,706729	2,756269	2,364617	2,567097	2,649049	2,714616	1,789826	1,832403	2,302811	2,362848	2,401945	4,934062	2,540629	2,533828	2,563287	2,375824	2,581031	2,31913
03.06.2020 23:41:00	36	1,216849	1,328258	1,037796	1,261395	1,007833	1,12846	1,238815	1,018876	1,038324	0,9547791	1,13949	0,7860739	1,735795	1,36804	1,100156	1,379009	1,347129	1,421061	1,741765	1,57022	1,432356	1,311253	1,36809	1,239594	1,67586	2,432038	1,812234	1,763842	1,882089	2,102369	3,082469	1,777399	1,760362	2,737522	1,764556	1,493968	2,087167	2,452529	2,513776	2,372899	2,292732	2,932579	0,009292819	2,330871	0,004223287	0,003196998	0,001644229	0,005916726	1,922842	2,678391	2,828888	3,408366	2,869932	2,754758	2,593934	2,727243	2,277964	2,188365	2,649004	1,192528	1,944111	2,69812	2,231818	2,519517	2,383071	2,476834	2,366097	0,01345062	0,004069038	0,00511772	0,01079968	0,001219847	1,860446	2,423166	2,232504	2,457637	2,163853	2,638885	2,652758	2,286421	2,482617	2,585938	2,579393	1,705417	1,746634	2,271779	2,369965	2,333089	4,721063	2,448509	2,430392	2,46976	2,264589	2,501275	2,227848
04.06.2020 02:41:00	39	1,122229	1,246045	0,9562932	1,18797	0,9253779	1,026563	1,15834	0,95318	0,9762931	0,8811027	1,041007	0,7030087	1,655069	1,300587	1,033887	1,328082	1,283225	1,348444	1,656422	1,503125	1,355181	1,239743	1,29678	1,155413	1,566209	2,335511	1,727592	1,66846	1,788427	2,016327	2,964246	1,665664	1,664415	2,669063	1,680147	1,40193	1,981634	2,372152	2,423238	2,285019	2,216742	2,85233	0,01015854	2,236635	0,004952288	0,003772642	0,001906414	0,003844667	1,818733	2,588446	2,735301	3,263974	2,785517	2,693752	2,508136	2,631229	2,20972	2,125406	2,552058	1,133095	1,845923	2,599675	2,153286	2,431883	2,305204	2,406144	2,541961	0,01342323	0,004780637	0,005933892	0,01078345	0,001411787	1,781927	2,354907	2,159082	2,373452	2,09651	2,560976	2,542874	2,212822	2,409948	2,500976	2,449744	1,625916	1,646731	2,203685	2,355189	2,256102	4,405625	2,352684	2,326295	2,352482	2,180898	2,418821	2,149518
04.06.2020 05:41:00	42	1,037387	1,174475	0,8725394	1,102808	0,8351583	0,9305751	1,079614	0,882223	0,9342141	0,8265559	0,963414	0,628626	1,556206	1,210788	0,9584007	1,264774	1,221951	1,259649	1,569181	1,405527	1,265725	1,154231	1,221352	1,065094	1,464377	2,250125	1,639837	1,582563	1,696928	1,929709	2,842022	1,601632	1,578832	2,585416	1,575598	1,310704	1,883548	2,277627	2,331517	2,193854	2,131563	2,794135	0,01313117	2,149123	0,004972238	0,003610247	0,001768192	0,006062166	1,706804	2,492315	2,675946	3,130222	2,694545	2,602963	2,438318	2,525876	2,127233	2,030943	2,451633	1,064015	1,738093	2,504548	2,068142	2,336654	2,22445	2,347623	2,559434	0,01279886	0,005100295	0,005866626	0,0123604	0,001060359	1,699664	2,263133	2,076619	2,27459	2,013367	2,486553	2,435863	2,120825	2,30955	2,411188	2,421118	1,524302	1,55211	2,107211	2,343713	2,195609	4,126612	2,255601	2,24393	2,267199	2,097173	2,303837	2,029401
04.06.2020 08:41:00	45	0,9489661	1,0885	0,7976073	1,023994	0,7524067	0,8248934	1,018104	0,8114287	0,9112588	0,7911244	0,8887628	0,5634699	1,465771	1,121434	0,8836116	1,198109	1,153777	1,170072	1,486193	1,311568	1,186607	1,070805	1,13352	0,9939775	1,370152	2,137413	1,52878	1,48702	1,604937	1,858331	2,704494	1,513687	1,486248	2,499478	1,495398	1,198099	1,793662	2,192611	2,261479	2,112864	2,036948	2,669677	0,01207254	2,055525	0,005874583	0,003875844	0,001993066	0,006409954	1,615973	2,388951	2,592183	2,969196	2,612532	2,523722	2,341491	2,407852	2,031475	1,956432	2,360017	0,995243	1,648073	2,400491	1,982981	2,262469	2,161522	2,259562	2,017493	0,013607	0,004887508	0,006065351	0,01093821	0,001235195	1,628933	2,211869	1,987652	2,186351	1,958491	2,421293	2,300959	2,03947	2,205576	2,338102	2,327092	1,429958	1,464953	2,021459	2,329543	2,124594	3,84105	2,175191	2,158659	2,170919	2,00332	2,211046	1,934391
04.06.2020 11:41:00	48	0,838553	0,9939293	0,6945567	0,9250528	0,6757473	0,7392949	0,957014	0,7575715	0,8563108	0,7597504	0,8233319	0,5196365	1,356738	1,043021	0,8115486	1,097943	1,061498	1,08933	1,387692	1,198949	1,092093	0,964155	1,04791	0,9056302	1,247398	2,003147	1,413786	1,362906	1,490752	1,739708	2,557589	1,373275	1,379601	2,36261	1,377719	1,09084	1,664824	2,081492	2,15379	1,994566	1,930606	2,466117	0,0166478	1,919716	0,006401174	0,004419312	0,002290457	0,009368438	1,503153	2,28336	2,489107	2,793761	2,507765	2,419903	2,206664	2,282092	1,920282	1,884353	2,242962	0,9024628	1,530599	2,285771	1,886657	2,146847	2,040464	2,142076	1,765982	0,01605359	0,00450079	0,006994233	0,0143096	0,00144259	1,537615	2,10927	1,87182	2,090814	1,863368	2,286054	2,165523	1,956164	2,101065	2,242866	2,172635	1,301104	1,336063	1,931821	2,303555	2,025584	3,444363	2,045759	2,03368	2,033116	1,902012	2,081989	1,856401
04.06.2020 14:41:00	51	0,7268814	0,9161528	0,6267329	0,8548298	0,5966944	0,6676274	0,9086471	0,7209765	0,8038353	0,7214515	0,7748048	0,4853204	1,249762	0,9546951	0,7421956	1,018264	0,9979343	1,010968	1,298889	1,120767	1,025006	0,8772327	0,9660476	0,8259119	1,137202	1,916754	1,320186	1,268526	1,404511	1,649266	2,439163	1,291289	1,296524	2,264148	1,274791	0,9917471	1,560867	1,98404	2,055724	1,898701	1,832614	2,344185	0,01705962	1,810346	0,006299355	0,004160388	0,002313728	0,006687383	1,407644	2,191489	2,395945	2,640806	2,409559	2,305766	2,117371	2,178832	1,83245	1,806718	2,133865	0,8493658	1,443798	2,176389	1,786907	2,054882	1,958854	2,064545	1,634735	0,0166571	0,004162835	0,005795663	0,01362061	0,001190716	1,451959	2,009333	1,795441	1,991838	1,788932	2,213494	2,060738	1,867063	1,988123	2,160966	2,051585	1,205767	1,230237	1,877247	2,301791	1,911143	3,173213	1,940056	1,922574	1,910487	1,80821	1,989382	1,748553
04.06.2020 17:41:00	54	0,6465561	0,8276023	0,5676571	0,7786588	0,5285866	0,6057792	0,8560141	0,685303	0,7573591	0,6837154	0,742941	0,4605545	1,160683	0,8810269	0,6753802	0,9398956	0,9209656	0,927513	1,205269	1,033697	0,9458283	0,8056555	0,8921846	0,758062	1,051077	1,817142	1,22404	1,180732	1,31279	1,566735	2,329304	1,201343	1,20563	2,164577	1,194772	0,903002	1,464786	1,879248	1,974444	1,808977	1,743906	2,260838	0,0192252	1,713315	0,006197824	0,004480347	0,00240592	0,007005646	1,312517	2,115738	2,293771	2,48525	2,307298	2,220471	2,024906	2,079086	1,748753	1,729833	2,030852	0,7729848	1,343801	2,057801	1,699374	1,968329	1,886029	1,973336	1,847147	0,01635796	0,004498008	0,005817971	0,01464325	0,001219135	1,365675	1,92707	1,703864	1,914352	1,705504	2,132519	1,974851	1,77641	1,888074	2,066773	1,963343	1,113031	1,136273	1,808679	2,283544	1,822004	2,942805	1,835774	1,844538	1,823757	1,708659	1,906833	1,657035
04.06.2020 20:41:00	57	0,6022855	0,754055	0,5084487	0,7167799	0,4668164	0,5723984	0,8104319	0,6474467	0,7047276	0,641894	0,7143642	0,4407569	1,073155	0,7997488	0,6202496	0,8727319	0,8438586	0,855858	1,131863	0,9590316	0,8772866	0,7354329	0,8234341	0,6824564	0,9685207	1,744701	1,13825	1,090667	1,231854	1,478372	2,204782	1,108124	1,124894	2,038091	1,103521	0,8204985	1,393048	1,770502	1,881293	1,706588	1,631733	2,207025	0,01656022	1,612699	0,007275887	0,00470297	0,002252944	0,006478891	1,225809	2,019157	2,211843	2,378222	2,198892	2,123641	1,931699	1,983864	1,667066	1,644466	1,954418	0,7185535	1,250798	1,960635	1,605807	1,865684	1,783395	1,884907	1,900201	0,01626405	0,004743181	0,006324693	0,01507105	0,001339134	1,27995	1,840345	1,623401	1,811953	1,619389	2,052976	1,870446	1,689851	1,775904	1,966462	1,87803	1,03229	1,064534	1,723204	2,273026	1,756263	2,677747	1,748526	1,751019	1,718341	1,621251	1,807042	1,560418
04.06.2020 23:41:00	60	0,5686511	0,6992015	0,4564588	0,6545187	0,4189212	0,5337456	0,7837189	0,6221572	0,6324956	0,5837446	0,6799127	0,4224523	1,001965	0,738058	0,5637637	0,7992495	0,7776805	0,7796171	1,060737	0,8800511	0,8120876	0,6610181	0,7447406	0,6234557	0,8852115	1,665873	1,042915	1,020701	1,143928	1,375722	2,112098	1,044409	1,05578	1,920353	1,028026	0,7416049	1,292334	1,669041	1,774174	1,606072	1,526815	2,120784	0,01800701	1,531807	0,008805242	0,005065721	0,002372814	0,004707277	1,152996	1,922819	2,148767	2,27715	2,083045	2,010448	1,81627	1,887163	1,566705	1,556887	1,8821	0,6576903	1,169182	1,869339	1,50695	1,785289	1,682389	1,771211	1,884131	0,01443948	0,004717759	0,006588785	0,01513509	0,001268409	1,206061	1,747771	1,527419	1,720371	1,508952	1,955084	1,780163	1,58974	1,681513	1,854952	1,803678	0,9599897	0,981298	1,628351	2,234899	1,667036	2,448748	1,640252	1,651891	1,614331	1,519154	1,703477	1,455418
05.06.2020 02:41:00	63	0,5414058	0,6462445	0,4179247	0,6072055	0,3751249	0,5103855	0,7631119	0,5705212	0,4918965	0,4628485	0,6403278	0,394684	0,9182118	0,6752356	0,5167534	0,7440739	0,7213249	0,7068003	0,9681878	0,8132415	0,7496245	0,6057168	0,6852205	0,57367	0,8248482	1,558813	0,9540231	0,9380028	1,06079	1,282555	2,013886	0,9279317	0,9789985	1,81723	0,9560052	0,6802413	1,204843	1,570571	1,680359	1,510722	1,42876	2,053746	0,02166877	1,437093	0,01020566	0,005957944	0,002863425	0,004972464	1,068341	1,813272	2,051912	2,199413	1,977397	1,929764	1,698843	1,818313	1,48771	1,478892	1,788729	0,6028488	1,110264	1,789122	1,415759	1,678863	1,610243	1,678491	1,948026	0,01549161	0,005945869	0,008068399	0,0162951	0,001522209	1,139492	1,649154	1,426547	1,633592	1,427288	1,850659	1,67671	1,487602	1,580283	1,76295	1,660571	0,8860005	0,9347604	1,542959	2,221537	1,590911	2,229114	1,519739	1,554135	1,524467	1,443426	1,612985	1,381234
05.06.2020 05:41:00	66	0,5118482	0,6009003	0,3848518	0,5584001	0,3425282	0,4903505	0,7302794	0,518178	0,3764914	0,3515185	0,5883997	0,3763025	0,8651365	0,6232206	0,4736838	0,6784018	0,6676592	0,6523909	0,9040083	0,7480613	0,6986832	0,554864	0,621436	0,5365444	0,7743786	1,456681	0,8751646	0,8699821	0,9814674	1,195506	1,957464	0,8547145	0,909269	1,741572	0,8920556	0,6349138	1,128122	1,49273	1,586327	1,429225	1,336934	2,068345	0,02386061	1,354425	0,01023613	0,005300113	0,002671031	0,005066808	0,9992293	1,726441	1,969102	2,083773	1,878303	1,843007	1,625828	1,719611	1,387622	1,409342	1,703769	0,5653984	1,033369	1,729433	1,352233	1,601407	1,519438	1,585214	1,870952	0,01582123	0,005020718	0,007024212	0,01485829	0,002624277	1,084239	1,564993	1,343194	1,558234	1,35254	1,778216	1,615471	1,404085	1,495638	1,676852	1,570842	0,8527955	0,900656	1,463662	2,195666	1,510439	2,040787	1,454362	1,455375	1,428763	1,368405	1,55445	1,306814
05.06.2020 08:41:00	69	0,4812115	0,5685108	0,3593383	0,5163418	0,319113	0,4789923	0,6892787	0,4431134	0,3144559	0,3152273	0,5188594	0,3484975	0,8136113	0,5653154	0,4221401	0,6225632	0,6212479	0,6051512	0,8559031	0,6993988	0,6486813	0,5127946	0,5762746	0,5033856	0,7210373	1,383552	0,8077361	0,8069578	0,9221268	1,115965	1,825553	0,8178114	0,8419701	1,670782	0,8296955	0,6012762	1,074511	1,423221	1,50076	1,349352	1,248414	2,040922	0,02397752	1,268743	0,01220896	0,005848532	0,003124943	0,005894415	0,9433978	1,646868	1,87897	1,978023	1,792057	1,753907	1,548591	1,657877	1,30768	1,328699	1,623736	0,5350106	0,969529	1,642617	1,261238	1,529831	1,434339	1,5243	1,844677	0,01862264	0,006451682	0,008925329	0,01860355	0,00308483	1,034149	1,492051	1,273943	1,493085	1,278827	1,667926	1,551838	1,329012	1,392366	1,624444	1,540356	0,8290285	0,8660678	1,39477	2,171813	1,4536	1,876598	1,369721	1,370814	1,348955	1,298833	1,481351	1,225298
