Vessel Name: 12052020_InCu_KaKr_KK1-67_AC1-3_P4_4
Metric: GFP Integrated Intensity / RFP Integrated Intensity
Cell Type: 
Passage: 0
Notes: 
Analysis: KaKr-A549-H2B-GFP/-RFP_DEFv10

Date Time	Elapsed	EZH1	FABP4	FAM105A	FAM107A	FAM110A	FAM20A	FAM46A	FAM72A	FBXO6	FCAR	FFAR2	FGL2	FOS	FPR2	GBP1	GBP3	GBP4	GBP5	GLIPR2	GLS	GMPR	GPC4	GPR141	GPR155	HAPLN3	HAVCR2	HELZ2	HERC5	HERC6	HES4	HESX1	HLA-B	HLA-C	HMHA1	HSH2D	IDO1	IFI16	IFI27	IFI35	IFI44	IFI44L	IFI6	IFIH1	IFIT1	IFIT2	IFIT3	IFIT5	IFITM1	IFITM2	IFITM3	IFNE	IFNG	IGF2BP3	IL15	IL15RA	IL1A	IL1RN	IL4I1	IRF1	IRF7	IRF9	IRG1	ISG15	ISG20	ITPKB	KCNE3	KLF7	LAG3	LAMP3	LAP3	LGALS3BP	LGALS9B	LILRA1	LILRA5	LRCH2	LRRC25	LY6D	LY6E	MAP3K1	MBD4	MCM2	BORCS8	MNDA	MS4A4A	STAT1	MAVS	BST2	EIF2AK2	RSAD2	NTC1	NTC2	NTC3	NTC4	NTC5
12.05.2020 10:44:00	0	0.007884731	0.004600684	0.004176574	0.001445119	0.004689206	0.003700293	0.004074493	0.003062304	0.002696079	0.002835012	0.004142211	0.003066228	0.002889816	0.005573546	0.003776029	0.002587044	0.002547476	0.002240671	0.004657009	0.002570077	0.002841406	0.00499049	0.005061986	0.002999646	0.002958657	0.006977894	0.003639935	0.006279484	0.003762445	0.002833167	0.007735062	0.003860793	0.006646636	0.00659336	0.002135138	0.002454965	0.002004451	0.006607652	0.004494439	0.001684847	0.006139958	0.004208633	0.008498102	0.004576025	0.005704057	0.005886944	0.003312448	0.005729498	0.004567937	0.008188976	0.006728971	0.01258142	0.004768746	0.002232411	0.01019281	0.01201608	0.005152608	0.004083539	0.00442537	0.002933798	0.002610202	0.008809789	0.004904205	0.005124914	0.007646749	0.003828537	0.02017238	0.004511435	0.0123981	0.008312974	0.00604602	0.004222635	0.003631082	0.005281151	0.004063388	0.008991545	0.007576721	0.006075287	0.004732125	0.003051162	0.006920786	0.00411545	0.003820748	0.00239046	0.004933011	0.004804814	0.003033781	0.00433609	0.004333817	0.002442749	0.004438221	0.004191987	0.003163963	0.003468923
12.05.2020 13:44:00	3	0.02734866	0.03000431	0.03037369	0.0195104	0.03219493	0.03241647	0.03117922	0.02569929	0.02423813	0.02548746	0.0223493	0.02394856	0.006622638	0.01945464	0.02129373	0.01899989	0.01685731	0.02434863	0.02011746	0.01792342	0.01679385	0.01925137	0.01591446	0.01783659	0.001686444	0.02402464	0.01565533	0.02251218	0.01606221	0.01884971	0.02957608	0.01838514	0.01964445	0.01984892	0.0202466	0.01981394	0.02261787	0.02669925	0.01574028	0.02451301	0.02210656	0.02253123	0.03268839	0.02557201	0.02128311	0.02666286	0.02129521	0.0282558	0.01635132	0.01759194	0.02005167	0.02123163	0.0194856	0.0122569	0.03102753	0.02230654	0.01463117	0.01276158	0.01529793	0.01537262	0.02213443	0.01560675	0.01485017	0.02905031	0.02166256	0.01486411	0.02662374	0.01731014	0.02468245	0.0174242	0.01886062	0.01254409	0.01332295	0.02079466	0.01433084	0.01969488	0.01906842	0.02031378	0.01859756	0.02118088	0.02188577	0.01469717	0.02286831	0.02026981	0.01534451	0.01527356	0.01702463	0.02242934	0.02265397	0.02352312	0.02305539	0.01909021	0.01874784	0.02387517
12.05.2020 16:44:00	6	0.2409326	0.2691755	0.2715796	0.2645544	0.2858578	0.2945115	0.2580875	0.2342827	0.2327394	0.2382943	0.220644	0.2333638	0.225297	0.1562545	0.173952	0.1639723	0.1634058	0.2288513	0.1954726	0.1769121	0.1637084	0.1747448	0.143601	0.1829143	0.1769053	0.2055591	0.1598235	0.2039129	0.1690205	0.2055083	0.2392953	0.177547	0.1787924	0.1787902	0.1991865	0.200836	0.2214815	0.2263162	0.1501842	0.2168116	0.1938521	0.2036016	0.2465851	0.2096732	0.1721111	0.2109869	0.2043347	0.2463832	0.1599611	0.1691884	0.1759616	0.170143	0.1848717	0.1453484	0.2574279	0.1904227	0.1580612	0.1427627	0.1498406	0.1712447	0.1961781	0.1577628	0.1527173	0.2295316	0.1846631	0.1647016	0.1779824	0.1652774	0.202456	0.1421275	0.1816438	0.1214812	0.1415405	0.2033009	0.1544962	0.1754123	0.170584	0.194548	0.1862341	0.1987111	0.1968442	0.1501044	0.2130733	0.2073525	0.1616811	0.1535237	0.1790943	0.2007279	0.2093005	0.2307248	0.2175426	0.186067	0.1940525	0.2166677
12.05.2020 19:44:00	9	0.9879972	1.011496	1.060027	1.202205	1.064303	1.110591	0.9924523	0.8820181	0.9206418	0.9294484	0.8538689	0.9167516	0.8769371	0.6095235	0.6711748	0.621619	0.6175568	0.8837641	0.758588	0.6657803	0.6193161	0.6560147	0.5291941	0.7268013	0.6740506	0.7863365	0.6379583	0.7980364	0.6638726	0.8257647	0.9879502	0.7352074	0.7149995	0.7057398	0.7810639	0.7993591	0.8547046	0.8833901	0.5778787	0.8355501	0.7796033	0.8324408	0.9454017	0.8154055	0.6522931	0.8297923	0.7961691	0.9767564	0.6447826	0.675897	0.7172552	0.6939805	0.7557592	0.6119345	1.050858	0.7700092	0.6290672	0.5620341	0.6242934	0.6924633	0.7611642	0.6156639	0.5976053	0.8863851	0.7293501	0.6505144	0.7214786	0.679261	0.7738695	0.5725744	0.7266077	0.4642232	0.5494916	0.8362108	0.6114672	0.6998429	0.6765549	0.7946126	0.7474276	0.8092118	0.7803484	0.6174284	0.8877975	0.8055402	0.6332519	0.608174	0.7245085	0.8131884	0.8458434	0.9093953	0.9005765	0.739486	0.7777823	0.9117375
12.05.2020 22:44:00	12	2.788241	2.908768	3.107501	3.334093	2.891519	3.156024	2.753808	2.499167	2.55737	2.682956	2.44914	2.717756	2.446465	1.785445	1.862683	1.739431	1.753111	2.477352	2.229519	1.895993	1.773101	1.851969	1.514811	2.111206	1.944545	2.306276	1.859388	2.344719	1.959642	2.490481	2.869053	2.216017	2.113218	2.059298	2.22798	2.339163	2.444762	2.496285	1.681901	2.359628	2.202664	2.376248	2.696239	2.336941	1.85441	2.363249	2.343387	2.704675	1.902566	2.025899	2.078404	2.019691	2.231563	1.866538	2.969797	2.235678	1.891085	1.657731	1.882419	2.09629	2.248185	1.839018	1.808572	2.513482	2.093326	1.959885	2.132579	1.968916	2.181776	1.702455	2.08321	1.291241	1.609797	2.460025	1.834848	2.001289	2.03136	2.372899	2.272007	2.370261	2.273147	1.855016	2.529198	2.301044	1.911851	1.866645	2.135683	2.409292	2.491636	2.628369	2.69862	2.263188	2.359169	2.714207
13.05.2020 01:44:00	15	5.975916	6.239291	6.659728	6.75376	6.07041	6.705467	6.023276	5.459928	5.526381	5.812044	5.27078	6.148927	5.204069	3.9506	3.934761	3.773121	3.787959	5.177863	4.879098	4.060967	3.927645	4.038486	3.398937	4.638072	4.158529	4.978879	4.097655	5.037859	4.290846	5.519441	6.053656	4.871892	4.636189	4.441488	4.87924	5.057459	5.106241	5.258457	3.777684	5.025831	4.725926	5.043529	5.874573	5.013245	4.04624	4.999709	5.051999	5.605107	4.230803	4.487089	4.659026	4.398214	4.802592	4.149942	6.263328	4.924826	4.132714	3.687397	4.244633	4.635326	4.840827	4.076253	3.967193	5.200737	4.530914	4.340565	4.626522	4.227611	4.650868	3.850972	4.49732	2.85382	3.535284	5.300194	4.082744	4.266897	4.413471	5.106567	4.963989	5.059301	4.910612	4.021146	5.394367	4.827628	4.208361	4.196992	4.588202	5.262428	5.582671	5.76007	5.961552	5.118997	5.341721	5.97321
13.05.2020 04:44:00	18	10.61854	11.12805	11.73899	11.17958	10.60815	11.93622	10.95134	10.005	9.908692	10.48464	9.674432	11.25326	9.13733	7.246118	6.939133	6.776668	6.703802	8.961704	8.876548	7.253259	7.274736	7.333406	6.412739	8.263703	7.337106	8.918553	7.452466	8.923842	7.765538	9.835879	10.42425	8.953956	8.301809	7.924836	8.619851	8.984832	8.912212	9.261398	6.921156	8.872125	8.439378	8.769454	10.3219	8.948943	7.363849	8.779542	8.992644	9.627889	7.791264	8.167398	8.536915	7.865972	8.584374	7.632789	10.6946	8.920334	7.426714	6.71466	7.86412	8.354362	8.572753	7.560518	7.176767	8.985074	8.105638	7.80422	8.354261	7.589388	8.218626	7.116136	8.020786	5.165134	6.465929	9.427328	7.400897	7.569887	7.820378	8.979966	8.854358	8.891707	8.710194	7.241355	9.595261	8.384617	7.741574	7.713599	8.187777	9.576744	10.16227	10.45166	10.7036	9.518387	9.795307	10.82685
13.05.2020 07:44:00	21	16.23896	17.07019	17.9643	16.53609	16.16357	17.96087	17.09521	15.83822	15.506	16.42449	15.19595	17.68998	13.99134	11.50061	10.71587	10.51926	10.43344	13.56447	13.86583	11.30541	11.69875	11.46421	10.44864	12.71296	11.31641	13.69101	11.73954	13.63498	12.25293	14.97317	15.36259	13.98672	12.90654	12.19356	13.20107	13.78859	13.48582	14.17436	10.94009	13.60351	13.09487	13.12529	15.54568	13.73413	11.57438	13.425	13.78254	14.41197	12.42063	12.56774	13.43707	12.17949	13.17632	12.03023	15.73821	13.74257	11.65955	10.73525	12.48192	13.19175	13.15722	12.07989	11.25905	13.6355	12.42312	12.29363	12.94314	11.90544	12.70242	11.44516	12.5569	8.04642	10.25665	14.30653	11.64356	11.65164	11.99742	13.54851	13.67371	13.41562	13.37019	11.31206	14.66361	12.76314	12.22288	12.14688	12.73113	14.73542	15.71707	15.98225	16.22096	14.89869	15.17349	16.56598
13.05.2020 10:44:00	24	22.34842	23.53437	24.89065	22.20083	22.53042	24.91778	23.80267	22.43248	21.70119	23.0906	21.69716	24.75984	19.29892	16.43063	14.96821	14.91786	14.69447	18.58912	19.14202	15.68793	16.67986	16.1535	15.15909	17.71345	15.77869	18.87066	16.40516	18.68156	17.16286	20.41325	20.37652	19.32178	17.88048	16.96967	18.23343	19.07611	18.45667	19.44803	15.54031	18.93392	18.34845	17.90303	20.8815	18.74431	16.27213	18.19872	19.1172	19.76646	17.65592	17.85584	18.65396	16.89438	18.21442	17.05541	20.87122	19.0022	16.38419	15.44999	17.60699	18.73195	18.23491	17.18356	15.96578	18.75075	17.35116	17.33486	18.0428	16.69226	17.61237	16.20122	17.64535	11.44416	14.7685	19.4342	16.5313	16.2438	16.65769	18.58601	18.89249	18.45179	18.53639	15.88671	20.01986	17.63635	17.24793	17.00245	17.64412	20.29269	21.46791	21.82232	21.7931	20.62527	20.79217	22.6458
13.05.2020 13:44:00	27	28.90083	30.26126	31.89056	28.54119	29.27585	31.73394	30.70657	29.20617	28.11405	29.87923	28.45846	32.21109	24.78583	21.57789	19.39159	19.55827	19.2054	23.82424	24.38342	20.04226	22.01999	21.165	20.10244	23.00383	20.39297	23.92726	20.97169	23.72493	22.28961	25.77459	25.2612	24.71017	23.09191	22.01745	23.32958	24.61423	23.57899	24.85139	20.26602	24.20477	23.70387	22.56682	26.21699	23.70315	20.98645	22.82978	24.43934	25.25356	23.19569	22.78744	23.88534	21.78975	23.257	22.19129	26.10497	24.32232	21.3534	20.44423	22.83408	24.54067	23.46013	22.37264	20.78995	24.06219	22.46583	22.56237	23.1368	21.57192	22.74088	20.92951	22.94065	15.11121	19.77362	24.68086	21.62087	20.92156	21.59262	23.63378	24.19222	23.67654	23.86305	20.65455	25.39152	22.67084	22.37015	22.16775	22.73733	25.92117	27.23032	27.47474	27.46009	26.29466	26.33412	28.75385
13.05.2020 16:44:00	30	35.44962	36.83222	39.03693	34.72431	36.1587	39.10415	37.89265	36.10284	34.54111	36.79333	35.47346	39.62199	30.0731	26.90495	24.05319	24.38438	23.82246	29.03664	29.57977	24.4121	27.37634	26.15921	25.19878	28.39507	25.12152	29.02331	25.48997	28.68441	27.26068	30.97807	29.92967	29.82901	28.13657	27.0587	28.41868	30.18648	28.62247	30.16048	24.94631	29.36498	28.90927	27.18108	31.31661	28.49429	25.64346	27.36222	29.75489	30.81017	28.73422	28.18789	29.11552	26.73836	28.18465	27.18613	31.3787	29.34155	26.23907	25.58401	27.93921	30.40117	28.85855	27.54032	25.61858	29.32576	27.51221	27.56073	28.0565	26.28555	27.81413	25.55279	28.2739	19.05023	25.12596	29.81954	26.6455	25.53929	26.36119	28.54677	29.23419	28.76696	29.11311	25.42771	30.68094	27.70973	27.32576	27.26438	27.58343	31.21752	32.77685	33.11994	32.57113	31.76942	31.55374	34.4095
13.05.2020 19:44:00	33	41.82269	43.07803	45.70608	40.94717	42.80462	45.9241	44.70612	42.8423	40.7223	43.68144	42.41149	46.81566	35.13765	32.03299	28.56105	29.25933	28.2981	33.95304	34.52185	28.55446	32.59115	31.09296	30.1756	33.64772	29.74243	33.65501	29.5877	33.47356	31.81643	35.89969	34.43103	34.61968	33.12521	31.76579	33.18861	35.56442	33.48613	35.14686	29.52776	34.24969	33.82009	31.42801	36.09249	32.89312	30.10264	31.49035	34.77085	36.15236	34.10204	33.0684	33.99282	31.37538	32.72126	32.06107	36.1278	33.96225	30.83291	30.78464	32.90758	36.15804	33.99653	32.53126	30.20264	34.28614	32.43108	32.45249	32.63503	30.65081	32.63305	29.90985	33.28853	23.02878	30.5549	34.60924	31.46685	29.95048	31.08203	32.9595	33.86905	33.45132	33.9477	29.90887	35.63649	32.7128	32.19641	32.11929	32.38596	36.32426	38.02233	38.40985	37.34164	36.88903	36.48308	40.06345
13.05.2020 22:44:00	36	47.47879	48.65219	52.08172	46.52438	49.19387	52.24739	50.989	49.14422	46.6532	49.97152	48.91747	53.47041	40.14566	36.85158	32.86561	34.08416	32.54943	38.7523	39.04264	32.41151	37.30637	35.75335	34.95744	38.60548	34.10732	37.90528	33.20431	37.56828	36.20645	40.32824	38.78537	39.0488	37.66499	36.09212	37.59171	40.60258	38.08049	39.7424	33.85936	38.67536	38.32968	35.23237	40.21641	36.94342	34.07076	35.32664	39.32577	41.20181	39.2035	37.11994	38.40385	35.70092	36.76785	36.67321	40.52596	38.57761	35.20021	35.54163	37.35664	41.46526	38.71959	37.14666	34.24398	38.78104	36.98645	36.95572	36.70916	34.65822	36.87392	33.93209	37.86847	26.89879	35.81934	38.93725	35.67395	33.94626	35.34058	37.2007	38.16092	37.58548	38.25502	34.37052	39.93349	37.45332	36.64291	36.70742	36.8102	40.7537	42.87202	43.23531	41.75033	41.34718	41.06685	45.13599
14.05.2020 01:44:00	39	52.33637	53.83642	57.55065	51.19735	54.76744	58.46159	56.81771	54.72606	51.94192	55.52294	54.97797	59.75341	44.21457	41.26945	36.64147	38.38159	36.46124	43.02171	42.91345	35.47424	41.73501	39.98952	39.37168	43.04306	37.97021	41.37498	36.33248	41.35194	39.87512	44.02727	41.97733	42.74624	41.76581	39.88972	41.53207	45.08879	41.99173	43.64427	37.69183	42.46265	42.37572	38.6191	43.92386	40.38801	37.89371	38.6547	43.28295	45.65858	43.57797	41.50163	42.32708	39.56688	40.19852	40.67454	44.33099	42.44502	39.08777	39.79397	41.10023	46.15878	43.06374	41.28583	37.65453	42.89682	41.10386	40.91278	40.3036	38.15521	40.62627	37.42153	41.68462	30.73264	40.83389	42.58541	39.67989	37.61323	39.00234	40.83055	41.77945	41.31266	42.10707	38.27937	43.75764	41.6114	40.4294	40.66757	40.614	44.88699	47.24568	47.24116	45.4967	45.44101	44.9261	49.56644
14.05.2020 04:44:00	42	56.58108	58.19154	62.08681	54.81099	59.67276	63.47059	61.92521	59.8108	56.61477	60.52305	60.30889	65.10766	47.71491	44.91757	39.94306	42.44966	40.01365	46.59729	46.68103	38.17007	45.61339	43.84204	43.22934	47.01317	41.40313	44.40177	39.10099	44.39476	42.89693	47.32223	44.98705	45.83768	45.30917	43.25634	44.68949	49.02022	45.39731	47.06734	41.01032	45.90356	45.77354	41.48093	46.88708	43.50853	41.19798	41.35601	46.52141	49.67562	47.52372	45.06542	45.67506	42.97737	43.33423	44.05016	47.3853	45.64336	42.23539	43.54418	44.2211	50.29126	47.02846	44.84612	40.50111	46.36446	44.70757	44.34597	43.33624	41.17887	43.78543	40.34227	45.16331	34.22665	45.20112	45.64642	43.20778	40.68145	42.26871	43.80365	44.72702	44.54477	45.57703	41.57542	47.21239	45.50869	43.7808	43.95397	43.93614	48.19494	50.56425	50.97805	48.47499	48.87275	48.20024	53.16599
14.05.2020 07:44:00	45	60.09386	61.89474	65.90885	58.79453	63.72009	66.96047	66.27718	63.71851	60.35508	64.64137	64.7913	69.15118	50.48586	47.99189	42.76259	45.74445	42.75631	49.62053	49.57125	40.36746	48.67634	47.15132	46.36923	50.46375	44.31139	47.0018	41.41534	47.11518	45.6437	50.01651	47.24216	48.4192	48.22775	46.01339	47.44986	52.00018	48.37878	49.84354	43.73737	48.4486	48.66393	43.73886	49.342	45.80553	43.65857	43.68392	49.1612	53.05473	50.87672	47.30094	48.76332	45.34185	45.87935	46.62112	49.82006	48.46949	45.02076	46.64776	46.94596	53.87704	50.16287	47.61957	42.88889	49.05958	47.88165	47.30546	45.75558	43.71623	46.33086	42.89104	47.96431	37.29922	48.73737	48.235	46.23883	43.38861	44.95354	46.17176	47.46291	47.11925	48.5253	44.64595	49.51759	48.66351	46.62899	46.58733	46.87754	50.93229	53.75443	53.75036	51.02721	51.48713	50.81905	56.09651
14.05.2020 10:44:00	48	63.64755	65.87685	69.73246	62.02622	68.09415	71.18733	70.63073	68.13676	64.38502	69.19208	69.6849	73.59996	53.5955	50.93261	45.85202	49.22849	45.6902	52.84923	52.42673	42.86471	52.04917	50.87281	49.88399	53.79667	47.41125	49.69882	43.90247	49.77757	48.13914	53.05822	49.17205	51.07917	51.17643	48.91322	50.46487	55.3255	51.52248	52.619	46.68119	51.47187	51.59555	46.5417	52.03864	48.55568	46.56128	46.29456	52.32684	56.72557	54.32097	51.30957	51.53642	48.42297	48.28422	50.10002	52.41376	51.36018	47.99059	49.7989	49.78401	57.65879	53.58786	50.7694	45.61448	51.92538	50.76892	50.06419	48.31637	46.23401	49.37466	45.57158	50.97623	40.58728	52.90002	51.04201	49.48561	45.99542	47.98791	48.72113	49.87545	50.26367	51.60584	47.4036	52.27097	51.9348	49.80006	49.53049	49.94601	54.05076	56.8758	57.00288	53.61419	54.48952	53.54498	59.31086
14.05.2020 13:44:00	51	65.21053	67.46148	71.24689	63.59875	70.02873	72.351	72.95167	70.22976	66.21032	71.20253	71.70362	75.46242	55.13868	52.44215	47.49335	51.30523	47.38676	54.48639	53.5811	43.87589	53.73713	52.41248	51.33461	55.35155	49.12933	50.58477	44.82445	51.01015	49.49754	54.23565	50.32423	52.39166	52.60953	50.19594	51.77711	56.68058	52.81387	54.1554	48.04794	52.97212	53.02411	47.48814	53.41517	49.68774	47.78154	47.24889	53.60777	57.90152	56.0042	52.04005	52.90309	49.76139	49.59382	51.63546	52.88044	52.91585	49.21851	51.73799	51.07183	59.45984	55.15122	52.16933	46.62177	53.38233	52.41526	51.65435	49.50304	47.62257	50.54953	46.60148	52.35221	42.38111	54.89478	52.16827	50.90556	46.96321	49.53067	49.86856	51.36557	51.34255	53.22829	48.83792	53.71293	53.54019	50.74935	51.12261	51.14402	55.49487	58.16424	58.18764	54.60337	55.85674	54.6304	60.39052
14.05.2020 16:44:00	54	67.05402	69.20605	73.12716	65.3905	72.02833	74.44193	74.8824	72.2494	68.28484	73.46867	74.33613	77.7976	56.88041	54.05241	49.29222	53.49627	49.50241	56.28417	55.29874	45.19753	55.59368	54.51687	53.40881	57.30045	50.93586	52.00774	46.12854	52.64702	50.99336	55.83917	51.4288	53.76154	54.33423	51.43072	53.38547	58.78345	54.36318	55.92031	49.98163	54.4958	54.4665	48.85419	54.8531	50.92339	49.54659	48.69934	55.05901	60.10656	57.83745	54.11646	54.58704	51.10383	51.30652	53.08314	54.35807	54.59604	51.02836	53.89235	52.70489	61.64566	57.01005	54.10309	47.80217	55.12508	54.12589	53.50921	50.96382	49.27499	52.31077	48.05168	54.36729	44.58258	57.32371	53.60453	52.83986	48.53261	51.0734	51.28648	52.55736	52.61143	54.8185	50.77291	55.29123	55.70839	52.33825	52.6463	52.97904	57.30905	59.71641	59.58411	56.14882	57.76899	56.11718	62.06184
14.05.2020 19:44:00	57	67.80782	69.95796	73.62421	65.64883	72.4873	74.93319	76.2349	73.1842	69.19068	74.32183	75.51292	78.45569	57.44492	55.11454	50.37084	54.739	50.55623	57.22609	56.15395	45.7262	56.39248	55.65857	54.19777	58.25173	51.64188	52.65733	46.93015	53.21519	51.74158	56.61684	51.99002	54.18481	55.38001	52.07737	54.1939	59.5681	54.91605	56.78864	51.20185	55.34005	55.39199	49.2159	55.59982	51.66973	50.36617	49.45142	55.54333	60.2998	58.67367	54.8168	55.39114	51.65939	52.04674	54.07542	54.43632	55.28194	51.87164	54.86208	53.75443	62.53909	58.21312	55.11584	48.32765	55.91049	54.87313	54.37788	51.65079	50.1743	52.94097	48.79768	55.34133	45.96081	58.62761	54.27622	53.66774	49.30849	52.18424	51.82092	53.33007	53.34781	55.68306	51.70015	55.94023	56.49234	53.02337	53.43889	53.93089	57.73267	60.17654	60.16657	56.64837	58.34982	56.80493	62.76028
14.05.2020 22:44:00	60	67.79178	70.0552	73.66944	65.98653	72.95178	75.21997	77.11977	73.78516	69.63374	74.7553	76.33856	78.62978	57.69633	55.65601	51.45763	56.24767	51.7189	57.93336	57.01491	45.82007	57.33727	56.48638	55.30204	59.17442	51.9892	53.33588	47.3114	53.86585	52.28519	57.56743	51.89454	54.53101	55.90321	52.64908	54.85529	59.82315	55.64188	57.4909	51.83339	56.13919	56.2294	49.73225	55.73201	52.38391	51.1531	49.66436	56.18992	60.60673	59.46298	55.24337	55.88441	52.20443	52.84702	54.82901	54.46413	55.68452	52.619	55.83004	54.20579	63.21912	59.1316	55.94281	48.76833	56.38056	55.60014	55.35301	51.93299	50.70564	53.49402	49.22093	55.73468	47.05246	59.51457	54.7885	54.20546	49.91953	52.82722	52.27334	53.86377	53.74178	56.3357	52.55375	56.38446	57.24318	53.46534	54.51197	54.72946	58.3829	60.57738	60.38332	57.42106	58.68182	57.01922	63.02557
15.05.2020 01:44:00	63	67.11343	69.68153	72.82664	65.7971	72.85373	74.35763	77.43929	73.585	69.47395	74.80312	76.40356	77.83807	57.95659	56.01827	52.28484	56.83046	52.18239	58.11101	57.22398	46.17925	58.26336	57.2693	55.39862	59.59492	52.45193	53.32303	47.90583	54.06196	53.04	57.6778	52.14785	54.84738	56.11974	53.13443	54.9353	59.93721	56.08327	57.54037	52.34351	56.11451	56.39278	49.81359	55.58781	52.39463	51.42704	49.82257	56.36781	60.65349	59.76203	55.70878	56.33999	52.53206	53.26209	55.26382	54.90557	56.02726	52.96061	56.57899	54.66047	63.49512	59.41665	56.26243	48.71899	56.42681	56.21839	55.54678	52.09959	51.31437	53.77364	49.34917	56.18801	47.76294	60.48815	55.01042	54.75554	50.20441	53.21665	52.4406	53.87283	54.23776	56.53816	53.04093	56.64596	58.11054	53.42088	54.6074	54.75067	58.25948	60.25335	60.76948	57.17376	58.5802	57.16976	62.72879
15.05.2020 04:44:00	66	66.25837	68.71191	72.07864	66.24261	73.02174	73.97224	76.9039	73.12827	68.67184	74.71777	76.3055	76.52386	57.86309	56.14211	52.62484	57.34745	52.40408	58.30535	57.16587	45.89693	58.45483	57.64723	55.26852	59.61219	52.64578	53.25752	47.76948	54.30384	52.99595	57.50253	51.29005	55.15246	56.02466	53.15062	55.01418	59.6306	56.26319	57.23053	52.65362	55.91263	56.39392	49.68576	55.10528	52.58204	51.50688	49.53447	56.39811	60.34889	59.85516	55.68814	56.34408	53.0521	53.28405	55.58101	55.03017	55.76854	53.42406	56.70292	54.89661	63.62465	59.48087	56.48203	49.16441	56.13357	56.6749	55.52845	51.99081	51.41255	53.3899	49.50491	56.15461	48.09584	60.37797	54.74233	55.21938	50.55529	53.32061	52.21757	54.22629	54.39149	56.65656	53.42728	56.72714	57.90466	53.59719	54.32499	54.45226	57.58596	60.02161	60.70636	56.92222	58.52978	56.98439	62.22696
15.05.2020 07:44:00	69	64.47395	67.42639	70.88847	65.36967	71.75526	72.62601	76.32587	72.35819	67.51431	73.50398	75.61077	75.58367	57.42408	56.1072	52.6507	57.65633	52.77674	58.23745	56.66612	45.73351	58.10171	57.3664	55.18164	59.11075	52.73843	52.95794	47.18697	53.60799	52.8662	57.28912	50.107	55.19218	55.55187	52.87342	54.72271	58.90321	55.68821	57.06702	52.83709	55.67811	56.25986	49.2001	54.08016	52.20009	51.70265	49.299	56.12333	59.61984	59.87708	55.33646	55.9411	53.06754	53.00544	55.20189	54.28057	55.31607	53.27883	56.40569	54.68121	63.06714	59.10579	56.70004	48.61208	56.13641	56.74428	55.04286	51.50082	51.52187	53.46215	49.44402	55.80155	47.638	60.77769	54.33345	54.6685	50.24213	53.50154	51.51218	53.67959	54.13046	56.51765	53.52781	56.86329	57.80216	53.33512	53.84192	53.64094	56.67081	59.33783	59.84852	56.23831	58.02889	56.1699	61.41125
