Vessel Name: 22042020_InCu_KaKr_KK1-60_P4_3
Metric: GFP Integrated Intensity / RFP Integrated Intensity
Cell Type: 
Passage: 0
Notes: 
Analysis: KaKr-A549-H2B-GFP/-RFP_DEFv10

Date Time	Elapsed	AC005013.1	ACO1	ADAM12	ADAMDEC1	ADAR	ADORA3	AIM2	AKAP2	ALOX5AP	ANKRD22	APOBEC3A	APOBEC3G	APOL1	APOL2	APOL3	APOL4	APOL6	ARAP1	ARL9	ASGR1	ATF3	ATF7IP	ATXN1	BATF	BATF2	BRD3	C19orf66	C6orf100	C9orf91	CAPN15	CASP1	CBFA2T3	CCL13	CCL2	CCL24	CCL7	CCL8	CCNA1	CCR1	CCR2	CD180	CD274	CD38	CD69	CD80	CEACAM1	CFB	CFHR1	CH25H	CHST2	CLEC5A	CLECL1	CMKLR1	CMPK2	CNP	CTAGE1	CX3CR1	CXCL10	CXCL11	CXCL3	CXCL9	CYP2J2	DCT	DDX58	DDX60	DDX60L	DEFB1	DHX58	DOK1	DOK2	DOK3	DTX3L	DUSP7	EMP1	EMR3	ENG	ENPP2	EPHB2	EPSTI1	ETV7	EVI2A	Mx2	STAT1	MAVS	BST2	EIF2AK2	RSAD2	NTC1	NTC2	NTC3	NTC4	NTC5
22.04.2020 18:32:00	0	0.004510078	0.00316043	0.005071355	0.005568794	0.0063881	0.004267941	0.005265653	0.005219724	0.005009563	0.003988658	0.003937912	0.004677367	0.004176872	0.004236533	0.005912323	0.004695779	0.007549605	0.007898499	0.01187867	0.01206764	0.007712495	0.01229808	0.00647678	0.007980437	0.006423682	0.008309294	0.007785601	0.004901251	0.008836057	0.005621648	0.004891413	0.004828144	0.03870502	0.003541913	0.01028755	0.003221954	0.005186331	0.005243674	0.005961096	0.009064381	0.0222829	0.007161306	0.01648873	0.02345676	0.01458667	0.006494648	0.004236304	0.002827527	0.004665651	0.06072303	0.009887005	0.0050008	0.004680601	0.003382133	0.005484712	0.003657547	0.02808437	0.004010192	0.002871052	0.004136052	0.006914369	0.01674257	0.003414599	0.007779995	0.00355685	0.003947278	0.005002127	0.0405312	0.03929935	0.007226805	0.009763204	0.004913032	0.01482289	0.006476501	0.01298313	0.006168953	0.02039333	0.01964309	0.00536511	0.006209887	0.004461139	0.00662622	0.005652081	0.009878272	0.01017989	0.007218821	0.005689223	0.005406666	0.0045229	0.002919925	0.01604282	0.004443912
22.04.2020 21:32:00	3	0.01934631	0.02024106	0.01971726	0.02128932	0.02426512	0.02082788	0.02053967	0.02680785	0.02008063	0.01843514	0.02311324	0.02053293	0.0200926	0.01672154	0.01573356	0.01578866	0.02142072	0.01887994	0.02159702	0.01823638	0.02230161	0.0199785	0.02050631	0.01660192	0.02105951	0.02209789	0.02100637	0.01527525	0.02001839	0.01906908	0.01570757	0.01626976	0.03934596	0.01735097	0.02030331	0.01795203	0.01847495	0.01856204	0.01524987	0.01907796	0.02420614	0.01699445	0.02441572	0.03083302	0.021903	0.02493969	0.01696348	0.01473493	0.01354174	0.04123224	0.01731872	0.0120553	0.0140013	0.01225823	0.01593341	0.0222024	0.03484616	0.0231026	0.01412961	0.01618909	0.01673351	0.01910923	0.02111984	0.01700931	0.02166744	0.01513098	0.01734397	0.04215709	0.03755733	0.0177696	0.01992208	0.01361456	0.01806925	0.01544057	0.01777426	0.01286075	0.02367443	0.02307701	0.01446717	0.01583801	0.01310521	0.01368056	0.02851324	0.01668087	0.01828042	0.01545338	0.02378998	0.02605532	0.01720999	0.02203442	0.01993251	0.01489317
23.04.2020 00:32:00	6	0.2268258	0.2340968	0.2174105	0.2223979	0.2404591	0.2233151	0.2169084	0.2499277	0.2288054	0.2085176	0.2438817	0.2311726	0.2287847	0.1985629	0.1698364	0.201208	0.2160097	0.2028059	0.2112818	0.199095	0.233436	0.1987837	0.2220722	0.1820054	0.2263868	0.2207054	0.2081866	0.2004103	0.1977296	0.2066174	0.2000226	0.1962084	0.216246	0.2168953	0.2045281	0.1991893	0.1954167	0.2042318	0.1828044	0.1960774	0.1933908	0.199878	0.2089332	0.2332024	0.2145592	0.2386853	0.2067234	0.2011632	0.1760401	0.2086797	0.1863482	0.1626808	0.1713224	0.1891944	0.1900077	0.2550266	0.2110836	0.2444657	0.1879921	0.2017995	0.2001745	0.1754435	0.2381087	0.1813963	0.2450925	0.1891763	0.201289	0.2286977	0.1910372	0.1979509	0.1957384	0.1822033	0.2036596	0.1799861	0.1886446	0.1671771	0.2044598	0.1822335	0.1784734	0.1822529	0.1705169	0.1671727	0.2257934	0.1750698	0.1701291	0.17488	0.2407965	0.2613735	0.2045681	0.2513616	0.1949162	0.1892095
23.04.2020 03:32:00	9	0.8906307	0.9048574	0.8384898	0.8752515	0.9503908	0.8748389	0.8570691	0.9735446	0.8951064	0.8162329	0.95302	0.9600552	0.9394824	0.8086652	0.6825835	0.8208372	0.8529409	0.803607	0.8724529	0.806527	0.9383414	0.8063756	0.9292868	0.7411276	0.9298713	0.8882111	0.8242267	0.7913187	0.7899531	0.8108799	0.8275442	0.7868721	0.8351479	0.8518005	0.7964891	0.798892	0.7861246	0.8219488	0.7485847	0.7751636	0.7991095	0.8216616	0.8181241	0.9497517	0.8785726	0.927419	0.7982367	0.8032263	0.725684	0.7696065	0.7417381	0.6399669	0.6637511	0.7633393	0.743871	1.019263	0.8077949	0.9529662	0.7331148	0.7849686	0.8062193	0.6912575	0.9286438	0.717788	0.9663364	0.757573	0.8099027	0.8711402	0.7142345	0.7792939	0.7598427	0.7279987	0.8105977	0.7291581	0.755811	0.6572514	0.7953485	0.7057224	0.7059869	0.7157983	0.651791	0.6712307	0.8949446	0.6662621	0.6735153	0.7087083	0.9419932	1.017125	0.8120077	0.9457592	0.7611687	0.751445
23.04.2020 06:32:00	12	2.829639	2.797408	2.643607	2.738254	2.933445	2.725465	2.732064	2.92572	2.79816	2.591651	3.008836	2.977237	2.88993	2.573498	2.226748	2.611141	2.714979	2.542049	2.702843	2.541137	2.913474	2.518859	2.906253	2.439376	2.863592	2.813476	2.613276	2.544485	2.495558	2.555224	2.664518	2.4634	2.639837	2.669751	2.554311	2.526048	2.466818	2.611999	2.388361	2.4824	2.497771	2.656066	2.543407	2.959249	2.746297	2.857027	2.580837	2.601255	2.396695	2.490379	2.369025	2.083097	2.139052	2.470636	2.457127	3.207067	2.530842	2.984344	2.392131	2.526938	2.558757	2.24643	2.905491	2.303842	2.952739	2.429012	2.536116	2.743253	2.249294	2.44114	2.458118	2.364842	2.647558	2.403256	2.46062	2.143735	2.516211	2.274689	2.327123	2.312619	2.111756	2.16427	2.779126	2.190696	2.180795	2.294925	2.937197	3.098417	2.508701	2.920424	2.343083	2.393025
23.04.2020 09:32:00	15	6.595922	6.503337	6.138228	6.300737	6.699952	6.206808	6.328711	6.693821	6.462903	6.101373	6.978311	6.8723	6.566835	5.999892	5.310829	6.077931	6.347872	5.918029	6.301358	5.961476	6.711223	5.856344	6.739606	5.767843	6.606011	6.558282	6.094776	5.967501	5.983503	6.033948	6.273015	5.799865	6.035615	6.172732	5.971227	5.970311	5.7838	6.139553	5.71313	5.887352	5.872005	6.257311	5.967469	6.702282	6.409642	6.548576	6.018533	6.052759	5.591876	5.798742	5.699536	5.069809	5.112487	5.85332	5.698518	7.231691	5.912808	6.902092	5.727631	5.936098	6.030886	5.263968	6.594797	5.452963	6.655381	5.858634	5.853543	6.375698	5.330657	5.751688	5.732783	5.675014	6.178573	5.787446	5.733988	5.245951	5.981416	5.422908	5.50595	5.551105	5.098426	5.141464	6.243626	5.234103	5.190609	5.492863	6.664695	6.93347	5.718278	6.62007	5.580644	5.789358
23.04.2020 12:32:00	18	12.615	12.41409	11.81771	11.87955	12.57101	11.86848	12.17209	12.63556	12.39718	11.90687	13.24813	13.04734	12.31358	11.65179	10.5104	11.7741	12.1187	11.33979	12.13738	11.56291	12.68379	11.24953	12.89781	11.16387	12.56697	12.39272	11.70471	11.52448	11.68657	11.62103	12.04015	11.19315	11.47184	11.88839	11.56494	11.4946	11.27491	11.80531	11.37015	11.44407	11.33494	12.07617	11.54539	12.50033	12.29331	12.45441	11.62542	11.58798	10.90755	11.2549	11.37269	10.17744	10.25835	11.42756	10.91028	13.54008	11.60194	13.18845	11.45416	11.60695	11.77353	10.24871	12.40311	10.73014	12.53855	11.50441	11.31999	12.1656	10.5181	11.38859	11.02154	11.18745	11.99874	11.40939	11.09139	10.52302	11.69522	10.75756	10.81071	10.97784	10.33792	10.20011	11.68032	10.30135	10.19979	10.93277	12.62028	12.96198	10.87311	12.38666	10.89949	11.40113
23.04.2020 15:32:00	21	20.76159	20.41317	19.49604	19.40156	20.24251	19.59058	19.87631	20.25788	20.17395	19.77371	21.48528	21.02634	19.74239	19.22484	17.82127	19.36671	19.82731	18.45336	19.81544	19.11676	20.45958	18.53551	21.13202	18.29962	20.33309	20.09883	19.28485	19.06072	19.22271	19.18633	19.77872	18.59206	18.69192	19.62686	19.1836	18.95848	18.54496	19.42158	19.01304	18.93265	18.87303	19.80066	18.99054	19.91377	20.07111	20.19955	19.18119	19.23261	18.25452	18.62056	18.94928	17.4178	17.34581	19.04957	17.83075	21.47666	19.10482	21.3041	19.21641	19.14211	19.37793	17.09062	20.02509	17.98995	20.15961	19.07025	18.68965	19.7181	17.63622	19.01008	18.23053	18.6327	19.6726	18.9574	18.30701	17.82606	19.32214	17.98512	18.1445	18.35466	17.68005	17.33158	18.75578	17.29286	16.95063	18.33072	20.4859	20.89286	17.77601	19.96257	18.29663	19.08206
23.04.2020 18:32:00	24	30.03013	29.65493	28.48318	28.16283	29.13281	28.51286	28.9239	28.86893	29.29036	29.01668	30.87	29.98673	28.32062	28.25805	26.31525	28.18664	28.53397	26.80196	28.6047	27.73722	29.49112	26.95921	30.52136	26.70874	29.0881	28.9658	28.02431	27.79875	27.87288	27.75021	28.77345	27.05546	26.94772	28.85935	27.95809	27.41015	26.98993	28.04939	27.88003	27.6291	27.37819	28.65665	27.484	28.41353	28.72494	28.79111	27.93996	28.1495	26.68679	27.20649	27.7113	25.85923	25.75785	27.93584	25.76174	30.2883	27.79383	30.57296	28.16002	27.73808	27.94128	25.05418	28.70422	26.50755	28.77183	27.91891	27.23458	28.46418	25.8553	27.9918	26.75317	27.14456	28.47088	27.6329	26.55942	26.30466	28.23878	26.3997	26.729	26.76536	26.41586	25.71603	26.81526	25.52722	24.99158	26.98947	29.32258	29.95376	25.90081	28.63582	27.10923	28.03741
23.04.2020 21:32:00	27	39.92926	39.61884	38.17347	37.61364	38.8811	38.45218	38.85449	38.15792	39.01094	38.83091	40.90479	39.69828	37.57689	37.72317	35.46627	37.58294	37.81425	35.67496	38.0591	36.87933	39.00577	36.03088	40.53802	35.5657	38.16892	38.45081	37.34527	37.37032	36.80601	37.22141	38.51393	36.25386	35.9212	38.80212	37.44949	36.39517	35.65984	37.45168	37.05348	36.66372	36.59617	38.13985	36.65797	37.41263	37.73821	37.96856	37.4072	37.62638	35.68823	36.31908	37.0109	34.90581	34.7478	37.3143	34.10862	39.63836	36.83572	40.36456	38.05396	36.69603	36.74005	33.69881	37.64973	35.47826	37.67169	37.06639	36.3385	37.77766	34.62423	37.45462	35.89194	36.04091	37.75618	36.83384	35.39695	35.32021	37.84399	35.116	36.03036	35.71286	35.84273	34.94118	35.22535	34.23101	33.24083	36.0838	38.56597	39.78688	34.89639	38.10417	36.69419	37.79233
24.04.2020 00:32:00	30	50.77813	50.28953	48.45274	47.61135	49.04893	48.62374	48.89612	47.81809	49.02544	49.24691	51.35263	50.03347	46.88432	47.62703	44.83324	47.22203	47.53806	44.87658	47.75335	46.59727	49.18269	45.49862	51.09888	44.85329	47.70377	48.2884	46.76365	47.20024	45.90676	46.73137	48.53041	45.49438	44.92524	49.26486	46.9848	45.56881	44.49908	46.81995	46.46431	45.9861	46.01979	47.85815	45.9796	46.71489	46.46378	47.45995	47.2431	47.32629	45.04589	45.72857	46.53281	44.12562	43.83528	46.61812	42.57592	49.10754	45.97903	50.76358	48.2588	45.74812	45.56316	42.53404	46.72602	44.45003	46.94232	46.58633	45.58343	47.16612	43.26181	47.4809	45.09019	45.21308	47.34001	46.24136	44.69679	44.49388	47.51236	43.72808	45.31253	44.73861	45.72577	44.65274	44.06255	43.08567	41.99645	45.49218	48.1973	49.80522	43.84987	47.96741	46.5911	47.82042
24.04.2020 03:32:00	33	61.57125	61.03513	58.91648	57.59528	59.71968	58.85952	59.24753	57.36737	59.0485	59.75153	61.97866	60.23623	56.23111	57.42285	54.36263	56.80068	57.03024	54.31963	56.91089	56.06411	58.93988	54.85392	61.5137	54.2198	57.03395	58.07173	55.85704	56.88005	54.62367	56.4748	58.74848	54.64873	53.65973	59.65689	57.16656	54.39672	53.15065	56.31893	56.01395	55.18494	55.66874	57.58458	55.30588	55.94187	54.89258	56.92688	56.88706	56.69825	54.36695	54.86801	55.92846	53.26368	53.04983	56.23393	50.78295	58.14703	55.14209	61.01353	58.61323	54.75637	54.27359	51.3328	55.8933	53.53775	55.94384	55.87113	54.72979	56.47663	51.66505	57.46302	54.71364	54.11491	56.57469	55.25346	53.67387	53.49928	56.74035	52.2634	54.78309	53.5891	55.8224	54.38019	52.76721	52.15471	50.82815	54.98511	57.40831	59.54058	52.57327	57.66456	56.34816	57.87978
24.04.2020 06:32:00	36	71.89583	71.4632	69.00296	67.43298	69.82188	68.96246	69.63184	66.56734	68.94514	70.17935	72.39612	70.60558	65.16044	67.11153	63.3798	66.17367	66.29671	63.20554	66.07269	65.03614	68.46564	63.92155	71.14652	63.33118	65.84786	67.32797	64.88534	66.23683	62.9278	65.83045	68.31006	63.19131	61.81457	69.74802	66.67117	62.78299	61.56469	65.22083	64.86274	64.13123	64.62246	66.53534	64.08144	64.59724	63.2133	65.76604	66.30927	65.19049	62.95488	63.60395	65.07331	61.90687	61.52504	65.27599	58.88259	66.61398	63.77898	70.79498	68.15916	63.3131	62.4065	59.49818	64.13837	61.85922	64.15369	64.90559	63.33001	65.20918	59.88083	66.89111	63.7872	62.58851	65.43959	64.05805	62.48828	61.95711	65.59015	60.23404	63.84974	62.39639	65.55078	63.84419	61.17043	60.88284	59.2078	64.42384	66.62389	68.60041	61.04809	67.35297	65.47182	67.3899
24.04.2020 09:32:00	39	81.54849	81.13641	78.2327	76.62446	79.2234	78.16231	79.35814	75.0429	77.8498	79.33642	81.80585	79.5384	73.40622	75.28403	71.54034	74.57306	74.51234	71.22887	74.09082	73.73322	77.21031	71.83504	79.72109	71.09966	73.65661	75.59387	72.38445	74.77173	70.52254	73.88519	76.49128	71.17047	69.18044	79.0508	75.45141	70.45509	69.04809	73.55544	73.28168	72.23755	72.79726	74.84464	71.90775	72.1917	70.15277	73.76012	74.82575	72.90129	71.0079	71.50512	73.02837	69.63527	69.2676	73.33115	65.81622	74.18449	71.46734	79.49467	77.47886	70.60754	69.41521	66.7701	71.46613	69.93442	71.04276	72.85291	71.31879	72.83371	67.29437	75.68451	71.84482	69.58587	73.5023	71.51015	70.02044	69.37807	73.34267	66.93484	71.58181	69.85831	74.75119	72.14693	68.65531	68.35323	66.70312	72.39576	74.58582	76.88657	68.60078	75.89392	73.85701	75.86161
24.04.2020 12:32:00	42	89.9184	89.70184	86.44865	83.91251	87.8188	86.35736	87.90114	82.39061	85.39013	87.12541	89.29016	86.64256	80.45423	82.57153	78.83797	81.57312	81.91312	78.56817	81.54193	80.67379	84.37043	78.86273	87.58401	78.25795	80.42496	83.1718	78.56745	81.99761	77.13058	81.28116	83.44572	77.53323	75.60372	87.11646	82.66099	76.98452	75.18465	80.12382	79.67865	79.11006	79.87101	81.91154	79.07576	78.45509	75.98153	81.02675	82.09859	79.48949	77.47565	77.98827	79.90821	76.35917	75.65701	80.24251	72.03503	80.38573	77.93464	86.96543	84.86958	76.91792	75.14139	72.96325	77.7869	76.52567	77.77847	79.48492	77.70055	79.24599	73.18105	83.15312	78.62737	75.84957	80.24501	77.62189	76.65197	75.66931	79.84026	72.74739	78.33375	76.57972	82.28259	79.37326	75.19069	74.77824	73.35722	78.74319	81.34858	83.58649	75.06328	82.80488	80.62601	83.15694
24.04.2020 15:32:00	45	97.30025	97.32999	93.86849	91.19434	95.53307	93.87161	95.3854	88.75989	91.77583	95.16607	95.57861	94.02375	86.84211	88.49013	85.23309	88.19943	88.58322	85.55685	87.9968	86.83304	90.80544	85.52386	94.19111	84.71798	86.17945	89.61797	84.85008	88.58739	82.84158	87.37012	89.57069	83.56545	81.1618	94.92073	89.56381	82.37557	81.14226	86.63783	85.87139	85.79855	86.49562	87.98464	85.18995	84.41261	81.64782	87.07317	88.73658	85.397	83.23736	83.7221	86.16188	82.26141	81.66654	86.41547	77.36546	85.83147	83.51567	93.25952	91.03143	82.59394	80.58829	78.6348	83.82765	83.23876	82.76613	85.31349	83.87036	85.03822	78.66381	89.87794	85.31963	80.78808	86.22508	83.4715	83.04531	81.57642	86.3112	78.10625	84.79751	82.67049	89.18571	86.1462	81.91259	80.74531	79.0143	85.21761	87.31066	89.51389	79.64268	88.97549	86.07688	89.96287
24.04.2020 18:32:00	48	101.3573	102.0646	98.21326	95.14339	100.6343	98.40463	99.8401	92.87245	96.19173	99.97906	100.3982	98.86933	90.99599	92.38558	89.75378	92.59957	92.68127	89.9845	92.47157	91.14772	95.01693	89.16171	98.79346	89.08879	90.4743	94.45641	88.57813	92.79153	86.68362	92.30787	93.93018	87.77682	84.97361	99.84531	93.88571	85.9673	84.8463	90.60005	89.71911	89.69825	90.88506	91.97617	89.17728	87.97105	85.23658	90.45706	92.64671	88.86484	87.35113	87.85449	90.24235	86.51806	86.25797	91.00208	80.89783	89.45014	87.52943	97.77685	95.47627	86.09205	83.94419	81.90309	88.06772	86.57465	86.37602	89.37442	88.04292	88.7261	82.23326	93.75994	89.54103	84.39683	90.22373	87.37556	87.24769	85.1644	89.56968	81.45809	88.48374	86.56516	93.95981	89.85026	86.29673	84.6637	83.1368	88.42144	91.116	93.09194	84.15173	93.05183	90.06049	94.16232
24.04.2020 21:32:00	51	104.7359	106.8798	101.8634	99.19644	105.6497	102.4437	102.8496	96.08165	99.71481	103.1662	103.8774	103.0375	94.27346	96.33614	93.91796	96.13943	96.08969	93.88182	95.69704	94.84655	98.05509	92.60719	101.4519	92.5462	93.97672	98.28443	92.23711	96.94409	90.20515	96.26336	97.72501	91.411	87.7862	102.9989	97.30028	89.21691	88.08743	93.96426	93.12298	92.80543	94.42075	94.98636	92.18242	91.74666	87.86043	93.7234	95.98752	92.47391	90.47197	90.76556	93.59898	90.19216	89.51804	93.94229	84.33995	92.75741	90.12461	101.3518	99.54797	89.00819	86.64613	85.01981	91.21951	90.10541	88.79512	92.86182	91.19276	92.10239	85.28048	97.18983	92.64906	87.27672	93.08267	89.79836	89.95031	87.94176	92.68502	84.05878	91.84638	89.60823	97.41604	93.07274	89.68475	87.46019	86.15106	91.17699	93.9939	96.02735	86.85003	96.38651	93.15086	96.98759
25.04.2020 00:32:00	54	105.837	110.3408	103.7854	101.0582	108.2042	104.7816	104.4296	97.50554	101.5613	106.1396	105.3446	105.39	97.21851	98.24448	96.88747	99.10083	98.22285	96.64502	98.08345	97.68454	101.1523	95.37528	103.3284	95.3748	96.27207	100.7241	94.13878	99.64154	92.55605	99.16544	100.0979	94.14827	90.14192	105.9354	99.69512	91.93581	89.83063	96.42033	95.89219	95.15028	96.84964	97.99088	94.54766	93.99966	89.50227	96.72939	98.54485	94.03156	92.67275	93.24947	95.99037	92.77089	91.72292	96.35967	86.70733	95.50554	92.54713	103.7738	102.1311	91.07961	88.92252	86.81123	93.04328	92.77214	91.10596	95.31982	93.50923	94.31527	87.41747	100.0261	95.02859	89.24217	95.13596	92.13855	92.77953	91.07764	95.52083	85.72198	94.44263	91.78732	100.5644	95.31368	92.6548	89.72398	88.34256	92.90663	95.42751	97.71582	89.34055	98.73993	95.7697	99.04828
25.04.2020 03:32:00	57	105.7327	111.2144	105.1907	102.3811	110.0281	105.6223	105.8394	99.02436	102.2693	107.3078	105.871	106.4038	98.22718	99.74679	98.358	100.2171	100.0002	98.50344	99.26962	99.35825	102.3187	97.48991	104.4158	96.90285	97.99152	102.9871	95.54973	100.8125	94.38916	101.1307	101.8525	95.70644	91.64073	108.0084	101.5671	93.50631	91.38752	98.62148	97.99646	97.10692	99.17477	100.2129	96.08498	95.3667	91.00669	97.78378	99.11382	95.59317	93.96017	94.70332	97.98043	94.66399	92.96821	98.4314	87.96717	97.10688	94.52068	105.3351	103.2084	92.48806	90.35528	87.78481	94.75748	94.64915	92.57182	97.13746	95.38267	96.21779	89.24289	101.73	96.34579	90.5736	96.43658	93.73598	94.74606	93.17436	97.31585	87.0377	95.97025	93.41952	102.117	96.25318	95.06969	90.55784	89.75926	94.6081	96.70039	98.51097	90.75233	99.54716	97.15903	99.71974
25.04.2020 06:32:00	60	105.8683	112.1597	105.3567	102.8	110.2451	105.4304	105.5207	98.64443	102.2747	107.5555	105.5129	107.1793	99.37054	100.7984	99.25272	101.2303	101.3002	99.75715	100.6062	100.1774	103.6233	98.3208	104.7299	97.68166	98.46932	103.6315	96.71564	102.0395	95.29602	102.7182	102.6647	96.39603	92.63227	108.3624	102.1387	94.05525	92.77628	99.34738	98.98093	97.87498	100.143	101.473	96.73048	96.14005	91.81029	98.27822	99.26382	96.18155	94.47174	95.41528	99.31724	95.78711	94.58117	99.74815	89.03391	98.36369	96.20001	106.1212	103.8049	92.84888	91.07317	88.66126	95.04	95.92493	93.22051	98.12973	96.4728	97.19867	90.32249	102.2129	97.12539	91.3632	97.06421	94.44921	95.61378	93.60892	97.86697	87.70509	97.27377	94.34253	103.2947	96.75036	96.05112	91.31176	90.65971	95.16806	97.38207	99.00334	91.04416	100.1431	96.73713	101.0409
25.04.2020 09:32:00	63	104.504	111.0526	104.6093	101.7423	110.3054	105.0621	104.5861	98.14225	101.1707	106.7989	103.7187	106.2927	99.19785	100.7056	99.16311	100.8032	101.867	99.5611	100.6968	100.2091	102.76	99.00294	104.1208	97.42085	98.29374	104.2162	97.10581	102.985	95.16561	102.7053	102.4669	97.22549	92.31707	107.8164	101.9687	93.98288	92.64748	99.3869	99.63628	98.24838	100.2374	101.6515	97.5519	96.40225	92.38554	97.49294	97.9336	95.21172	94.77351	95.61752	99.65185	96.04092	94.29691	99.2608	89.52769	98.59637	96.0795	105.7155	103.8271	93.00495	91.56857	89.03222	95.56409	96.13738	93.13496	98.24048	95.82044	97.48038	90.25979	102.4176	96.61468	91.27038	97.00591	94.41993	95.65527	93.84505	98.18458	88.20573	97.25509	94.94725	103.6574	96.4382	97.11926	91.33076	90.67011	95.00891	96.99438	99.11191	90.57686	99.29018	96.65919	100.7162
25.04.2020 12:32:00	66	101.7169	108.6713	102.9613	100.268	108.6728	103.9334	102.6409	96.77159	98.30352	104.8559	101.4452	105.9124	98.80482	99.97363	98.79313	100.1436	101.6025	99.69511	100.5798	99.65841	101.9432	98.65746	102.5232	96.50967	97.58155	103.8223	97.34117	102.5744	94.66671	102.5843	102.0689	97.33753	90.92484	106.5162	100.875	93.44048	92.07048	99.37953	98.59045	98.45715	99.76073	100.6596	96.92107	96.10803	91.55845	97.22025	96.78072	93.99706	94.86639	94.79476	99.42407	95.53358	93.86609	98.98241	89.24632	98.53057	95.79182	104.9019	102.9711	92.7331	91.32534	88.55917	95.06647	95.6877	92.7954	97.68374	95.33408	96.87079	90.27925	101.2483	95.81823	90.57586	96.8448	94.48048	95.08852	93.55484	97.45366	88.20235	96.70426	94.24894	103.0781	95.00155	96.34029	90.38962	90.17738	93.58074	95.49532	97.82311	89.38062	98.30119	95.14608	99.74773
25.04.2020 15:32:00	69	98.01508	106.7011	99.5301	97.69155	106.57	101.8412	99.368	94.1433	96.14404	102.5808	98.57854	104.6346	97.36527	98.69506	97.6635	98.19553	101.0367	98.22901	98.51117	98.45276	100.5156	97.03632	100.3471	94.66407	96.1438	102.8216	96.11856	101.9318	93.56814	101.3248	100.8208	95.87228	89.92171	104.5352	99.52425	92.30803	91.34691	98.69116	97.04995	97.12766	98.30679	99.53177	96.81161	94.70981	90.54802	95.66293	95.13733	92.31694	94.25909	93.85701	99.03452	94.98498	92.74218	98.00203	88.5125	98.05677	94.19376	102.3443	101.8701	91.2847	90.46523	87.69639	94.27048	95.00972	92.02491	97.20554	94.26123	96.1695	89.69794	99.45211	94.96334	89.42175	95.68985	92.92391	93.76836	93.62154	96.82873	87.48136	96.27857	93.55539	101.7169	92.8083	95.38747	88.94827	89.05394	91.93697	93.54292	95.88486	87.57631	96.36111	93.46361	97.5767
