Vessel Name: 19052020_InCu_KaKr_KK1-69_AC1-5_P5_5
Metric: GFP Integrated Intensity / RFP Integrated Intensity
Cell Type: 
Passage: 0
Notes: 
Analysis: KaKr-A549-H2B-GFP/-RFP_DEFv10

Date Time	Elapsed	EZH1	FABP4	FAM105A	FAM107A	FAM110A	FAM20A	FAM46A	FAM72A	FBXO6	FCAR	FFAR2	FGL2	FOS	FPR2	GBP1	GBP3	GBP4	GBP5	GLIPR2	GLS	GMPR	GPC4	GPR141	GPR155	HAPLN3	HAVCR2	HELZ2	HERC5	HERC6	HES4	HESX1	HLA-B	HLA-C	HMHA1	HSH2D	IDO1	IFI16	IFI27	IFI35	IFI44	IFI44L	IFI6	IFIH1	IFIT1	IFIT2	IFIT3	IFIT5	IFITM1	IFITM2	IFITM3	IFNE	IFNG	IGF2BP3	IL15	IL15RA	IL1A	IL1RN	IL4I1	IRF1	IRF7	IRF9	IRG1	ISG15	ISG20	ITPKB	KCNE3	KLF7	LAG3	LAMP3	LAP3	LGALS3BP	LGALS9B	LILRA1	LILRA5	LRCH2	LRRC25	LY6D	LY6E	MAP3K1	MBD4	MCM2	MEF2BNB	MNDA	MS4A4A	C1 (Mx2)	C2 (STAT1)	C3 (MAVS)	C4 (BST2)	C5 (EIF2AK2)	C6 (RSAD2)	C7 (NTC1)	C8 (NTC2)	C9 (NTC3)	C10 (NTC4)	C11 (NTC5)
19.05.2020 10:51:00	0	0,008125872	0,007265713	0,0105673	0,006327974	0,007475724	0,005945176	0,004999794	0,004377395	0,009158575	0,008567059	0,007964337	0,005274801	0,008060534	0,008614691	0,0124613	0,01281761	0,008869547	0,01183914	0,02104045	0,008210856	0,01928952	0,02678203	0,006384466	0,01178864	0,01494864	0,004761721	0,02079366	0,006879309	0,006595709	0,01026517	0,008357773	0,007855608	0,004679387	0,01089309	0,02806726	0,005069772	0,004772101	0,003589967	0,02516287	0,015699	0,008950097	0,0186076	0,006360332	0,007382124	0,01755349	0,005887293	0,00556946	0,00705209	0,007963942	0,01288986	0,01843124	0,01820654	0,01216189	0,01048676	0,005222524	0,0161607	0,007598374	0,02419086	0,003893835	0,005826764	0,01134271	0,01646177	0,01865567	0,007327159	0,02221799	0,02470836	0,01422833	0,01328514	0,02225134	0,02150816	0,01002991	0,03571194	0,01684523	0,01278248	0,01177797	0,02276416	0,01818608	0,009632669	0,01716427	0,00561114	0,01835454	0,01892916	0,01344118	0,01079906	0,004687205	0,003661023	0,008572686	0,01509114	0,005193437	0,006817496	0,006097141	0,004871664	0,004607611	0,003090235	0,005232643
19.05.2020 13:51:00	3	0,006302786	0,005045549	0,008769411	0,004760255	0,00617098	0,004230655	0,004028246	0,003503284	0,005046106	0,006007713	0,005591101	0,003900293	0,007053266	0,005648043	0,007743451	0,01112947	0,006087188	0,007699698	0,01315893	0,00617711	0,01111015	0,01571537	0,005069708	0,008154881	0,01103754	0,003606249	0,01191088	0,005346237	0,005314768	0,006155248	0,007131642	0,004525297	0,003607252	0,006408362	0,0168131	0,004277583	0,004092825	0,00273602	0,01568436	0,01184827	0,004218456	0,01069627	0,005331279	0,005001892	0,01329524	0,004531494	0,004508451	0,006011414	0,004174151	0,00797888	0,01350495	0,01045369	0,006807513	0,00715656	0,004649208	0,01103948	0,006040843	0,01764216	0,002961682	0,003727609	0,006419191	0,01112992	0,01184837	0,005946395	0,01358633	0,01656528	0,008642584	0,006891991	0,01355512	0,01350246	0,00814116	0,03206439	0,01461015	0,008661262	0,008365634	0,01556526	0,01069478	0,007686858	0,01133276	0,004186768	0,01122984	0,009903	0,007884656	0,006753061	0,003363875	0,003011504	0,006643491	0,01053113	0,003249742	0,005728982	0,004474675	0,003626812	0,003429975	0,002521836	0,003985025
19.05.2020 16:51:00	6	0,004837021	0,004472955	0,008547036	0,004461203	0,005556683	0,004063753	0,003595656	0,002769931	0,004437402	0,004950264	0,005457683	0,003367038	0,006215691	0,004191037	0,006165906	0,009277245	0,004485959	0,005775298	0,006308449	0,005324847	0,008080808	0,007880409	0,004424276	0,0059555	0,009858958	0,003258675	0,009302545	0,004560826	0,003793892	0,0051747	0,00673094	0,003725972	0,002707608	0,004260779	0,006407087	0,003488515	0,003699148	0,002042908	0,008324642	0,008017112	0,002953532	0,005907478	0,004336199	0,004118425	0,01074113	0,003943264	0,00325505	0,004849883	0,003360323	0,006558823	0,009321876	0,006022688	0,003000902	0,00574404	0,004059329	0,00808572	0,004982456	0,0114666	0,002664434	0,00355187	0,005641636	0,008254415	0,005746916	0,005983246	0,007883345	0,01156011	0,007182468	0,00442215	0,01044704	0,00969949	0,007072282	0,02912452	0,01339951	0,004962762	0,006414208	0,008056177	0,006246015	0,006181066	0,006615318	0,003801543	0,008382794	0,006664218	0,004658299	0,006092068	0,003099631	0,002654817	0,00617582	0,009379475	0,002818289	0,004839668	0,004112766	0,003148201	0,002954856	0,002621685	0,003766258
19.05.2020 19:51:00	9	0,004511552	0,003633832	0,007704936	0,003824464	0,005015749	0,003506995	0,002928235	0,002596644	0,003636085	0,004447006	0,004262979	0,002977384	0,005921436	0,003303424	0,004985842	0,008465231	0,004420108	0,004659662	0,004331775	0,004411048	0,003570919	0,005071709	0,004022382	0,005473018	0,009015012	0,002914991	0,004719746	0,004257877	0,003274024	0,004866499	0,00603216	0,003371754	0,002044623	0,003657738	0,004254974	0,002830689	0,003497664	0,001542567	0,00535754	0,003594612	0,002390208	0,00431047	0,004223817	0,003382425	0,007656909	0,003741222	0,00274839	0,004546773	0,003125976	0,005374152	0,005825357	0,005278117	0,001645728	0,004659362	0,004302352	0,006095734	0,004258869	0,008994456	0,002315118	0,003091689	0,004929009	0,006052257	0,002744923	0,005064974	0,004041771	0,005720595	0,005285984	0,002663928	0,006822316	0,005974327	0,006697321	0,0279642	0,01197388	0,003646083	0,00591318	0,004440185	0,004850209	0,005422874	0,005028512	0,003128153	0,004787731	0,003659563	0,002853851	0,005206807	0,002811314	0,002509541	0,005464536	0,008485939	0,002422767	0,004813751	0,003421477	0,003137136	0,002405295	0,002149286	0,003436957
19.05.2020 22:51:00	12	0,0040247	0,003302859	0,007370018	0,003309836	0,004651261	0,003639899	0,002693171	0,002251962	0,002910222	0,003676986	0,003984272	0,002510732	0,005398721	0,003198118	0,004208752	0,007628235	0,003945293	0,003899334	0,003877935	0,004355363	0,003180191	0,004395384	0,003421995	0,004678247	0,008055387	0,002684484	0,002777722	0,003905179	0,002767332	0,004086656	0,005794314	0,002990693	0,001997257	0,003215408	0,004015503	0,002466352	0,00301478	0,001577413	0,004513452	0,002664231	0,002224013	0,003236181	0,003755435	0,0030881	0,005036653	0,003211843	0,002244426	0,003970246	0,002868555	0,005135139	0,003922458	0,005036101	0,001172706	0,002464678	0,003771279	0,003275888	0,004009198	0,007673873	0,002274892	0,002975998	0,004094648	0,003941497	0,001672484	0,004726123	0,002756383	0,003764532	0,002562703	0,002672162	0,003424739	0,003700085	0,005897243	0,02572318	0,01113152	0,003180935	0,005649772	0,004129644	0,004920067	0,005319478	0,004450108	0,003132021	0,004113899	0,003247587	0,002268543	0,004834342	0,002763868	0,002367387	0,005215985	0,008505386	0,002693657	0,004841381	0,003181485	0,002736128	0,002527431	0,002111371	0,002915489
20.05.2020 01:51:00	15	0,004478556	0,003657684	0,006935989	0,003387041	0,004629808	0,003168823	0,00300643	0,002699337	0,003391809	0,004713678	0,00419538	0,003067774	0,005264403	0,004186124	0,004741878	0,00767517	0,003882502	0,004262095	0,003536336	0,003969789	0,003653039	0,004554689	0,004058035	0,004848449	0,008415416	0,00369544	0,003503486	0,004538217	0,003326135	0,004451373	0,005616617	0,003013901	0,002415032	0,003198485	0,004239161	0,002813999	0,003528279	0,001922797	0,004442731	0,002629608	0,002651363	0,003558941	0,003533605	0,003363098	0,003442293	0,004249061	0,002707889	0,004677202	0,00296312	0,0054341	0,002993387	0,005303795	0,001567449	0,002573618	0,004145791	0,003404061	0,004004297	0,008451752	0,002784454	0,003195275	0,006126063	0,004186321	0,002460364	0,005291158	0,004635793	0,004231028	0,002748925	0,002882968	0,003979173	0,004750304	0,006232101	0,02510912	0,0114075	0,00352105	0,006710148	0,004720083	0,00477151	0,005035636	0,004602888	0,003324359	0,004201132	0,003491853	0,00305845	0,005024221	0,002839418	0,002862783	0,005697999	0,008234031	0,002558969	0,004813894	0,003156755	0,002708256	0,002667458	0,002045334	0,003322162
20.05.2020 04:51:00	18	0,008345966	0,01102205	0,01356377	0,01063861	0,009766194	0,008419244	0,008120314	0,008802893	0,008807831	0,009618787	0,01183638	0,00798745	0,01423799	0,01691473	0,01537422	0,0167248	0,0144998	0,01226942	0,00787586	0,01213331	0,01089533	0,01083433	0,01578593	0,01187162	0,01192667	0,01467038	0,01119644	0,01071108	0,01094352	0,008745049	0,01193953	0,00904095	0,01016741	0,009838233	0,01238107	0,009002768	0,01039124	0,01184824	0,01353678	0,008875504	0,0112132	0,009660685	0,008472796	0,01150164	0,01074401	0,0112566	0,01053824	0,01059082	0,008965806	0,01410257	0,01209851	0,01486635	0,009269624	0,008698466	0,0118266	0,01114202	0,01269528	0,01897845	0,01782873	0,01122441	0,02422267	0,01112417	0,01198761	0,01370523	0,01639053	0,01348707	0,008342247	0,01049945	0,01273941	0,0157981	0,01539452	0,0300276	0,01592392	0,0109735	0,01452916	0,01300583	0,01415304	0,01084409	0,01125218	0,01083548	0,01342208	0,007392085	0,009748207	0,01018334	0,007206799	0,01493775	0,01719622	0,01131203	0,00547437	0,01141646	0,00611331	0,006528679	0,008171518	0,005736878	0,007538299
20.05.2020 07:51:00	21	0,02769314	0,04241766	0,0458985	0,04633252	0,03471543	0,02946439	0,0317133	0,03887874	0,0344951	0,0309418	0,05286671	0,02932548	0,04534704	0,05885226	0,05724928	0,0520401	0,05382705	0,04880862	0,02936406	0,03954063	0,04380584	0,03668498	0,06306926	0,04461542	0,02784541	0,06257555	0,044962	0,03896447	0,04333331	0,03115405	0,03985722	0,0379828	0,04866051	0,04592089	0,04828278	0,04010458	0,03801856	0,04718998	0,04860413	0,03292589	0,05026073	0,04295079	0,03418627	0,04745041	0,04796425	0,04858481	0,03390364	0,04235306	0,03089151	0,05214952	0,05070731	0,05460544	0,04612473	0,03662981	0,04472766	0,04838471	0,03944492	0,05689072	0,06935143	0,04534401	0,09260243	0,03459623	0,04877856	0,04294827	0,05775219	0,04987593	0,03520954	0,03656928	0,04933986	0,04996152	0,05562623	0,04776434	0,03791256	0,0414123	0,04631437	0,05073091	0,05178156	0,03308414	0,03949898	0,04908514	0,04603337	0,02931712	0,04171741	0,03234562	0,02818578	0,07119063	0,06977099	0,02569196	0,01866707	0,04331464	0,02068926	0,02459829	0,03557175	0,02166482	0,02649069
20.05.2020 10:51:00	24	0,0632785	0,09784988	0,104217	0,1163566	0,08294184	0,0667142	0,07396753	0,09876267	0,08274363	0,0749456	0,1251419	0,06787999	0,09536128	0,1251061	0,1307849	0,1154476	0,122631	0,1137587	0,06694948	0,08625834	0,1053514	0,0825116	0,142184	0,1059163	0,05689068	0,1426301	0,1053157	0,09279373	0,10514	0,07615842	0,09168863	0,09141716	0,1128863	0,1139999	0,1106422	0,09639834	0,08697826	0,1016215	0,1084571	0,07165968	0,1176785	0,1126912	0,08581547	0,1188464	0,1186919	0,1223648	0,07468195	0,1009767	0,06586253	0,1167926	0,1181903	0,1289112	0,107262	0,08754165	0,1011951	0,1151206	0,0843472	0,1187934	0,1607155	0,1130054	0,2233629	0,07304367	0,1114691	0,09210864	0,1244319	0,1160382	0,08810986	0,07810785	0,1047016	0,1046891	0,1245854	0,07799012	0,08001281	0,09643784	0,1005212	0,1169592	0,1161188	0,07187946	0,08543869	0,1165424	0,1000139	0,06968795	0,09611408	0,07163354	0,06533636	0,1816189	0,1794138	0,05556995	0,04342918	0,1057776	0,04555073	0,06007316	0,08493459	0,05031161	0,05469073
20.05.2020 13:51:00	27	0,1059036	0,1600192	0,1734267	0,2101445	0,1400893	0,1099379	0,1224289	0,1710459	0,1426404	0,1299825	0,2115211	0,1130555	0,1567962	0,19294	0,2226494	0,1902076	0,1987379	0,1910111	0,1085761	0,1383376	0,1705803	0,1389216	0,2325124	0,1799953	0,09103807	0,2320621	0,1788211	0,1579533	0,1751487	0,1303361	0,1586157	0,1494918	0,1850261	0,1976292	0,1786623	0,1685025	0,1449602	0,1599414	0,1714099	0,114075	0,1979246	0,2115423	0,1537199	0,2130165	0,2060392	0,2160985	0,1234038	0,1768775	0,1013124	0,1888344	0,2015854	0,2159147	0,168538	0,144837	0,159423	0,2019953	0,1334932	0,1931731	0,2670354	0,2013645	0,4082665	0,118136	0,1813192	0,1435686	0,2047691	0,1944188	0,1513056	0,1205066	0,1650213	0,1583845	0,2055665	0,1094628	0,1338452	0,1588795	0,1647957	0,1914006	0,1851095	0,1146791	0,1396549	0,1953576	0,1639829	0,1180911	0,1570033	0,1171542	0,1112275	0,3434679	0,3389783	0,09153242	0,07121195	0,180666	0,07324163	0,09912939	0,1406813	0,08539145	0,08416047
20.05.2020 16:51:00	30	0,1484525	0,2198481	0,2423881	0,3002777	0,1987527	0,1510809	0,161613	0,2453995	0,2014746	0,1819002	0,2923284	0,1591244	0,2151711	0,2488264	0,3097191	0,2617886	0,2641627	0,2680254	0,1430308	0,1844416	0,2245877	0,1923754	0,3143546	0,2476104	0,1204857	0,3168061	0,2434244	0,2252178	0,2404914	0,1808939	0,2238485	0,2022265	0,2478241	0,2750692	0,2419701	0,2363326	0,1962543	0,2114358	0,2254922	0,1453204	0,2764116	0,3226651	0,2232357	0,3082402	0,2841042	0,3077273	0,1695827	0,2512472	0,1267989	0,2480546	0,2847582	0,2930515	0,2209484	0,1953212	0,2051713	0,2856828	0,1750723	0,2533028	0,3666497	0,286843	0,6213588	0,1589343	0,2426814	0,189046	0,2735452	0,2651305	0,2103644	0,1509175	0,2157896	0,2005764	0,2798774	0,1345666	0,1869631	0,2144073	0,2130538	0,2537023	0,2396122	0,1512747	0,1878266	0,2706711	0,2243512	0,1673775	0,2090548	0,1570933	0,1542951	0,5398482	0,5406778	0,1261725	0,09512624	0,2493478	0,0979225	0,1324898	0,1920001	0,120263	0,1083627
20.05.2020 19:51:00	33	0,1765373	0,2572514	0,2888882	0,3689207	0,2408442	0,1744318	0,1872836	0,302766	0,2439284	0,2138096	0,3445504	0,1951343	0,2503821	0,2786256	0,3637698	0,3019078	0,3081041	0,3178658	0,1601012	0,2163011	0,259093	0,2246881	0,3612683	0,2940401	0,1347232	0,3618328	0,282401	0,2646088	0,2806948	0,2148368	0,2716103	0,2305933	0,287798	0,332232	0,2824777	0,279505	0,2287275	0,2428663	0,253859	0,1613915	0,3359422	0,4214294	0,2714557	0,3818987	0,3348394	0,3691884	0,2055536	0,3020797	0,1388979	0,2838219	0,3420235	0,3438945	0,2503465	0,232982	0,2275036	0,3415717	0,2009983	0,2852422	0,432123	0,3486415	0,8148703	0,1835134	0,2748308	0,2139322	0,318332	0,3071912	0,2513098	0,1680655	0,242663	0,2234551	0,3213562	0,1462525	0,2182637	0,2478214	0,2392918	0,2894306	0,2657237	0,1718148	0,2111837	0,317872	0,262391	0,1994683	0,2404469	0,1821482	0,1816194	0,7234578	0,7326661	0,1453212	0,1068026	0,2923406	0,1145268	0,1525204	0,2227454	0,1417733	0,1215902
20.05.2020 22:51:00	36	0,1912076	0,2800044	0,3164945	0,4014428	0,2633895	0,1858881	0,1984249	0,3431939	0,2724374	0,2324775	0,3779405	0,2144553	0,2702866	0,2896448	0,3913608	0,3224778	0,3246844	0,3487768	0,1739533	0,2302696	0,2710919	0,2388755	0,3878198	0,3197046	0,1409436	0,3782149	0,3003057	0,2867987	0,299395	0,2330462	0,2991367	0,2432166	0,3075671	0,3625228	0,2977556	0,2993092	0,2447981	0,2574341	0,2665223	0,1668133	0,3693805	0,5042984	0,302532	0,4275547	0,3591618	0,4006402	0,2181389	0,3312989	0,1431455	0,2969382	0,3737487	0,3613687	0,2627199	0,2493273	0,234889	0,3785329	0,2123009	0,2978371	0,4714456	0,3927276	0,9955328	0,196193	0,2901953	0,2242676	0,3377388	0,3279939	0,2735994	0,1729497	0,2541414	0,2286955	0,3395878	0,1547542	0,23931	0,2645659	0,247223	0,3087623	0,2756124	0,1780667	0,2196263	0,3366006	0,2839524	0,2181378	0,2518715	0,1975098	0,1998179	0,895141	0,9018672	0,1531992	0,1107035	0,3156159	0,1228844	0,1638294	0,2386043	0,1502875	0,1257538
21.05.2020 01:51:00	39	0,194405	0,2826225	0,3165614	0,404395	0,2688195	0,1852703	0,1959182	0,3553811	0,2782676	0,2357493	0,3772227	0,218782	0,2659295	0,2823976	0,393149	0,3193589	0,3256421	0,355606	0,1715179	0,2283821	0,2688166	0,238712	0,3849947	0,3228634	0,1404754	0,3769062	0,3008497	0,285896	0,3018714	0,2344017	0,3018947	0,2406973	0,3065393	0,371004	0,2969148	0,3041684	0,2449783	0,2567699	0,2625292	0,1635493	0,3804745	0,5614205	0,3094428	0,4373259	0,3607471	0,4092753	0,221316	0,3320702	0,13976	0,2907534	0,3807332	0,3618326	0,2594824	0,2520007	0,2293078	0,3834667	0,2102657	0,2901672	0,4813634	0,4073009	1,139952	0,1956325	0,2896288	0,2204131	0,3369175	0,3238129	0,2759306	0,1667292	0,251889	0,2240488	0,3340616	0,1499071	0,2363485	0,26626	0,2452377	0,3060287	0,2683282	0,1743022	0,216436	0,3391384	0,2839309	0,2182719	0,253987	0,1988107	0,2013687	1,035007	1,035456	0,1541795	0,1098337	0,3138331	0,1240891	0,1634721	0,23887	0,1511394	0,1245685
21.05.2020 04:51:00	42	0,1891133	0,2707132	0,3058364	0,3914651	0,2622046	0,1762489	0,1874958	0,346505	0,2706906	0,2267465	0,3644091	0,2121739	0,2537059	0,265122	0,3770651	0,3045885	0,3117024	0,3402455	0,1642886	0,217954	0,2572711	0,229848	0,3678271	0,3096315	0,1320647	0,360585	0,2865331	0,2750111	0,2894212	0,2252397	0,2904134	0,2276686	0,2942806	0,3602648	0,2834931	0,2926171	0,2361173	0,2469555	0,2441278	0,1556056	0,3698575	0,5941684	0,3005464	0,4247521	0,3479582	0,3974766	0,2120492	0,3167065	0,1317399	0,2748489	0,3695784	0,3463707	0,2463773	0,2450114	0,21463	0,3690372	0,2005976	0,2754475	0,4672894	0,3988744	1,252525	0,1895852	0,2758442	0,206906	0,322822	0,3113574	0,2668063	0,1572341	0,2405912	0,2114699	0,3175649	0,1379595	0,2286615	0,2526999	0,2321244	0,2922257	0,2519257	0,1662614	0,2049957	0,3272231	0,27334	0,2087645	0,244119	0,1916359	0,1938701	1,157749	1,131722	0,1493083	0,1045347	0,299906	0,1204996	0,1554502	0,2305548	0,1476944	0,1185773
21.05.2020 07:51:00	45	0,1791627	0,2543366	0,2892299	0,3690298	0,2468823	0,1637813	0,1755052	0,3277572	0,2549942	0,2147373	0,3383645	0,2032732	0,2347008	0,2421137	0,3497387	0,2842818	0,2879749	0,320387	0,1528871	0,2007131	0,2415019	0,2157313	0,3390338	0,289234	0,1212782	0,335316	0,2674196	0,2583798	0,272522	0,2102153	0,2701006	0,2126726	0,27416	0,3376943	0,2648854	0,2734392	0,2196605	0,228262	0,2258656	0,1440556	0,3484076	0,5981599	0,2814091	0,3999636	0,3226432	0,3677248	0,1996222	0,2953219	0,1210951	0,2511117	0,3498548	0,3218567	0,227213	0,2292119	0,1947089	0,3470331	0,1857711	0,2546759	0,4388377	0,3791675	1,35643	0,1771348	0,2546438	0,1887356	0,3017204	0,2887906	0,2485586	0,1423494	0,2251342	0,1965278	0,2901388	0,1316527	0,2120284	0,2351397	0,2117251	0,2684486	0,228743	0,1544827	0,1907814	0,3066531	0,2582285	0,1954998	0,2280741	0,1798905	0,1834123	1,276279	1,206321	0,139364	0,09774694	0,2779215	0,1142101	0,1448298	0,213801	0,1374497	0,1109705
21.05.2020 10:51:00	48	0,1657802	0,2363978	0,2638932	0,336218	0,225856	0,1488178	0,1619652	0,3052838	0,2365044	0,1958277	0,3117628	0,1884771	0,2156819	0,2194867	0,3194693	0,2605668	0,2636248	0,2947582	0,1397727	0,1812757	0,2190574	0,1974286	0,3103714	0,2659708	0,1116037	0,3058257	0,2434682	0,2352808	0,2484545	0,1940105	0,2494927	0,1951824	0,2499295	0,3091519	0,2395794	0,2489025	0,2019563	0,2094349	0,2052424	0,1289592	0,3188478	0,5907873	0,2559767	0,3659279	0,2929878	0,3350852	0,1828193	0,2689076	0,1108416	0,2281543	0,3203775	0,2935493	0,2069701	0,2104118	0,176247	0,3169922	0,1687279	0,2287658	0,4047665	0,3519139	1,417257	0,1621636	0,2274415	0,1721259	0,2714226	0,2613533	0,2305421	0,128956	0,2054119	0,1808154	0,2653563	0,1261164	0,1931653	0,2136833	0,1925534	0,2452483	0,2070101	0,1416546	0,1723469	0,2819107	0,2391583	0,1777664	0,2086319	0,1645849	0,1696571	1,379811	1,252634	0,1290047	0,08761873	0,2540363	0,1057578	0,1323592	0,1981579	0,1262336	0,1023114
21.05.2020 13:51:00	51	0,1498718	0,2185943	0,2407648	0,3035289	0,2056496	0,1350841	0,1484687	0,2774369	0,2174382	0,1798058	0,2830994	0,1731534	0,1916122	0,1976933	0,2877837	0,2362634	0,2376302	0,266244	0,1267987	0,1628114	0,1961491	0,180268	0,2801774	0,2409872	0,1002021	0,2748708	0,2189493	0,2129377	0,2260891	0,1756798	0,2256155	0,1759532	0,2269385	0,2800387	0,2177989	0,2251595	0,1838722	0,189123	0,1842663	0,1159549	0,287982	0,5769771	0,2339108	0,3313106	0,2613685	0,298554	0,1651056	0,2424918	0,1007788	0,2061436	0,2908411	0,2651605	0,185832	0,1916263	0,1549617	0,2866592	0,1542199	0,2053775	0,3640359	0,3204983	1,468176	0,1482348	0,2040779	0,1554702	0,244292	0,2338469	0,2084891	0,1157996	0,1859034	0,162597	0,2385596	0,1154345	0,1735789	0,1925807	0,1755868	0,2216642	0,1860635	0,1277036	0,1551498	0,2541931	0,2188806	0,1612833	0,1870503	0,1491862	0,1534113	1,450501	1,269191	0,1175627	0,07852209	0,2288519	0,09660516	0,1199479	0,1789449	0,1147476	0,09296214
21.05.2020 16:51:00	54	0,1354933	0,1957274	0,2152997	0,2732599	0,1823238	0,1229385	0,1352355	0,2484487	0,1967625	0,1618039	0,2571154	0,1577205	0,1730021	0,1768368	0,2578118	0,2096611	0,2123189	0,2383215	0,1125023	0,147245	0,175867	0,1625491	0,2511587	0,2162384	0,09089286	0,2433072	0,1951588	0,1930303	0,2034	0,1581262	0,201788	0,1589109	0,2042068	0,2525304	0,1961697	0,2029741	0,1667046	0,1703124	0,1629086	0,1052117	0,2558028	0,5562873	0,2095914	0,2923819	0,2324155	0,2661057	0,1492195	0,2168629	0,0923538	0,1817563	0,2607168	0,2365046	0,168297	0,1724323	0,136537	0,2598278	0,1368769	0,1849477	0,3274717	0,2874697	1,485032	0,1337649	0,1804705	0,1402012	0,2168109	0,2095318	0,1874796	0,1032586	0,1651631	0,1448964	0,2146029	0,1063942	0,1560951	0,1738487	0,1562349	0,1985563	0,1677629	0,1139401	0,1379081	0,2286095	0,1990481	0,1430287	0,1690698	0,1349149	0,1375226	1,484775	1,253659	0,1050833	0,07100499	0,2049394	0,08710394	0,1081381	0,1616045	0,10406	0,08394679
21.05.2020 19:51:00	57	0,1239359	0,1771942	0,1948877	0,2430522	0,161793	0,1120108	0,122684	0,2217546	0,1783988	0,1464484	0,2303424	0,1423346	0,1560161	0,1588086	0,2307689	0,1869695	0,1894051	0,2153935	0,1013117	0,1322614	0,1563919	0,1454411	0,2245665	0,1939182	0,08274972	0,2180034	0,1743228	0,1713288	0,1819641	0,1410147	0,1801965	0,1426217	0,1842682	0,2258319	0,1768962	0,1800358	0,1502516	0,1541692	0,1476883	0,09432201	0,2296411	0,5378624	0,1891904	0,2603433	0,2070587	0,2373982	0,1329344	0,1929526	0,08331529	0,1630008	0,2331169	0,2086333	0,1514084	0,1543107	0,1212064	0,2318764	0,1229184	0,164575	0,2939193	0,2606692	1,448975	0,1209081	0,15903	0,12794	0,1928261	0,1880285	0,1693232	0,09289839	0,1475804	0,1291418	0,1902009	0,095998	0,143593	0,155429	0,1408615	0,177502	0,1509548	0,1034493	0,1243964	0,2056997	0,1799472	0,1267084	0,1541225	0,1211198	0,1245374	1,500176	1,22432	0,09504856	0,06412449	0,1855696	0,07844651	0,09818167	0,1469112	0,09347508	0,07545849
21.05.2020 22:51:00	60	0,1116966	0,1593516	0,1754193	0,2202147	0,1460528	0,1019278	0,1102731	0,2002882	0,1610743	0,1330586	0,2088905	0,1287746	0,1413925	0,1417461	0,2106338	0,1673829	0,1685174	0,1951303	0,09166224	0,119425	0,1408872	0,1306452	0,2008602	0,1733033	0,07555787	0,1948323	0,1545936	0,1533933	0,1627288	0,1273035	0,1612384	0,1285947	0,1657977	0,2027443	0,1583779	0,161563	0,1355818	0,1372217	0,1294061	0,0853869	0,2036072	0,5101323	0,169026	0,2325411	0,1851795	0,2116153	0,1167536	0,1737212	0,07622845	0,1479452	0,2083395	0,1878411	0,1354847	0,1399114	0,109412	0,206748	0,1111901	0,1486217	0,2632955	0,2360021	1,405942	0,1100042	0,1414867	0,1156837	0,1743762	0,1669498	0,1533546	0,08433827	0,1326467	0,1168395	0,169327	0,08891954	0,1314943	0,1405958	0,1270941	0,1603284	0,1376254	0,09298769	0,1134658	0,1847322	0,1614002	0,1130125	0,1385288	0,1089044	0,1127491	1,483002	1,175238	0,08613438	0,05739028	0,1668865	0,0710691	0,08788053	0,1340647	0,08414001	0,0687907
22.05.2020 01:51:00	63	0,1029556	0,1451584	0,158962	0,1972713	0,1308653	0,09297407	0,09957119	0,1810052	0,1461663	0,1210486	0,1875389	0,1174991	0,1278098	0,1299962	0,1879632	0,1499812	0,1522331	0,1751564	0,0837803	0,1055402	0,127628	0,1173398	0,1805597	0,1548336	0,06986913	0,1746585	0,1388149	0,137655	0,1461688	0,1152173	0,143717	0,1152786	0,14917	0,1835718	0,1417297	0,1473787	0,1229588	0,1243752	0,117066	0,07676582	0,1830353	0,4877054	0,1501124	0,2061273	0,1658398	0,1883566	0,1053216	0,1578758	0,07026672	0,1334028	0,1881783	0,1682501	0,1221617	0,126123	0,0991152	0,1863998	0,1000121	0,1351085	0,236018	0,208529	1,33939	0,09853906	0,1279762	0,1059179	0,1564602	0,1474485	0,137756	0,07678557	0,119004	0,1053328	0,1527985	0,08223563	0,1194712	0,1265521	0,1173451	0,1452576	0,1251077	0,08293413	0,1034412	0,1658635	0,147128	0,1019083	0,1265002	0,09844501	0,1030839	1,457434	1,118077	0,07839794	0,05260833	0,1503301	0,06499888	0,08060171	0,1218429	0,07658327	0,063843
22.05.2020 04:51:00	66	0,09413268	0,1297183	0,1436213	0,1793107	0,1182209	0,08536938	0,08993331	0,1649168	0,1322355	0,110348	0,1683489	0,1064137	0,1166376	0,1160374	0,1690546	0,1344323	0,138531	0,1576175	0,07482526	0,0956208	0,1164433	0,1076463	0,1607925	0,1408852	0,06468866	0,1575796	0,1244666	0,123722	0,1311455	0,1036261	0,1284075	0,1052247	0,1357814	0,1663855	0,1278414	0,1315997	0,1097181	0,1122719	0,1067038	0,06955419	0,1656016	0,4593656	0,1333046	0,1859725	0,1498765	0,169045	0,09571729	0,1424062	0,06409439	0,1218133	0,1688918	0,1516344	0,1097292	0,113994	0,08997885	0,1657816	0,09173601	0,1227236	0,2106303	0,1884238	1,275335	0,08898915	0,11525	0,09596827	0,1412221	0,1338845	0,1244587	0,06957063	0,1077355	0,09581286	0,1387629	0,07624321	0,1080739	0,113393	0,1070681	0,1314836	0,1131994	0,07451601	0,09420642	0,150958	0,1326801	0,09120578	0,1152448	0,09004336	0,09532019	1,401982	1,070833	0,07185788	0,04869656	0,1357535	0,06001205	0,07418681	0,1114069	0,06893694	0,05852915
22.05.2020 07:51:00	69	0,0864091	0,1188188	0,131796	0,1619131	0,107246	0,0777256	0,08228815	0,1486155	0,1198893	0,0987379	0,1536285	0,09661952	0,1066299	0,1059956	0,1523954	0,1215747	0,1266386	0,1431573	0,06836081	0,08680394	0,1064551	0,0980375	0,1459149	0,1284076	0,06033823	0,1431246	0,1116137	0,1104234	0,1176028	0,09329607	0,116236	0,09552702	0,1207377	0,1505174	0,1164143	0,119453	0,09880774	0,1006105	0,09631985	0,06347846	0,1495691	0,4361864	0,1180383	0,1673728	0,1359795	0,1518813	0,08708966	0,1289731	0,05824339	0,1108769	0,1524942	0,1375858	0,09991919	0,1037753	0,08073669	0,1492149	0,0833131	0,1113888	0,1904776	0,168297	1,214698	0,08165433	0,1054469	0,08659102	0,1261913	0,1206059	0,1128955	0,06390821	0,09737185	0,08706687	0,1265917	0,07053277	0,100363	0,1040666	0,09856012	0,1194262	0,1038882	0,06865185	0,08665424	0,1345197	0,1193241	0,08241358	0,1045811	0,08182634	0,08671964	1,35736	1,007468	0,06641822	0,04448802	0,1242155	0,05550541	0,06807982	0,1009086	0,06254498	0,05403408
