Vessel Name: 12052020_InCu_KaKr_KK1-67_AC1-3_P5_4
Metric: GFP Integrated Intensity / RFP Integrated Intensity
Cell Type: 
Passage: 0
Notes: 
Analysis: KaKr-A549-H2B-GFP/-RFP_DEFv10

Date Time	Elapsed	EZH1	FABP4	FAM105A	FAM107A	FAM110A	FAM20A	FAM46A	FAM72A	FBXO6	FCAR	FFAR2	FGL2	FOS	FPR2	GBP1	GBP3	GBP4	GBP5	GLIPR2	GLS	GMPR	GPC4	GPR141	GPR155	HAPLN3	HAVCR2	HELZ2	HERC5	HERC6	HES4	HESX1	HLA-B	HLA-C	HMHA1	HSH2D	IDO1	IFI16	IFI27	IFI35	IFI44	IFI44L	IFI6	IFIH1	IFIT1	IFIT2	IFIT3	IFIT5	IFITM1	IFITM2	IFITM3	IFNE	IFNG	IGF2BP3	IL15	IL15RA	IL1A	IL1RN	IL4I1	IRF1	IRF7	IRF9	IRG1	ISG15	ISG20	ITPKB	KCNE3	KLF7	LAG3	LAMP3	LAP3	LGALS3BP	LGALS9B	LILRA1	LILRA5	LRCH2	LRRC25	LY6D	LY6E	MAP3K1	MBD4	MCM2	BORCS8	MNDA	MS4A4A	STAT1	MAVS	BST2	EIF2AK2	RSAD2	NTC1	NTC2	NTC3	NTC4	NTC5
12.05.2020 10:44:00	0	0.009274755	0.006124034	0.003026617	0.004985289	0.004480178	0.004463268	0.006492037	0.005391068	0.004691679	0.00476843	0.00572871	0.004396972	0.00374577	0.00221923	0.0003114739	0.004625996	0.01080337	0.006978142	0.001677895	0.004442892	0.002709067	0.00229046	0.002150782	0.002091958	0.002572838	0.003671102	0.00642275	0.004357138	0.003443308	0.002809811	0.005457205	0.002271042	0.002468584	0.007359271	0.003590462	0.001928512	0.002358522	0.003288693	0.003716077	0.006271886	0.004580425	0.003541716	0.003950783	0.00522478	0.002092192	0.002832037	0.005817384	0.001467644	0.002915776	0.003874288	0.003321928	0.00537278	0.001844131	0.002968462	0.003689498	0.001970679	0.002816622	0.002606578	0.001928007	0.002289667	0.002433555	0.00347837	0.002916281	0.00312691	0.001667507	0.002129161	0.00180428	0.001766732	0.001624521	0.001615392	0.00203748	0.002452655	0.002128062	0.002722682	0.001876133	0.001848236	0.004091393	0.003161665	0.002284822	0.001770034	0.002054197	0.003177901	0.001698213	0.002201191	0.00239387	0.002033742	0.001422716	0.0020834	0.002648382	0.002206071	0.002014222	0.00137538	0.002770476	0.002990509
12.05.2020 13:44:00	3	0.004340395	0.005217761	0.002344371	0.00449419	0.003357046	0.003821514	0.00493589	0.004348276	0.003865029	0.00391507	0.004795066	0.004022697	0.002829578	0.002780401	0.004411919	0.004051439	0.008213845	0.0045859	0.001270108	0.00293846	0.002022184	0.001881177	0.001581123	0.001816922	0.002005547	0.002457786	0.006770499	0.003031537	0.002195269	0.002491902	0.003499187	0.001752025	0.001646975	0.003248749	0.002648683	0.001743757	0.001545488	0.001455164	0.002466828	0.00403278	0.003305927	0.002932401	0.003758561	0.002787884	0.002031496	0.001661186	0.004210646	0.00124388	0.001892175	0.00363486	0.002115851	0.003815673	0.001301378	0.002352197	0.002822497	0.002018744	0.001775768	0.002411938	0.001588504	0.001961983	0.001898412	0.002479436	0.002106365	0.002523374	0.001245837	0.001809165	0.001635998	0.001468198	0.001019357	0.001709698	0.001828867	0.002029621	0.00195576	0.002165405	0.001439031	0.001537607	0.003744922	0.002756633	0.002000162	0.001535397	0.001328886	0.001879476	0.00130372	0.001561329	0.002017347	0.001648997	0.00136383	0.001605129	0.00231621	0.001965349	0.002073201	0.001206259	0.002838451	0.002719958
12.05.2020 16:44:00	6	0.003820247	0.00437243	0.002388411	0.003227048	0.003028817	0.002899406	0.004597028	0.00389404	0.003486299	0.003510076	0.004315982	0.003323403	0.002734347	0.002636735	0.004022814	0.003609575	0.007602341	0.004206832	0.00139057	0.002921317	0.001631656	0.001496207	0.001193457	0.001595304	0.002109161	0.002200961	0.006076708	0.002762136	0.001900197	0.002162627	0.002947865	0.0015877	0.00172294	0.002492539	0.002477811	0.00186776	0.001136793	0.001296863	0.002461166	0.002379767	0.003189253	0.00281711	0.003450254	0.001616319	0.001516788	0.001457084	0.003536147	0.001062513	0.001691416	0.003070758	0.002119105	0.003882371	0.001175288	0.002205684	0.002222206	0.001686799	0.001623517	0.002257157	0.00148189	0.002151239	0.001652777	0.002101462	0.001911609	0.002386899	0.001210655	0.001516893	0.001227201	0.001429781	0.001317563	0.001558766	0.001559981	0.001722868	0.001890608	0.002092282	0.001381011	0.001645288	0.003288716	0.002478756	0.001977346	0.001381718	0.001304755	0.00147651	0.001308666	0.001466735	0.001825324	0.001982146	0.0009945962	0.0015534	0.001880617	0.001687842	0.001724669	0.0008971578	0.002288323	0.002301209
12.05.2020 19:44:00	9	0.003689266	0.003978141	0.001978008	0.003211899	0.002055668	0.003117776	0.004124186	0.003324586	0.003199392	0.003367967	0.004067193	0.003108979	0.002857335	0.001960784	0.002438432	0.002884828	0.006276244	0.004053246	0.001141423	0.002468554	0.001292785	0.001164734	0.0009836236	0.001509912	0.001832819	0.002050273	0.002464306	0.002257327	0.001609548	0.002069905	0.002287271	0.001260155	0.001264325	0.002040114	0.001858282	0.001335967	0.001092252	0.001149463	0.001789858	0.002114896	0.002551145	0.002117444	0.002441024	0.001437994	0.0015157	0.0008665932	0.003225339	0.001028365	0.0009876419	0.002766681	0.001801275	0.003679325	0.001186454	0.001962213	0.001563637	0.0009189877	0.001379502	0.001661569	0.001620013	0.001754856	0.001117331	0.001745378	0.001575095	0.001930566	0.001198976	0.001453816	0.001141837	0.001381894	0.001157918	0.001138358	0.001275489	0.001680356	0.001550935	0.001701254	0.001145179	0.001468985	0.002815802	0.002390599	0.001194913	0.001094275	0.0009227069	0.001143741	0.001399642	0.001489717	0.001938456	0.001745491	0.0008544269	0.00128289	0.001806099	0.001312068	0.001385911	0.000898755	0.001825656	0.001970853
12.05.2020 22:44:00	12	0.003355339	0.003874202	0.001702504	0.002828765	0.002665048	0.002538476	0.004009921	0.00316414	0.002964189	0.003058153	0.003995303	0.003171024	0.002399975	0.001839835	0.002372494	0.002160657	0.004985083	0.002673247	0.0006686898	0.001756976	0.001500828	0.001241799	0.000829157	0.00129602	0.001580241	0.001267032	0.002068948	0.001830766	0.001386313	0.001440624	0.001534757	0.001061548	0.0008185533	0.00169633	0.001397239	0.001473164	0.0009918056	0.0008260799	0.001705881	0.001580089	0.002346814	0.002065628	0.001934051	0.001161232	0.001396117	0.0008642683	0.002582005	0.001035816	0.0008377661	0.002411429	0.001469315	0.003070715	0.0008786166	0.001731302	0.001152776	0.0008892342	0.001159034	0.001316672	0.001141148	0.00121253	0.001115745	0.001361008	0.001538486	0.001778259	0.0009385251	0.0007889207	0.0009152605	0.00119404	0.001029422	0.0008448262	0.001116362	0.001314714	0.001541557	0.001094957	0.0009755469	0.001183769	0.002301855	0.002333608	0.001213623	0.00105413	0.0007369329	0.0008937774	0.001059846	0.001216654	0.001543574	0.001449626	0.0008357663	0.000956188	0.001618367	0.001153589	0.001059617	0.000565538	0.001532101	0.001681946
13.05.2020 01:44:00	15	0.003204987	0.003649699	0.002070412	0.002771524	0.002969349	0.002431693	0.003990391	0.003128744	0.002845295	0.003468003	0.004075491	0.00317667	0.002074366	0.001733059	0.001858795	0.002420754	0.004579629	0.002396979	0.0008226734	0.00170443	0.001454751	0.001330325	0.001231683	0.001235093	0.001431158	0.00153578	0.001702331	0.002151563	0.001212288	0.001599205	0.002067188	0.0009884548	0.00102259	0.001262652	0.001551933	0.001186556	0.0009626097	0.0009425431	0.001682164	0.001568883	0.0023097	0.002293395	0.002104817	0.001106728	0.001652467	0.001117941	0.00208922	0.001007797	0.00102666	0.002025578	0.001180601	0.002415093	0.0009808096	0.001629863	0.001714866	0.001096531	0.001439658	0.001600788	0.001086809	0.001634691	0.001557194	0.001419393	0.001403535	0.001883292	0.001364847	0.001249884	0.001077247	0.001016621	0.0009806231	0.0007862856	0.001485204	0.001377121	0.001405968	0.001395371	0.001233913	0.001171532	0.002249274	0.002068067	0.000941319	0.0008838309	0.0008385172	0.0009684075	0.00105639	0.001651873	0.001574337	0.001574401	0.00104229	0.001002179	0.001560202	0.001384775	0.001063792	0.000757794	0.001574308	0.001671034
13.05.2020 04:44:00	18	0.005613611	0.007074424	0.004559336	0.006234146	0.004809101	0.00647213	0.007202052	0.005871544	0.006931488	0.007270008	0.008927218	0.006935823	0.004728317	0.005625166	0.004642668	0.005688489	0.007025487	0.005591002	0.003407005	0.00538982	0.005085805	0.00351628	0.004333666	0.003638259	0.001986498	0.003589734	0.004266363	0.005260964	0.003458651	0.004814439	0.01010005	0.004523912	0.005361771	0.003370249	0.003766492	0.003843277	0.003110135	0.002861248	0.005954884	0.004900827	0.006752458	0.005576014	0.006173824	0.004760185	0.005321835	0.004938194	0.006388757	0.003193587	0.003745405	0.004176838	0.003206618	0.003812315	0.005020273	0.004624619	0.008269275	0.004379705	0.005556199	0.00627211	0.005108505	0.005536126	0.01270547	0.005042451	0.002340096	0.004104972	0.003404429	0.006279229	0.005043598	0.00430313	0.003817152	0.002910397	0.004281622	0.002739399	0.002724239	0.004462861	0.003771043	0.002868884	0.003310623	0.004666707	0.003098122	0.003035308	0.003107902	0.004713723	0.00422512	0.006347394	0.003815464	0.00511032	0.003133851	0.003608336	0.004672016	0.004025106	0.003844391	0.003960938	0.004742889	0.004390656
13.05.2020 07:44:00	21	0.01833792	0.02480671	0.01902699	0.02309458	0.01759413	0.02880131	0.0223829	0.02055943	0.03370339	0.03118861	0.03730223	0.02950865	0.01648873	0.02255856	0.01340672	0.01861553	0.01747866	0.01694559	0.01607326	0.02219196	0.02069025	0.01067981	0.01660329	0.01444194	0.006358759	0.01252128	0.01891705	0.01990535	0.01492035	0.02150523	0.04816783	0.02193349	0.02267435	0.01098849	0.01187529	0.01635205	0.01013837	0.01132976	0.02583597	0.02173814	0.02813821	0.02756713	0.02787683	0.02311747	0.02218037	0.02555858	0.02475959	0.01328997	0.01503795	0.01417509	0.01207749	0.009966457	0.02262968	0.01988142	0.04111493	0.02022246	0.0232774	0.02883768	0.01938768	0.02500716	0.06590457	0.02081746	0.009241344	0.01377345	0.01524863	0.03033091	0.0223625	0.02056218	0.01629512	0.0129048	0.01670627	0.01116304	0.009767425	0.01601249	0.01609142	0.008457561	0.01133355	0.0197581	0.01781608	0.01280654	0.01462972	0.01945066	0.01716869	0.02683246	0.01813367	0.03009208	0.01710141	0.0140394	0.0249349	0.02097232	0.0170887	0.02365401	0.02193261	0.01709243
13.05.2020 10:44:00	24	0.04074814	0.05647368	0.0463525	0.05667727	0.03971076	0.0763755	0.05517751	0.05094867	0.09027166	0.07588971	0.08658615	0.07564773	0.03706458	0.05101705	0.02735102	0.03613928	0.03292464	0.03909602	0.03890414	0.05073805	0.04378529	0.01969574	0.03130069	0.03151329	0.01574953	0.02785343	0.04609031	0.04331477	0.03370953	0.05343952	0.1195164	0.05690477	0.0481295	0.02338506	0.02659722	0.0392418	0.02135953	0.02711067	0.0530145	0.05212132	0.06640961	0.07413048	0.07039241	0.05778861	0.04915382	0.06829627	0.05886452	0.02931456	0.03620553	0.03138963	0.02706137	0.01945988	0.05261956	0.04061487	0.09944157	0.04532231	0.05383638	0.06479884	0.04342794	0.0594359	0.1760625	0.04396655	0.0196228	0.02864114	0.03810198	0.07171355	0.0517333	0.04644732	0.03791595	0.02887218	0.03648669	0.02768404	0.02180934	0.03754073	0.03739917	0.01685429	0.02500115	0.05000794	0.04698391	0.02863672	0.03307224	0.04235896	0.03869199	0.05990914	0.04665544	0.0915501	0.04577485	0.0380677	0.06735224	0.05768535	0.04292491	0.06812955	0.05785237	0.04340008
13.05.2020 13:44:00	27	0.06647588	0.09288044	0.07820643	0.09636614	0.06518034	0.1367217	0.0974917	0.08335261	0.1628122	0.1284302	0.1424049	0.1319303	0.06143606	0.0752493	0.04097962	0.05021141	0.04782164	0.06345454	0.06632043	0.0788736	0.06572857	0.02679615	0.04319496	0.04705947	0.02534131	0.04475864	0.07312836	0.06666601	0.05074663	0.09116324	0.2125382	0.09939609	0.07356948	0.03338272	0.03810703	0.06405307	0.03299612	0.04392678	0.07679442	0.08351112	0.1055353	0.1346333	0.1210345	0.09578401	0.07579628	0.1223394	0.09670545	0.04605715	0.05953514	0.04891619	0.04219014	0.02967839	0.08537578	0.06036221	0.1683337	0.07275668	0.08429349	0.09924051	0.06959865	0.09781554	0.3348886	0.06599952	0.02886669	0.04235306	0.06111041	0.1146138	0.08431506	0.0721299	0.06215323	0.04512563	0.05501578	0.04723213	0.03283071	0.0615916	0.05633097	0.02526229	0.03943828	0.08745797	0.0842255	0.04481203	0.05082499	0.06221644	0.0618372	0.09533624	0.08323296	0.1821284	0.07887904	0.06398235	0.1210014	0.1084614	0.0772187	0.1300871	0.1025386	0.07606333
13.05.2020 16:44:00	30	0.08804657	0.1235871	0.1044623	0.132397	0.08392971	0.1947637	0.1364301	0.1104774	0.2364608	0.1753176	0.1863245	0.1864728	0.08009791	0.09074615	0.04983621	0.05842061	0.05795348	0.08377484	0.09068462	0.09963967	0.08258723	0.03148339	0.04985934	0.05774959	0.03201908	0.05780366	0.09270907	0.08337899	0.06192581	0.1209144	0.3038721	0.1362324	0.09200659	0.04020554	0.04447	0.08439305	0.04053857	0.05740796	0.09209817	0.1092531	0.1342992	0.1991745	0.1653964	0.1300781	0.0942929	0.1695763	0.1267374	0.0603798	0.07772989	0.06067672	0.052096	0.03648061	0.1120142	0.07487083	0.230302	0.0934519	0.1065114	0.1237211	0.08702639	0.1266332	0.5123885	0.0817564	0.03529462	0.05101495	0.07994936	0.1492314	0.1102978	0.09203951	0.08059242	0.05649374	0.06884	0.06260211	0.03999783	0.08172797	0.06865931	0.03075745	0.048811	0.1208371	0.1191197	0.05557742	0.06232191	0.07738943	0.07939127	0.1207184	0.1241416	0.2837225	0.1068946	0.08718488	0.1699702	0.1614733	0.1135505	0.1922226	0.1467641	0.1059068
13.05.2020 19:44:00	33	0.1026042	0.1402261	0.1209818	0.1567839	0.09440652	0.2406677	0.1610808	0.1285963	0.2924215	0.2051292	0.213203	0.2258473	0.09209402	0.09588557	0.0545371	0.06241884	0.06259271	0.09661596	0.1054454	0.1085616	0.09017907	0.03414928	0.05103958	0.06385311	0.0339161	0.06440055	0.1043017	0.09312388	0.06848556	0.1370241	0.3693026	0.1628484	0.1010652	0.04365378	0.04559615	0.09765518	0.0441591	0.06491682	0.09702913	0.1255245	0.150914	0.2584062	0.1939539	0.1537221	0.1036518	0.2014967	0.1426137	0.06669168	0.08902596	0.06784467	0.05710925	0.04013681	0.1263375	0.08069638	0.2741747	0.1089737	0.1186671	0.1380534	0.09613357	0.143399	0.6840379	0.08902	0.03856944	0.05512379	0.08959521	0.1707063	0.1261667	0.1005119	0.09041717	0.061548	0.07657748	0.07125084	0.04190984	0.09409941	0.07341687	0.0331803	0.05329043	0.1392674	0.143109	0.0594326	0.06822313	0.08421818	0.08875252	0.135538	0.1621275	0.3702936	0.1263357	0.1026765	0.2038802	0.2030767	0.1424144	0.2391578	0.1789608	0.1291328
13.05.2020 22:44:00	36	0.1100116	0.1474591	0.1275747	0.167521	0.09907361	0.2723661	0.1750312	0.1367603	0.3238982	0.2193422	0.2241901	0.2466241	0.09759118	0.09594039	0.05587204	0.0609554	0.06234403	0.1011493	0.1126871	0.1135363	0.091838	0.03415047	0.0497193	0.0654648	0.03628314	0.06595705	0.1067637	0.09670962	0.06730115	0.1442209	0.4013313	0.1716975	0.1047757	0.04449451	0.04580225	0.1013184	0.04527713	0.06858555	0.09720822	0.1329152	0.1568135	0.304373	0.2103031	0.1633394	0.1058459	0.2169608	0.1460125	0.0684511	0.09365939	0.06892928	0.05843392	0.0411148	0.1331508	0.08186726	0.2936746	0.1147153	0.1240514	0.1398846	0.09886032	0.1519088	0.8399752	0.08919702	0.03858586	0.05599605	0.09212793	0.176576	0.1309608	0.1030693	0.09443915	0.06417508	0.07691823	0.07431622	0.04163951	0.09850182	0.07430414	0.03306497	0.05487806	0.1470885	0.1560011	0.06035428	0.07049752	0.08593535	0.09406342	0.1387395	0.1918504	0.4385765	0.1363387	0.1088957	0.2216749	0.2299651	0.1609769	0.2682073	0.1976858	0.1425655
14.05.2020 01:44:00	39	0.1103961	0.1464766	0.1272397	0.1671388	0.09740503	0.2828205	0.1763604	0.1356529	0.333018	0.2169423	0.2248072	0.2511886	0.09934517	0.09205332	0.05421222	0.0591721	0.06212307	0.1006808	0.1116647	0.1121392	0.08943505	0.03289025	0.04785067	0.06413697	0.03611955	0.06362709	0.1045681	0.09478422	0.06502764	0.1433088	0.4080343	0.1733463	0.1003589	0.04252346	0.04382068	0.100589	0.04518441	0.06728949	0.09512202	0.1300362	0.1531904	0.3344014	0.2129356	0.1660751	0.1031359	0.2189756	0.1436995	0.06838953	0.09243434	0.06797199	0.05623209	0.04101634	0.1324701	0.07985833	0.2955995	0.1140605	0.1241908	0.1349944	0.09721404	0.1493031	0.9699954	0.08604304	0.0372588	0.05337554	0.09108858	0.1718969	0.1274762	0.0981142	0.09326756	0.06247616	0.07548752	0.07555871	0.03958193	0.09883972	0.07081015	0.03328712	0.0530088	0.1467526	0.1553103	0.0586442	0.069319	0.08225226	0.09239454	0.1366287	0.2123829	0.4726788	0.140144	0.1099359	0.2246136	0.2417624	0.1692821	0.2758489	0.2003808	0.1468395
14.05.2020 04:44:00	42	0.1062483	0.1370471	0.123294	0.1623185	0.09060669	0.2788912	0.1725339	0.1307345	0.3274388	0.2084268	0.2136987	0.2449142	0.09606332	0.08610057	0.05253592	0.05520606	0.05886626	0.09734248	0.1068462	0.1061111	0.08347664	0.03096633	0.04499153	0.05962062	0.03809405	0.06090475	0.0985527	0.08963563	0.06201581	0.1377474	0.3916419	0.1680589	0.0939675	0.03988297	0.04099198	0.09513421	0.04301496	0.06492603	0.08888016	0.1237426	0.1462599	0.3521793	0.2067036	0.160116	0.09795635	0.2124622	0.1351205	0.06407867	0.08834175	0.064225	0.05380691	0.03969381	0.1268302	0.07556938	0.2848277	0.1096255	0.1199524	0.1278232	0.09227983	0.1433623	1.0963	0.08243427	0.0343412	0.05140766	0.08793604	0.1633018	0.1237022	0.0924698	0.0893839	0.06045485	0.07204819	0.07639885	0.0376478	0.09531529	0.06793492	0.03214477	0.04982019	0.1431125	0.1518344	0.05523513	0.06621312	0.0785675	0.08872958	0.1298624	0.2257429	0.4924155	0.1392434	0.1061799	0.2203109	0.2354451	0.168246	0.2718489	0.1971507	0.1445172
14.05.2020 07:44:00	45	0.1010967	0.1280455	0.1155949	0.1535429	0.08526251	0.2642597	0.1635659	0.1213241	0.3083492	0.1925715	0.1979653	0.2291536	0.0898432	0.07980273	0.04934872	0.05169426	0.05572495	0.09052093	0.09970091	0.09683497	0.07677524	0.0295666	0.04241915	0.05283296	0.0370829	0.05671675	0.09307738	0.08311688	0.05713928	0.1279865	0.3726786	0.1570107	0.08610205	0.03743029	0.03822411	0.08973928	0.04020983	0.06056585	0.08200846	0.11451	0.1348389	0.3577599	0.1921613	0.1491369	0.091351	0.2015133	0.1252161	0.05902195	0.08251926	0.06097011	0.05037609	0.03735855	0.1180056	0.07111282	0.2658722	0.1000637	0.1119495	0.1208491	0.08597768	0.1336322	1.202478	0.07684739	0.03184291	0.04804866	0.08098471	0.1504462	0.1150935	0.08508365	0.08396479	0.05524991	0.06688023	0.07520275	0.03592036	0.08855233	0.06289447	0.0302341	0.046344	0.1325846	0.1419019	0.05152327	0.06194302	0.0727125	0.08379466	0.1225687	0.2318257	0.4950145	0.1345635	0.1007575	0.2088862	0.2253642	0.1599682	0.2582936	0.1887409	0.1375519
14.05.2020 10:44:00	48	0.09610613	0.1217451	0.1062759	0.1449825	0.08025383	0.2524903	0.1538244	0.1126894	0.28749	0.1776599	0.1845299	0.2130788	0.08549172	0.07350164	0.04716738	0.0480455	0.05217362	0.08551311	0.0922237	0.09021106	0.07178538	0.02866578	0.03822032	0.04740942	0.03690073	0.05338723	0.08713247	0.07736617	0.05228793	0.1179333	0.3465048	0.147186	0.08066655	0.03365867	0.0355976	0.08294342	0.0370012	0.05778781	0.07812193	0.1073211	0.1270736	0.3648607	0.1788365	0.1389451	0.08627185	0.1875203	0.1172082	0.05552844	0.07728223	0.05783711	0.04694512	0.03506479	0.1078824	0.06544607	0.2496326	0.09223605	0.1025187	0.1133279	0.08013488	0.1279515	1.307154	0.07049967	0.0288208	0.0450598	0.07647951	0.1386088	0.1069332	0.07786756	0.08008463	0.05208912	0.06303058	0.0750591	0.03406008	0.08367448	0.06023305	0.02806093	0.0446424	0.1233441	0.1322937	0.04759736	0.05782443	0.0687839	0.07846092	0.1127419	0.2392848	0.4901302	0.1280373	0.0926429	0.1939374	0.2142027	0.1506635	0.2439087	0.1771694	0.1309952
14.05.2020 13:44:00	51	0.08803937	0.1098744	0.09558723	0.1314188	0.07220255	0.2268897	0.1393721	0.1016322	0.2575631	0.1589783	0.1675742	0.1923526	0.07703988	0.06604102	0.04331211	0.04313875	0.04712893	0.07684723	0.08123989	0.08102156	0.06340005	0.02661573	0.03448665	0.04400827	0.03559678	0.0489946	0.07933349	0.07017744	0.04713494	0.1042686	0.3086182	0.1341019	0.0729837	0.03111807	0.03305566	0.07364402	0.03373263	0.05143955	0.07054166	0.09537924	0.1150847	0.3496708	0.158219	0.1261106	0.0775484	0.1698885	0.1067528	0.05078674	0.06968129	0.05173751	0.04314091	0.03228386	0.0970566	0.0587453	0.2213179	0.08285079	0.09171708	0.1035516	0.071649	0.115904	1.338569	0.06479857	0.02521609	0.04125982	0.06802596	0.1250074	0.09571293	0.0711113	0.07153282	0.04733977	0.05670846	0.07131492	0.03088954	0.07535226	0.0557996	0.02518123	0.03928085	0.1100016	0.1202967	0.04314902	0.0528747	0.0633001	0.07109278	0.1022389	0.2345477	0.4712719	0.1185004	0.08382135	0.1757646	0.1919249	0.1385128	0.2190962	0.1605121	0.1188784
14.05.2020 16:44:00	54	0.08264524	0.0991132	0.085413	0.1192659	0.06700815	0.2053204	0.1251259	0.09212554	0.2338441	0.1445359	0.1532296	0.1729098	0.0705814	0.06026811	0.04004739	0.04071085	0.04188984	0.07018739	0.07295737	0.07362235	0.05770546	0.02494899	0.032596	0.04075184	0.03416671	0.04542227	0.07232381	0.06429307	0.04318985	0.09547358	0.2785914	0.1220043	0.06503504	0.02873088	0.03069977	0.06812239	0.03148655	0.04688832	0.06466451	0.08684161	0.103093	0.3378761	0.1424562	0.113966	0.07034747	0.1533886	0.09725311	0.04684819	0.06407724	0.04760491	0.03979257	0.0288578	0.08918931	0.05471498	0.1959026	0.07563092	0.0813718	0.09532755	0.0652318	0.1059503	1.367587	0.05985117	0.02337029	0.03886283	0.06249233	0.1127104	0.08554704	0.0647347	0.06549469	0.04351506	0.0517354	0.06948165	0.03008482	0.06919128	0.0517661	0.02362291	0.0346069	0.1025339	0.1096055	0.04017425	0.04910215	0.0583195	0.06476384	0.09337847	0.2335296	0.4434372	0.1054236	0.07709783	0.1602388	0.1753158	0.1271578	0.1984534	0.1470787	0.1075912
14.05.2020 19:44:00	57	0.07355531	0.08977827	0.07655033	0.106261	0.0609786	0.1846639	0.1123725	0.08335104	0.2094231	0.1314167	0.1409899	0.1573485	0.06451526	0.05544095	0.03720886	0.03663478	0.03799348	0.06288613	0.06580493	0.06631096	0.05271525	0.02324509	0.03004505	0.03716072	0.03204933	0.04137191	0.06517639	0.05811319	0.03909983	0.08683702	0.245969	0.1086918	0.05897287	0.02559784	0.02786319	0.05996371	0.02944424	0.04282679	0.05827482	0.07770074	0.0919102	0.322827	0.1261498	0.1030202	0.06214333	0.1378482	0.08733344	0.04242153	0.05727813	0.04357677	0.03574386	0.02715669	0.07919502	0.04791258	0.1752919	0.06888442	0.07315437	0.08655096	0.05949863	0.09643075	1.354986	0.05299328	0.02139792	0.03721019	0.05782498	0.1024635	0.07574918	0.05746178	0.05940833	0.03879317	0.04630199	0.06511999	0.02952461	0.06220663	0.0474763	0.02165868	0.03201129	0.09257513	0.09933455	0.03684678	0.04508929	0.0528963	0.05868968	0.08399559	0.2290468	0.4180384	0.09790706	0.06956112	0.1453065	0.1560896	0.1160141	0.1785195	0.1321713	0.0973987
14.05.2020 22:44:00	60	0.06781419	0.08086232	0.0693858	0.09774583	0.05690427	0.1652874	0.1016278	0.07581533	0.1891083	0.1180198	0.1287591	0.1425284	0.05968579	0.0513637	0.03485011	0.03450618	0.03464541	0.05691532	0.0601991	0.05863093	0.04878642	0.02169746	0.02835348	0.03504369	0.03106866	0.03675188	0.06004479	0.05210695	0.03576636	0.07929704	0.2193814	0.09617334	0.05431972	0.02451786	0.02580376	0.05540597	0.02717484	0.03920284	0.05421688	0.07061978	0.08303726	0.3071381	0.1142229	0.09102082	0.05617866	0.1227638	0.07998004	0.03940943	0.05234811	0.04007866	0.03256269	0.02616442	0.07261734	0.04539553	0.1594442	0.06365468	0.06673191	0.07926007	0.05414649	0.08924067	1.325677	0.04876042	0.02033896	0.03503289	0.05317414	0.09169712	0.06932877	0.05287271	0.05417049	0.03480763	0.04290841	0.06023806	0.0286282	0.0568131	0.04394598	0.02070501	0.02966224	0.08290071	0.09070637	0.03430919	0.04166196	0.04868066	0.05353251	0.07727036	0.2258439	0.3906466	0.08966949	0.06477876	0.1317724	0.1401722	0.105193	0.1586979	0.120084	0.0888048
15.05.2020 01:44:00	63	0.06250439	0.07485634	0.06361884	0.08994886	0.05223084	0.1485189	0.09233498	0.0693783	0.1708625	0.107584	0.1187301	0.1303766	0.05444587	0.04671669	0.03184304	0.03184925	0.03184361	0.05216371	0.05537745	0.05295804	0.04518777	0.02101171	0.02736177	0.03234078	0.03054736	0.03358582	0.05406493	0.04812524	0.03323969	0.07053058	0.1905849	0.08691634	0.04944569	0.0235707	0.02392554	0.05095493	0.02565892	0.03644645	0.04980134	0.06344254	0.0751616	0.2936392	0.1034384	0.08238546	0.05146858	0.1105349	0.07206223	0.0373889	0.04860484	0.03756211	0.03061561	0.02469267	0.06600502	0.04262885	0.1428503	0.05794753	0.06060574	0.07234644	0.04881603	0.082446	1.279475	0.04425955	0.01924522	0.0340986	0.04947122	0.08470168	0.06388059	0.04832949	0.0500448	0.03231445	0.03990788	0.05682244	0.02780343	0.05125888	0.04176471	0.02064297	0.02752298	0.07672092	0.08265182	0.0318332	0.0392076	0.04473656	0.04904003	0.0711125	0.2190286	0.3564468	0.08429059	0.05941552	0.1212266	0.1270526	0.09523865	0.1430217	0.1060468	0.08083209
15.05.2020 04:44:00	66	0.05731715	0.06924651	0.05804991	0.08093428	0.04796568	0.133064	0.08237026	0.06356873	0.1554652	0.0995072	0.1083327	0.1198713	0.05043443	0.04327651	0.03061905	0.0306487	0.02919576	0.04706474	0.05076625	0.04914252	0.04227903	0.02030871	0.0261806	0.03027778	0.03060291	0.03122655	0.04968117	0.04409548	0.03129459	0.06449347	0.1708662	0.07981666	0.04497333	0.02241474	0.02274035	0.0467162	0.02494713	0.03341126	0.0458033	0.0588941	0.06831779	0.2826708	0.0930321	0.07585461	0.04619624	0.1002902	0.0648212	0.0348824	0.04565115	0.03582897	0.02852852	0.02368831	0.0608344	0.03834155	0.1250863	0.05234104	0.05574933	0.06771713	0.04451489	0.07662071	1.232614	0.04192298	0.01803206	0.03286374	0.04583331	0.07905793	0.05832536	0.04538912	0.04632448	0.0295489	0.03675461	0.05502242	0.02746776	0.04803624	0.03994928	0.0193285	0.02620701	0.06988622	0.07539286	0.02992927	0.03694833	0.04133742	0.04499628	0.06627262	0.2139148	0.3318989	0.07964127	0.05468494	0.1113391	0.1129136	0.08552919	0.1301989	0.09383659	0.07357208
15.05.2020 07:44:00	69	0.05436886	0.06427949	0.05282999	0.0737259	0.04470631	0.1213824	0.07576383	0.05935252	0.1417935	0.09206839	0.1022163	0.109157	0.04771867	0.04067677	0.02895695	0.02923366	0.02642663	0.04308274	0.04639893	0.04456096	0.03953242	0.01949381	0.02462059	0.02935365	0.03022202	0.02933521	0.04487311	0.03994814	0.02950221	0.05997646	0.1557773	0.07304212	0.04180367	0.02078533	0.02094844	0.04355194	0.02393979	0.03093405	0.04245213	0.05380988	0.06191913	0.2689306	0.08466674	0.07034552	0.04286299	0.09384868	0.0593708	0.03392546	0.04303626	0.03412834	0.02682124	0.02259364	0.05531433	0.03539295	0.1136602	0.04752756	0.05239157	0.06247402	0.04132488	0.07035381	1.189046	0.03893514	0.01734743	0.03180755	0.04302108	0.07223473	0.05411156	0.04115911	0.04251638	0.02645475	0.03473458	0.0529024	0.02860842	0.04485229	0.03836747	0.0190998	0.02590216	0.06490345	0.06965034	0.02773869	0.03456071	0.03915565	0.04165255	0.06147979	0.2086755	0.309914	0.07517212	0.05088635	0.1030958	0.1031967	0.07847945	0.1168399	0.08508359	0.06694154
