Vessel Name: 13042020_InCu_KaKr_KK1-57_P5_1
Metric: GFP Integrated Intensity / RFP Integrated Intensity
Cell Type: 
Passage: 0
Notes: 
Analysis: KaKr-A549-H2B-GFP/-RFP_DEFv10

Date Time	Elapsed	AC005013.1	ACO1	ADAM12	ADAMDEC1	ADAR	ADORA3	AIM2	AKAP2	ALOX5AP	ANKRD22	APOBEC3A	APOBEC3G	APOL1	APOL2	APOL3	APOL4	APOL6	ARAP1	ARL9	ASGR1	ATF3	ATF7IP	ATXN1	BATF	BATF2	BRD3	C19orf66	C6orf100	C9orf91	CAPN15	CASP1	CBFA2T3	CCL13	CCL2	CCL24	CCL7	CCL8	CCNA1	CCR1	CCR2	CD180	CD274	CD38	CD69	CD80	CEACAM1	CFB	CFHR1	CH25H	CHST2	CLEC5A	CLECL1	CMKLR1	CMPK2	CNP	CTAGE1	CX3CR1	CXCL10	CXCL11	CXCL3	CXCL9	CYP2J2	DCT	DDX58	DDX60	DDX60L	DEFB1	DHX58	DOK1	DOK2	DOK3	DTX3L	DUSP7	EMP1	EMR3	ENG	ENPP2	EPHB2	EPSTI1	ETV7	EVI2A	STAT1	MAVS	BST2	EIF2AK2	RSAD2	NTC1	NTC2	NTC3	NTC4	NTC5
13.04.2020 19:20:00	0	0.004815591	0.004563063	0.00341233	0.002621592	0.003687022	0.00208939	0.002386817	0.002567525	0.01611649	0.003790347	0.002174506	0.01133463	0.004258333	0.005163167	0.005719709	0.005815443	0.01132803	0.005194953	0.02750107	0.005708952	0.005594741	0.01657334	0.003736106	0.01176953	0.002178508	0.01911303	0.00980148	0.002942754	0.002868079	0.002469182	0.002275314	0.002987186	0.001550546	0.003172713	0.001770277	0.02504906	0.01645582	0.00364569	0.01224945	0.00294212	0.002515024	0.004269107	0.002378643	0.003531127	0.00853085	0.003064812	0.004141043	0.003363027	0.003214236	0.005051429	0.003151971	0.002035173	0.006833889	0.003356175	0.002353989	0.002876206	0.002603086	0.002992201	0.007040236	0.004535188	0.006089545	0.01780039	0.01965218	0.005339871	0.002479661	0.01134442	0.002037836	0.002447485	0.003415846	0.002231557	0.003519669	0.003287882	0.02301121	0.002868052	0.002314615	0.003658867	0.002384494	0.01604593	0.003213462	0.002804024	0.002507568	0.002962816	0.002895057	0.003126803	0.003717721	0.002271836	0.002506705	0.003004939	0.003011987	0.005402762	0.00340693
13.04.2020 22:20:00	3	0.003639879	0.003282568	0.002364696	0.002950113	0.003199184	0.001564192	0.001905141	0.002312722	0.007465056	0.003395304	0.001572357	0.005853795	0.003419102	0.004376978	0.005441333	0.004556656	0.006595416	0.004439935	0.01933309	0.004014911	0.004410665	0.009326066	0.003232518	0.00500282	0.001496359	0.01196592	0.003670456	0.002559449	0.002382723	0.001766306	0.002018241	0.001748299	0.001371539	0.002996568	0.002052475	0.01307741	0.0109398	0.003179734	0.007684322	0.002141241	0.002059626	0.003859582	0.001911671	0.003228448	0.006730305	0.002445654	0.003106704	0.003156862	0.00278181	0.004439957	0.002227316	0.002670043	0.004506075	0.002819558	0.002100236	0.002534998	0.002255367	0.002292863	0.006188327	0.003366034	0.00393511	0.009922905	0.01301551	0.004841893	0.002005055	0.00761333	0.001891762	0.002227863	0.003185332	0.00197719	0.003024873	0.002504128	0.01535018	0.002715766	0.002213284	0.002990521	0.002157668	0.01026603	0.002646599	0.002504041	0.002252308	0.002356396	0.002713664	0.002369866	0.002988237	0.002314395	0.002562625	0.002338532	0.002379881	0.004371125	0.002915201
14.04.2020 01:20:00	6	0.003564767	0.002676611	0.001730337	0.002653318	0.002953966	0.001431637	0.001891876	0.001705865	0.003207247	0.003244219	0.001652125	0.002844416	0.002783926	0.003376791	0.004558668	0.003316115	0.003372171	0.004865892	0.01239954	0.00340048	0.003312172	0.004129544	0.002702045	0.002313204	0.001344302	0.006169465	0.002815274	0.002264967	0.002270311	0.001803377	0.001868652	0.001707929	0.0009853737	0.002419394	0.001649413	0.004917823	0.005215656	0.002840856	0.005253667	0.001705212	0.002172773	0.003362443	0.001708041	0.002677475	0.005259641	0.002219974	0.002783732	0.002571027	0.00249667	0.003788335	0.002413744	0.002201773	0.003568533	0.002082018	0.001710826	0.001820602	0.001699585	0.001947602	0.004571722	0.002800405	0.002502087	0.005792113	0.008556378	0.004142827	0.001811343	0.00285257	0.001352802	0.001606532	0.003129462	0.002017189	0.002533761	0.002167765	0.01096434	0.002278156	0.002030106	0.002249171	0.001856274	0.005906594	0.002529914	0.002315927	0.001771961	0.002192528	0.002252958	0.001922266	0.002959568	0.001942006	0.001796062	0.001678367	0.002398832	0.003777668	0.002188514
14.04.2020 04:20:00	9	0.003109033	0.002174668	0.0015918	0.002961677	0.002421924	0.001572211	0.001714483	0.001731711	0.002094553	0.003131929	0.001485074	0.001758656	0.002672134	0.002671943	0.003784869	0.003644197	0.002658653	0.003259583	0.00699887	0.003192641	0.002713813	0.002112404	0.002026502	0.001944666	0.001319284	0.003078253	0.002387498	0.00221908	0.001957166	0.001444098	0.001595263	0.001851542	0.0009603045	0.002297487	0.001712547	0.002488805	0.00268445	0.002739294	0.004260288	0.001584305	0.001595093	0.002453421	0.001521448	0.001890947	0.004067634	0.00199066	0.002618981	0.00220778	0.00239196	0.0037445	0.00183312	0.001929899	0.003362518	0.002334415	0.001733719	0.001534962	0.001610158	0.001842678	0.003648348	0.002487323	0.001881252	0.003943681	0.004084289	0.003485476	0.00169552	0.001919894	0.001325136	0.001484513	0.002593203	0.001825934	0.00257675	0.001793456	0.006599255	0.002216513	0.001855377	0.002326614	0.001483089	0.003389511	0.002070858	0.00213023	0.001611589	0.001859756	0.002164786	0.001786686	0.002627344	0.001694889	0.001736321	0.001831765	0.0020464	0.003214478	0.002217942
14.04.2020 07:20:00	12	0.002565992	0.002135465	0.001414759	0.001789155	0.002087899	0.001219728	0.001473831	0.001288146	0.001856693	0.003136974	0.001411315	0.001455586	0.002344596	0.002240729	0.003631845	0.00332461	0.001985971	0.003122608	0.00410418	0.002680133	0.002371364	0.001797204	0.002057378	0.001904136	0.001211756	0.001691598	0.002142972	0.002013457	0.00192076	0.001249067	0.001526075	0.001290573	0.00081583	0.002330325	0.001616911	0.001911372	0.002022609	0.002398826	0.003314585	0.001302063	0.001619967	0.002469923	0.001246432	0.001957273	0.003655378	0.001737738	0.002361313	0.00217626	0.001975958	0.003092248	0.00175024	0.001412387	0.002778813	0.001740448	0.001644097	0.00152612	0.001442807	0.001867519	0.003306903	0.002420004	0.00188898	0.00243408	0.001610586	0.003123473	0.001684301	0.001788836	0.00118354	0.001434046	0.002121521	0.001881183	0.002327307	0.00148853	0.001654595	0.001896052	0.00165713	0.00189877	0.001269636	0.001727692	0.002011987	0.001940632	0.001543819	0.001729234	0.002238741	0.002036639	0.002556667	0.00164686	0.001621525	0.001392231	0.001803963	0.003213764	0.001785806
14.04.2020 10:20:00	15	0.002505906	0.00234763	0.002271832	0.002073812	0.002961819	0.00179871	0.001998809	0.001801564	0.001876661	0.002924326	0.001516839	0.002233202	0.002607546	0.003202194	0.003772182	0.003153063	0.002655333	0.003483083	0.002425127	0.00293312	0.002744049	0.002534157	0.002206461	0.001977603	0.002366852	0.002163661	0.002418371	0.00254789	0.002421623	0.00227808	0.002319645	0.00204291	0.001282399	0.002457794	0.001957241	0.002315488	0.002072215	0.003706638	0.004400586	0.001801962	0.002342036	0.003216277	0.002174771	0.002507192	0.004161596	0.001965393	0.002946422	0.002615079	0.002805494	0.003108973	0.002710048	0.002277398	0.002157951	0.002448404	0.002973851	0.001884279	0.001400155	0.002518748	0.00342811	0.003000776	0.001574003	0.003185812	0.003069636	0.003645521	0.002412235	0.003104512	0.002187891	0.002354529	0.003107052	0.00209645	0.002440169	0.001933609	0.001737319	0.002644974	0.001971959	0.001901269	0.002158816	0.001594165	0.001872423	0.002656472	0.002262717	0.002313702	0.002519223	0.002446034	0.002865022	0.00214102	0.002228574	0.001747716	0.002409417	0.003699691	0.001926483
14.04.2020 13:20:00	18	0.005700708	0.006146889	0.01007996	0.008607818	0.01003464	0.006184328	0.009012465	0.006963387	0.00638546	0.008574093	0.007459691	0.009297231	0.009695604	0.01517421	0.01182407	0.01253984	0.01332365	0.01239231	0.01446949	0.01114855	0.01026785	0.01385924	0.009286267	0.009145707	0.01673588	0.01201273	0.007199726	0.01222578	0.0132414	0.01373304	0.01339095	0.01084004	0.007431042	0.007754637	0.008338188	0.01227901	0.003994463	0.01872097	0.0131876	0.00861034	0.01174353	0.01468223	0.01353565	0.01260857	0.01332719	0.005308432	0.009765307	0.01178455	0.01075938	0.01024547	0.01620519	0.0136569	0.007513579	0.009472104	0.01445169	0.009665778	0.005043141	0.009086387	0.009415485	0.01218744	0.005015927	0.0126197	0.01341646	0.01947967	0.0128581	0.01637814	0.01213916	0.007565562	0.01244809	0.006614492	0.006747336	0.007400151	0.003964969	0.009914081	0.01049278	0.004470266	0.01498511	0.002633382	0.003304074	0.01130293	0.009169283	0.008435506	0.007487976	0.009167035	0.008256015	0.01090208	0.01251516	0.007753257	0.01125857	0.01088866	0.009214311
14.04.2020 16:20:00	21	0.01934659	0.0217058	0.03550971	0.03414767	0.04020419	0.02305387	0.03411991	0.02542938	0.02387322	0.02212236	0.02968222	0.03529206	0.03296945	0.04881807	0.0346169	0.04063259	0.04395354	0.0456262	0.0637365	0.04156749	0.03378681	0.04987549	0.03309052	0.03180864	0.0639663	0.04212735	0.01762674	0.04271126	0.04944908	0.04651611	0.05515403	0.03712812	0.02504569	0.02668188	0.02911568	0.04379453	0.01508204	0.05949097	0.03448479	0.03162589	0.04252997	0.05572937	0.04960857	0.0433309	0.04783932	0.01643047	0.03224923	0.03504155	0.02668267	0.02850608	0.05778908	0.05746404	0.03802371	0.03519651	0.04540158	0.03748333	0.01898581	0.02684468	0.03049573	0.03688089	0.01927	0.03577752	0.04011259	0.07695761	0.04885735	0.05407074	0.04042097	0.02302785	0.03694443	0.0182567	0.02193145	0.02627079	0.01446961	0.0353454	0.04023692	0.02140903	0.04951664	0.0103333	0.01173703	0.034877	0.03096121	0.03464971	0.02973267	0.03629513	0.0307131	0.04862862	0.05196341	0.0303248	0.04120286	0.03605085	0.03441786
14.04.2020 19:20:00	24	0.04060833	0.04825091	0.06730592	0.07558651	0.09148468	0.05302068	0.0728474	0.05359371	0.04977285	0.03906231	0.06264775	0.07232608	0.06427029	0.09481569	0.0648547	0.07965576	0.08938457	0.09941049	0.1391518	0.09413992	0.06793188	0.1003353	0.07036301	0.0655484	0.1351024	0.08404098	0.02920791	0.09018409	0.1129783	0.08773348	0.1164615	0.07073896	0.04831043	0.05182085	0.0588636	0.08869173	0.03804191	0.1147831	0.05895139	0.0661116	0.09321865	0.1163864	0.1006389	0.08356798	0.09594607	0.0336651	0.06439479	0.06459305	0.04669774	0.05082605	0.1170757	0.1211979	0.1059227	0.07475708	0.08846903	0.08464656	0.04119457	0.0512995	0.06062939	0.06366223	0.0427057	0.06490334	0.07792605	0.1817262	0.09647695	0.1007116	0.07654294	0.04244199	0.06580248	0.03367571	0.04109021	0.05246082	0.03451843	0.07446517	0.08640452	0.05746376	0.09394463	0.02621767	0.02986685	0.06321847	0.06311885	0.08205474	0.07306847	0.0808954	0.07130871	0.1118284	0.1195424	0.0672622	0.08236856	0.08223055	0.07626418
14.04.2020 22:20:00	27	0.06220978	0.07252194	0.09468222	0.1176597	0.1436167	0.08431517	0.113208	0.08183699	0.07340734	0.05209224	0.09427544	0.1086375	0.09216487	0.1373303	0.09059168	0.1153388	0.1331027	0.1591327	0.2135326	0.1500742	0.1013545	0.1480474	0.1075598	0.09468351	0.2022288	0.1214284	0.03646319	0.134103	0.1805408	0.1269773	0.1767544	0.09841506	0.06711196	0.0735355	0.08353844	0.1273235	0.06549016	0.1663971	0.07602617	0.09843493	0.1439467	0.177644	0.15565	0.1226025	0.1439115	0.04994843	0.09563779	0.0893703	0.06060373	0.06550223	0.1755157	0.1818958	0.1963701	0.116177	0.1231203	0.1349223	0.0652815	0.07124228	0.09095965	0.08432461	0.06624105	0.08744874	0.1119966	0.319632	0.1435568	0.140581	0.1064944	0.05684249	0.09024166	0.04470623	0.05735214	0.07561424	0.05651472	0.1130686	0.1282271	0.1085168	0.1316103	0.04837754	0.04835265	0.08541139	0.09321338	0.1410913	0.1282044	0.1252691	0.1133232	0.1792377	0.1996807	0.1044034	0.1192986	0.1398284	0.1209159
15.04.2020 01:20:00	30	0.07794753	0.09020923	0.1122814	0.1479161	0.179617	0.1093258	0.1472938	0.1011846	0.09241915	0.05768547	0.1190365	0.1364917	0.1089935	0.1666109	0.1079895	0.1407327	0.167583	0.208099	0.2749381	0.1926914	0.1228967	0.1842708	0.1338637	0.1138188	0.2566049	0.1461365	0.04002362	0.1698493	0.2391292	0.1561953	0.2243838	0.1168517	0.07882984	0.08526674	0.09954727	0.1533104	0.09019805	0.2050952	0.08582294	0.1189197	0.1858202	0.2229	0.1942097	0.1490021	0.1784467	0.06084612	0.1186498	0.1056364	0.06998267	0.07325679	0.2178981	0.2227728	0.2904756	0.1478954	0.1455188	0.1802218	0.08224505	0.08356247	0.114964	0.09474178	0.08401839	0.1005813	0.133211	0.4603057	0.1764211	0.1653873	0.126351	0.06391705	0.1047908	0.05138134	0.06846169	0.09381082	0.0732804	0.1408091	0.1573391	0.1636394	0.1606567	0.06872781	0.06354331	0.09716104	0.1116683	0.19803	0.1809127	0.1594437	0.1471201	0.2388407	0.2709543	0.1354422	0.1471861	0.1944145	0.1568427
15.04.2020 04:20:00	33	0.08692962	0.09858077	0.1208626	0.1661373	0.2013469	0.1253579	0.1686191	0.111148	0.1031168	0.06009096	0.1339905	0.152842	0.1164818	0.1802484	0.1168042	0.1517448	0.1892244	0.2381442	0.3119963	0.2195328	0.1329462	0.2033276	0.1469782	0.1226517	0.2860951	0.1573083	0.04111279	0.1862621	0.2755191	0.1734761	0.2517523	0.1258132	0.08488875	0.09136538	0.1088198	0.167177	0.1084416	0.2233226	0.08859053	0.1310593	0.2119818	0.2511213	0.2200881	0.1633203	0.1960783	0.06559841	0.1312026	0.113128	0.07173905	0.07528083	0.2425445	0.2422092	0.3601303	0.1641583	0.155803	0.2074106	0.09185687	0.08890028	0.1282724	0.0998659	0.09399977	0.1049474	0.1437351	0.5793178	0.1930583	0.1778232	0.1364804	0.0666073	0.1107727	0.05434182	0.07317241	0.1008989	0.08461805	0.1553763	0.1709237	0.2083969	0.1764422	0.08367281	0.07404271	0.1003118	0.1230096	0.238924	0.22303	0.1796879	0.1675292	0.2767727	0.3223851	0.1550648	0.16556	0.2369881	0.179095
15.04.2020 07:20:00	36	0.08891812	0.1011455	0.121879	0.1726268	0.2066337	0.134152	0.1780563	0.1164753	0.1066075	0.05887851	0.1374058	0.1574927	0.1172091	0.1838325	0.1198011	0.1541687	0.1974423	0.248944	0.3288233	0.2288502	0.135513	0.2074828	0.1519516	0.1223869	0.2972874	0.1577785	0.0404159	0.190172	0.2871243	0.1774255	0.2629241	0.1242677	0.08413972	0.09135578	0.1088056	0.1699675	0.1179811	0.2296989	0.08670533	0.1313701	0.2199535	0.2612755	0.2256289	0.1656479	0.2010474	0.06707039	0.1342931	0.1133451	0.07106914	0.07458029	0.245237	0.2487792	0.39934	0.1685779	0.1588217	0.2193998	0.09560827	0.08920076	0.1344665	0.09868331	0.09704524	0.1034337	0.1466789	0.6603577	0.1993863	0.1793797	0.1369446	0.06507856	0.1075827	0.05467064	0.07241306	0.1018749	0.08763669	0.1602347	0.175643	0.233419	0.1774133	0.09319199	0.07817762	0.09982092	0.1240914	0.2658379	0.251224	0.1901797	0.1761177	0.2898617	0.346505	0.1614085	0.1700182	0.2595927	0.1911816
15.04.2020 10:20:00	39	0.08842871	0.09942044	0.1180113	0.1735919	0.2012862	0.1331999	0.1744049	0.1129155	0.1050466	0.05585724	0.1364142	0.1555819	0.1140858	0.1757702	0.1174578	0.1511507	0.1957504	0.2430369	0.323991	0.2269228	0.1315273	0.2029868	0.1489377	0.1189202	0.2917656	0.1522125	0.03872741	0.1853147	0.2827214	0.1727076	0.2587867	0.1207274	0.08046152	0.08714809	0.1051914	0.1643018	0.1193547	0.2242016	0.08293059	0.1280098	0.2184036	0.2555231	0.2232777	0.1607544	0.1970793	0.06566607	0.1323085	0.1095243	0.06849388	0.07200029	0.2435699	0.2419164	0.4146772	0.1660152	0.1545488	0.2155869	0.09350102	0.08647849	0.1322501	0.09624399	0.09454777	0.1000675	0.1403784	0.7130165	0.1952328	0.1710908	0.1306931	0.0628249	0.103311	0.05327876	0.06915776	0.09788845	0.08677831	0.1570282	0.1726695	0.243811	0.1752048	0.09589047	0.07911114	0.09556016	0.1226133	0.2816333	0.2620802	0.1940551	0.1724993	0.2904937	0.3515771	0.1606102	0.1652686	0.2659496	0.1912124
15.04.2020 13:20:00	42	0.08384138	0.09593835	0.109344	0.1644434	0.1938473	0.1293786	0.167318	0.1092926	0.1004422	0.05273598	0.1293168	0.1483181	0.1076264	0.165525	0.1131458	0.1421061	0.1892411	0.2308408	0.3120425	0.219589	0.1239106	0.1913513	0.1421502	0.1117789	0.2759896	0.1422468	0.03698792	0.1748844	0.2721678	0.1636989	0.2482867	0.1141827	0.07437234	0.08260994	0.09780042	0.1549634	0.117987	0.2133678	0.0780075	0.120153	0.2085845	0.2435762	0.2087234	0.151326	0.1898316	0.06199598	0.1271494	0.1030255	0.06346965	0.06801872	0.232297	0.2307355	0.4047862	0.1576273	0.1447682	0.2071868	0.08965082	0.08151246	0.1272381	0.08926751	0.09079834	0.09334675	0.1305778	0.7262356	0.1835795	0.1591053	0.122244	0.05958668	0.09831015	0.05040704	0.06409805	0.09377562	0.08380576	0.1486789	0.1627482	0.2389826	0.1640588	0.09440996	0.0771571	0.08999005	0.1164643	0.285889	0.2699177	0.1817813	0.1647141	0.278488	0.3416722	0.1551524	0.1584314	0.2624177	0.1840332
15.04.2020 16:20:00	45	0.07990856	0.09062672	0.1028811	0.1535889	0.1869344	0.1219947	0.1549599	0.1046944	0.09405848	0.05028057	0.1204036	0.1355118	0.1017114	0.1535007	0.1082942	0.1367864	0.1765181	0.2187143	0.291096	0.2046696	0.1143246	0.1803125	0.1339217	0.1046545	0.2577618	0.1312146	0.03541718	0.1651412	0.2571372	0.154726	0.2361268	0.1072334	0.06987078	0.07619141	0.09115191	0.1430525	0.1138282	0.1988844	0.07074908	0.1093017	0.19235	0.2256788	0.196263	0.1407301	0.1797884	0.06052222	0.1219395	0.09591816	0.05996053	0.06317982	0.2158232	0.2207826	0.3903298	0.1470884	0.1333636	0.1943	0.08316644	0.074343	0.117827	0.0819203	0.08525433	0.08572721	0.1205345	0.7301772	0.1735109	0.1533945	0.1143128	0.05524547	0.09245864	0.05064369	0.06011165	0.08752122	0.07897945	0.1412458	0.1567193	0.2329603	0.1568495	0.09100978	0.07426843	0.08478177	0.1099371	0.2829117	0.2623916	0.1761966	0.1557696	0.2627283	0.3300745	0.1486692	0.1500441	0.2563024	0.173723
15.04.2020 19:20:00	48	0.07277373	0.0827558	0.09386089	0.1423299	0.1769362	0.1133784	0.1421705	0.09750676	0.08808453	0.04616712	0.1122459	0.1245042	0.09175923	0.1398498	0.1009677	0.1263991	0.1606222	0.200093	0.2653239	0.1885405	0.1054876	0.1634201	0.122954	0.09645776	0.2368288	0.1210344	0.03282486	0.1511205	0.2376197	0.1431127	0.2174466	0.098902	0.06450675	0.07072893	0.08344697	0.131689	0.105923	0.1820722	0.0653525	0.1005852	0.1749356	0.2044916	0.1813846	0.1295519	0.1664128	0.05716017	0.1105537	0.08734827	0.05446144	0.05872889	0.1991226	0.2033657	0.3644508	0.1331738	0.1217704	0.177987	0.07765519	0.06805318	0.1077316	0.07441896	0.07812133	0.07856728	0.1100751	0.7046127	0.158189	0.1417046	0.1045246	0.04982681	0.08626041	0.04705135	0.05571916	0.08125513	0.07327988	0.1291527	0.1441829	0.2153995	0.1413574	0.08448205	0.07015509	0.07693907	0.1023739	0.2728982	0.2506	0.1674471	0.142084	0.2439666	0.3084843	0.1390137	0.1392543	0.2403824	0.1596141
15.04.2020 22:20:00	51	0.06620077	0.07523379	0.0879853	0.1290724	0.1607728	0.1033313	0.1279371	0.08839876	0.08141999	0.04109023	0.1014583	0.1125935	0.08389359	0.1267666	0.0917255	0.1152916	0.1472096	0.1816129	0.2441431	0.1717811	0.09494512	0.1487119	0.1125816	0.08739702	0.2132807	0.1089617	0.02999281	0.1365214	0.2163138	0.1306146	0.1940006	0.08755559	0.05933951	0.06402334	0.07678423	0.1216755	0.09730589	0.1629212	0.05839583	0.0904901	0.1562005	0.1833654	0.1613566	0.1177082	0.1472238	0.05232952	0.1002439	0.07960752	0.04953201	0.05356469	0.1833199	0.185951	0.3309982	0.120331	0.1118685	0.1620767	0.07058827	0.06192961	0.0980775	0.06827305	0.06981035	0.0713743	0.1005791	0.6598135	0.1422597	0.1270398	0.0943395	0.04484431	0.07879227	0.04285919	0.05094821	0.07331354	0.06566308	0.1179463	0.1315923	0.1940223	0.1289059	0.07865137	0.06423486	0.07082504	0.09555726	0.256916	0.2306975	0.1549988	0.1295853	0.2196318	0.2784358	0.1272306	0.1253556	0.2168164	0.1478086
16.04.2020 01:20:00	54	0.06170536	0.06778729	0.08018459	0.1164465	0.1473942	0.09495988	0.1154542	0.08090643	0.07434174	0.0380713	0.09325255	0.1018752	0.07674564	0.1146077	0.08369818	0.1030275	0.134884	0.1639504	0.220673	0.1539516	0.08562192	0.132791	0.1031669	0.07910819	0.1919206	0.09817782	0.02751068	0.1252021	0.1947	0.1181124	0.1742628	0.07913543	0.05475833	0.05844019	0.07026861	0.110543	0.08779365	0.1465816	0.05357903	0.08211403	0.140062	0.1640327	0.1452291	0.1076047	0.1322971	0.04796682	0.09253483	0.07278953	0.04501527	0.04963667	0.1646229	0.1662483	0.3012566	0.1080029	0.1028562	0.1471766	0.06426688	0.05727438	0.08934283	0.06157022	0.06477237	0.06556154	0.09227069	0.6116176	0.1267275	0.1139506	0.08553392	0.04113251	0.07062297	0.03949608	0.04595968	0.06810012	0.06134989	0.1050795	0.1184286	0.1763605	0.1166728	0.07250473	0.05889525	0.06481025	0.08808766	0.2463471	0.2149101	0.1407273	0.1153568	0.199945	0.2515839	0.1167268	0.1148068	0.1956298	0.1329025
16.04.2020 04:20:00	57	0.0568552	0.06092007	0.07271051	0.1055534	0.1298385	0.0870485	0.1054009	0.07303811	0.06945325	0.03474468	0.08577695	0.09391659	0.07003713	0.1028482	0.0771264	0.09184958	0.1212502	0.1459265	0.2019581	0.1400018	0.07824378	0.1181664	0.09483784	0.07313892	0.1719108	0.08861153	0.02521029	0.1106565	0.1748022	0.1071517	0.1559306	0.07194112	0.04993627	0.0534927	0.06527906	0.101605	0.0791641	0.1307167	0.0489823	0.07737395	0.1259279	0.1468923	0.1317668	0.09800851	0.1194396	0.04343997	0.08358283	0.06619691	0.04230611	0.04493262	0.1484995	0.1507409	0.2696035	0.09690292	0.09326334	0.1328682	0.05936568	0.05274233	0.08042569	0.05612673	0.05901679	0.05970065	0.08436903	0.5624557	0.1153302	0.1031197	0.07667407	0.03793755	0.06489494	0.03501542	0.04290182	0.06242334	0.05499296	0.09581752	0.1055248	0.15748	0.1033285	0.06713369	0.05255653	0.05869373	0.08261844	0.2342761	0.2011273	0.1309991	0.1063464	0.1789819	0.2240137	0.1052519	0.1059858	0.1769025	0.1204064
16.04.2020 07:20:00	60	0.05269618	0.05597704	0.06739745	0.09766189	0.1179095	0.07883345	0.09606742	0.06873478	0.06547542	0.03319763	0.07887409	0.08650117	0.0634888	0.09372822	0.07015415	0.08367558	0.11034	0.1312282	0.1821247	0.1285121	0.07108879	0.1075672	0.08612797	0.06768253	0.1551013	0.08092505	0.02431463	0.1011623	0.1587106	0.09684983	0.140124	0.06619939	0.04631836	0.0488928	0.05991976	0.09321304	0.07078712	0.1174776	0.04532879	0.0699333	0.1123706	0.1339106	0.1190348	0.09000439	0.1078352	0.04120095	0.07692596	0.06074249	0.03873389	0.04230652	0.1351515	0.1363319	0.2423927	0.08935699	0.08453845	0.1196715	0.05371027	0.04993665	0.07491548	0.05215123	0.05330921	0.05524843	0.0770979	0.5184042	0.1044451	0.09308583	0.07092291	0.0349939	0.05911588	0.03290455	0.04129034	0.05780874	0.0497628	0.08837407	0.09765427	0.1407193	0.09355926	0.06098613	0.04808708	0.05556371	0.07541388	0.2206038	0.1864608	0.1196707	0.09814763	0.1646675	0.2035713	0.09714536	0.0973917	0.1626339	0.1097402
16.04.2020 10:20:00	63	0.04876434	0.05097215	0.06266006	0.09106897	0.1075484	0.07368395	0.08868974	0.06342766	0.06029085	0.03235863	0.07295337	0.08090604	0.059026	0.08585189	0.06475995	0.07538892	0.1013729	0.1191102	0.1652852	0.1166165	0.06588028	0.0986665	0.07983574	0.06218192	0.1384846	0.07446391	0.02328379	0.0923804	0.1439722	0.08735141	0.1254376	0.06118218	0.04237745	0.04573748	0.05623304	0.08502996	0.06515609	0.1058517	0.0425289	0.06436746	0.1028592	0.1222705	0.1092781	0.08233943	0.09927986	0.03906313	0.07129394	0.05601881	0.03626603	0.0387104	0.1232084	0.1234145	0.216618	0.08113296	0.07884813	0.1098357	0.04927479	0.04704161	0.06718788	0.04887461	0.04875169	0.05078209	0.0708859	0.4671317	0.09631312	0.0859878	0.06509461	0.03260732	0.05480296	0.03162705	0.03961487	0.0531325	0.04579053	0.08179162	0.09026056	0.1278162	0.08647256	0.05580686	0.04426888	0.05306253	0.06933794	0.2108738	0.1724995	0.1114152	0.09053597	0.1504825	0.1849555	0.09015523	0.08997857	0.1482634	0.1004866
16.04.2020 13:20:00	66	0.04636882	0.0482907	0.05872596	0.08219166	0.0994655	0.06886727	0.08255658	0.05961667	0.05696021	0.03068948	0.06841057	0.07450228	0.05445663	0.07921679	0.06015563	0.06962611	0.09391688	0.1088833	0.1473074	0.1071609	0.05978558	0.09154727	0.07415655	0.05901876	0.1279925	0.06933283	0.02157735	0.08552287	0.1306269	0.08065189	0.1141482	0.05610941	0.04052556	0.0431225	0.05270563	0.07885723	0.06012321	0.09826109	0.03942773	0.05959617	0.09499654	0.1101149	0.100004	0.07574792	0.09241238	0.03759185	0.06596322	0.05250042	0.03382001	0.03611929	0.1112256	0.1120601	0.1954631	0.07454874	0.07376709	0.09938702	0.04629327	0.04412166	0.06189349	0.04592294	0.04475017	0.04686366	0.06631885	0.4304122	0.08804755	0.07944063	0.06105838	0.03046663	0.05064802	0.03074578	0.03702672	0.04927629	0.04235698	0.07522576	0.08390521	0.1153781	0.08004853	0.05131382	0.03970731	0.05050587	0.06514083	0.199216	0.1596957	0.1048702	0.08440609	0.1373096	0.1699261	0.08301889	0.08331974	0.1352447	0.09193888
16.04.2020 16:20:00	69	0.04363777	0.04585221	0.05455465	0.07551024	0.09230406	0.06447527	0.07521452	0.05652486	0.05306396	0.02968053	0.06490405	0.06996478	0.05166442	0.07361697	0.05689582	0.06347783	0.08624764	0.1004982	0.1333808	0.09942207	0.05534514	0.08377853	0.06801867	0.05601739	0.118913	0.0638708	0.02015722	0.0779415	0.122014	0.07419109	0.1043442	0.05231497	0.03881999	0.04050534	0.04967801	0.07320947	0.05595268	0.09023699	0.03689338	0.05542904	0.08631086	0.1003279	0.09105962	0.06982342	0.08452866	0.03643768	0.0619047	0.04900835	0.03118159	0.03389992	0.1020784	0.1021476	0.1763764	0.06845556	0.06884299	0.09091305	0.04374287	0.0414892	0.05679941	0.04230562	0.04145163	0.04423396	0.06129562	0.3941567	0.08062355	0.07334986	0.05670033	0.02900458	0.04717278	0.03036256	0.03574709	0.04617749	0.03995804	0.07027594	0.07845183	0.1054915	0.07453395	0.04737718	0.03697974	0.04801859	0.06068731	0.1907475	0.1467178	0.09788159	0.07788739	0.1287376	0.1538441	0.07709405	0.07670723	0.1245596	0.08548976
