Vessel Name: 23052020_InCu_KaKr_KK1-71_P5_6
Metric: GFP Integrated Intensity / RFP Integrated Intensity
Cell Type: 
Passage: 0
Notes: 
Analysis: KaKr-A549-H2B-GFP/-RFP_DEFv10

Date Time	Elapsed	EZH1	FABP4	FAM105A	FAM107A	FAM110A	FAM20A	FAM46A	FAM72A	FBXO6	FCAR	FFAR2	FGL2	FOS	FPR2	GBP1	GBP3	GBP4	GBP5	GLIPR2	GLS	GMPR	GPC4	GPR141	GPR155	HAPLN3	HAVCR2	HELZ2	HERC5	HERC6	HES4	HESX1	HLA-B	HLA-C	HMHA1	HSH2D	IDO1	IFI16	IFI27	IFI35	IFI44	IFI44L	IFI6	IFIH1	IFIT1	IFIT2	IFIT3	IFIT5	IFITM1	IFITM2	IFITM3	IFNE	IFNG	IGF2BP3	IL15	IL15RA	IL1A	IL1RN	IL4I1	IRF1	IRF7	IRF9	IRG1	ISG15	ISG20	ITPKB	KCNE3	KLF7	LAG3	LAMP3	LAP3	LGALS3BP	LGALS9B	LILRA1	LILRA5	LRCH2	LRRC25	LY6D	LY6E	MAP3K1	MBD4	MCM2	BORCS8	MNDA	MS4A4A	C1 (Mx2)	C2 (STAT1)	C3 (MAVS)	C4 (BST2)	C5 (EIF2AK2)	C6 (RSAD2)	NTC1	NTC2	NTC3	NTC4	NTC5
23.05.2020 10:31:00	0	0.01043168	0.01166351	0.01062462	0.008122947	0.008216849	0.04599565	0.008172952	0.03735931	0.007990834	0.00734826	0.007118298	0.005268951	0.007712097	0.03293718	0.009935789	0.009376377	0.008936939	0.02284877	0.007921587	0.007359865	0.027452	0.009401762	0.008084957	0.008103455	0.01667741	0.009498593	0.01437882	0.008658876	0.02051431	0.01088716	0.008770592	0.04718567	0.00800769	0.006032865	0.007429031	0.008218519	0.01358337	0.00822767	0.01083628	0.009790444	0.03392559	0.008108543	0.008524256	0.007706243	0.009763059	0.01651429	0.006244303	0.00726723	0.007662644	0.01054388	0.007049152	0.007015752	0.01606472	0.00928005	0.03926501	0.0457041	0.00645259	0.007197055	0.006664607	0.006077969	0.01264738	0.007397419	0.007621173	0.009865515	0.009649026	0.009690708	0.00785321	0.006724026	0.02561275	0.006656942	0.007032888	0.01512054	0.01582553	0.01375382	0.01040647	0.01080172	0.01222012	0.05043235	0.0064255	0.04556219	0.007440323	0.005441644	0.007009463	0.0108656	0.009839542	0.007392815	0.01028986	0.01018072	0.01503489	0.02233953	0.007511408	0.007310185	0.00789756	0.008170575	0.007062706
23.05.2020 13:31:00	3	0.0101869	0.009842306	0.008460807	0.006168314	0.007125889	0.03106433	0.007283289	0.02639025	0.006803634	0.006116744	0.005902272	0.003757878	0.006778158	0.02110871	0.01009847	0.009126151	0.007903837	0.01825619	0.00611833	0.005558821	0.01637482	0.007986696	0.005904171	0.007694227	0.01472084	0.008113212	0.01110652	0.007319969	0.01687666	0.009349831	0.007833403	0.04067794	0.006850661	0.005355335	0.006070768	0.007402052	0.01015053	0.007575186	0.00909947	0.008175945	0.0276756	0.006641997	0.007034984	0.006647325	0.00902378	0.01368706	0.005692848	0.006889583	0.006390588	0.008262673	0.007131671	0.006010623	0.01283636	0.00853806	0.02544523	0.03470691	0.005470947	0.006233952	0.006236216	0.005271245	0.01051656	0.005910874	0.006843883	0.008722866	0.008753489	0.008350029	0.006444527	0.004864414	0.01851726	0.005354956	0.005201424	0.01284663	0.01395463	0.01098075	0.00792969	0.009430883	0.01013024	0.03821814	0.005465962	0.03782599	0.006595095	0.004390439	0.005747563	0.009697148	0.007965859	0.006694283	0.008801975	0.008179867	0.0101388	0.01339669	0.006356414	0.005301742	0.005726646	0.00674303	0.007087984
23.05.2020 16:31:00	6	0.01156623	0.00820078	0.007928565	0.005346783	0.006031265	0.02031554	0.005531616	0.01718185	0.005821446	0.005919587	0.005933607	0.003594636	0.006297907	0.01541173	0.009477385	0.007620017	0.007331838	0.01377153	0.005622719	0.00446954	0.009343448	0.006743983	0.005593284	0.005857027	0.01488983	0.006818325	0.009521474	0.007128282	0.01535906	0.008092167	0.006785826	0.03680993	0.006630557	0.004915577	0.005564501	0.007445117	0.009503825	0.006035493	0.008807549	0.006265204	0.02097308	0.00670336	0.006070427	0.005338218	0.007383176	0.01211541	0.004593098	0.007041049	0.00555231	0.00793878	0.00704587	0.004941029	0.009886549	0.007241881	0.01473509	0.0255999	0.004467619	0.005260456	0.005029248	0.004876089	0.008800776	0.005040397	0.005905415	0.007981089	0.007624932	0.007907424	0.005171307	0.004602513	0.01201163	0.004973461	0.005246151	0.01159998	0.01293426	0.01027795	0.00738278	0.008398687	0.01001595	0.02981516	0.005173244	0.03490657	0.006283441	0.003973559	0.004739795	0.009331063	0.007205728	0.005912791	0.008783903	0.006872368	0.004732706	0.009348988	0.005336303	0.004902638	0.005737273	0.006873568	0.006178052
23.05.2020 19:31:00	9	0.01022131	0.007002336	0.007129736	0.005384312	0.005452427	0.01050284	0.005187282	0.01178181	0.006189609	0.005143539	0.00550397	0.00309794	0.006652	0.01091641	0.009214234	0.007864048	0.0069734	0.01234069	0.005770693	0.004564988	0.006342262	0.006191331	0.005766813	0.006509876	0.01434575	0.006368911	0.009437107	0.006499507	0.0137451	0.008597314	0.006798401	0.03063084	0.006447444	0.005018958	0.00494783	0.00746054	0.009256142	0.006728354	0.008742834	0.006197826	0.01552031	0.005847394	0.005192264	0.005252723	0.00688054	0.01066704	0.004103988	0.007257683	0.005208862	0.006577271	0.005891378	0.004911299	0.005875899	0.008563018	0.004121154	0.01656777	0.003989207	0.004779861	0.004221474	0.004302898	0.007618176	0.004994681	0.004695628	0.006930405	0.007035657	0.006774415	0.004210617	0.003757013	0.007799624	0.004270442	0.003976881	0.0098603	0.01275565	0.009731722	0.007360986	0.007695324	0.00915178	0.02111541	0.004408282	0.03062448	0.005942137	0.003190655	0.004766629	0.008762218	0.007220323	0.005570276	0.008285983	0.006321387	0.004013046	0.004682296	0.005110003	0.004065261	0.004658849	0.006085516	0.006355716
23.05.2020 22:31:00	12	0.007871977	0.006567961	0.005244034	0.004944611	0.004401675	0.004948436	0.005204112	0.006805862	0.005529529	0.004609979	0.004838874	0.002881818	0.006029424	0.005365713	0.008623555	0.00674211	0.00762571	0.01002397	0.004990891	0.003795629	0.005506833	0.005388875	0.004484739	0.005913027	0.01256989	0.004130187	0.009248843	0.00597317	0.01132352	0.008038509	0.005980417	0.02477189	0.006475988	0.003614715	0.00421773	0.006639663	0.007880942	0.0048609	0.008458341	0.005382219	0.01219468	0.004993772	0.00459589	0.005141385	0.006606774	0.009016759	0.004321509	0.006835384	0.004591903	0.004728427	0.005086091	0.004181539	0.002598601	0.005755112	0.002701246	0.01041633	0.002898404	0.004003435	0.004005931	0.004424138	0.00646242	0.003841475	0.004627612	0.00585902	0.006267026	0.006482685	0.004135513	0.004002932	0.006507385	0.004321663	0.004146327	0.009230329	0.01165834	0.008928128	0.00650328	0.007304695	0.008475763	0.0146053	0.004591229	0.02712988	0.004818879	0.003489858	0.004184063	0.008831116	0.006568205	0.005176845	0.008112445	0.005476186	0.003768759	0.004046311	0.004679549	0.003638304	0.004212998	0.005492478	0.006420612
24.05.2020 01:31:00	15	0.007699868	0.005765324	0.005830038	0.004937369	0.004122327	0.003328769	0.005007968	0.003367982	0.00576725	0.004884026	0.004602593	0.002864752	0.005776159	0.005807069	0.009561918	0.007279148	0.006789698	0.007446998	0.004716104	0.003569694	0.005471141	0.005470647	0.004484371	0.005456622	0.01239826	0.004697925	0.00951049	0.005399338	0.0109104	0.007810672	0.005941522	0.01973527	0.006900136	0.004371339	0.004410604	0.006377422	0.008108805	0.005439218	0.008989693	0.005886477	0.009461518	0.005420075	0.004714064	0.004889026	0.007049829	0.008821663	0.004649824	0.006761374	0.004745799	0.005439894	0.005556361	0.003501513	0.002714694	0.005356715	0.003242262	0.004987326	0.003871591	0.004392019	0.00513558	0.005073759	0.006548125	0.003816717	0.004139324	0.006615821	0.006680353	0.00614084	0.004914796	0.003933351	0.005403571	0.004022247	0.004428295	0.00863179	0.01141488	0.008811573	0.007269369	0.008341289	0.009187429	0.003742632	0.004604221	0.02215856	0.005399098	0.003663375	0.004273002	0.008711761	0.005928452	0.005710002	0.008152371	0.005630401	0.003613067	0.003683698	0.004421492	0.00396768	0.004422048	0.005528263	0.005837288
24.05.2020 04:31:00	18	0.01181987	0.01037752	0.01185871	0.01095094	0.008616259	0.007755245	0.009031425	0.006897157	0.009815221	0.010889	0.01222812	0.008277404	0.01177331	0.01690619	0.0183604	0.01585775	0.01444641	0.01575502	0.009638615	0.01137035	0.01296335	0.01300156	0.009963018	0.01082157	0.01732464	0.0149334	0.016774	0.01089809	0.01593143	0.01610932	0.01340791	0.02534288	0.012632	0.01191092	0.0138204	0.0125856	0.0130313	0.01456792	0.01926477	0.01208946	0.01464393	0.0156094	0.009880211	0.01000546	0.01715413	0.015624	0.0104674	0.01319275	0.01331205	0.01302311	0.01742746	0.01196658	0.01279262	0.01272346	0.01365704	0.01336049	0.01381488	0.02225056	0.02124453	0.01220105	0.02190046	0.01563229	0.01343954	0.01557793	0.01614791	0.01284688	0.01762587	0.01178541	0.01617388	0.01034058	0.0130545	0.0148777	0.01751221	0.0157838	0.01746107	0.01779428	0.01858314	0.01012702	0.01414398	0.02882153	0.01589743	0.009165714	0.01615464	0.01716037	0.009438116	0.02087624	0.02244765	0.01440537	0.007674857	0.007753528	0.00862231	0.008702829	0.009591179	0.0101483	0.01203116
24.05.2020 07:31:00	21	0.02698224	0.02960088	0.03751598	0.03870832	0.02849859	0.0308466	0.02653348	0.02323541	0.02447676	0.03066375	0.04280854	0.02896023	0.03251428	0.05717096	0.04850201	0.04323053	0.0451115	0.04414467	0.03063645	0.03859623	0.03786386	0.03946675	0.02768808	0.03028555	0.03790341	0.05353262	0.03745234	0.03180552	0.03474559	0.05201432	0.03781223	0.05563563	0.03331938	0.03307211	0.04723236	0.0328335	0.0353898	0.04309515	0.05127428	0.0326134	0.03648244	0.05204028	0.0284927	0.02362131	0.05351649	0.04000151	0.02849548	0.03919396	0.05233574	0.03926214	0.06060981	0.04530172	0.04442956	0.04427503	0.05070357	0.05278284	0.04898613	0.08096228	0.06800235	0.0421928	0.08944128	0.04797904	0.04345573	0.04415976	0.04611034	0.03609282	0.05782259	0.0383257	0.0496249	0.03318032	0.04806471	0.04313369	0.04581337	0.03754995	0.05709966	0.04900586	0.0483619	0.03393505	0.04613911	0.04769795	0.05042856	0.03518699	0.05410061	0.05115435	0.02422384	0.08533285	0.07945307	0.05182499	0.02273545	0.02532718	0.02662027	0.03359028	0.02959702	0.03071273	0.03933267
24.05.2020 10:31:00	24	0.0521839	0.06344227	0.07916532	0.08242639	0.0673952	0.07482675	0.05503004	0.05109994	0.04763016	0.06127262	0.08847802	0.06516828	0.06275297	0.1176096	0.09045687	0.0831861	0.08950545	0.08288799	0.06410629	0.07654686	0.07254907	0.07454221	0.05175035	0.05910239	0.0723928	0.1155347	0.06593009	0.06238472	0.06262218	0.1109272	0.07387368	0.1031758	0.05625974	0.0634916	0.09894589	0.0658306	0.07135261	0.08248376	0.09257257	0.06460742	0.06604043	0.1168502	0.0547885	0.04062672	0.1053009	0.07537543	0.05323565	0.08528768	0.1193984	0.07682371	0.1234391	0.09744024	0.09176472	0.0875119	0.1082929	0.1085969	0.1053122	0.1674889	0.1317906	0.0934712	0.2126669	0.09116471	0.08815693	0.08699786	0.08355002	0.07194524	0.1192277	0.07838058	0.09685601	0.06626125	0.09770571	0.09197874	0.09648043	0.06781695	0.1223234	0.1007235	0.09500859	0.06790002	0.09574867	0.099821	0.1071776	0.06823469	0.1088331	0.1032078	0.05111345	0.2096534	0.1886689	0.1096811	0.04375449	0.05675206	0.05424842	0.06951225	0.06015342	0.06403687	0.08320045
24.05.2020 13:31:00	27	0.07328417	0.09891025	0.1227684	0.1292088	0.1101421	0.1249681	0.08016483	0.08122706	0.0712241	0.09267747	0.1322851	0.1078036	0.09057638	0.1785346	0.1316663	0.1209674	0.1306722	0.117131	0.09965797	0.1127376	0.1041832	0.1050084	0.07333352	0.08416255	0.1108278	0.1779259	0.09293493	0.08865105	0.0889562	0.1719555	0.1071996	0.1453056	0.07505486	0.09289868	0.1466513	0.09650491	0.1069331	0.1199184	0.1267198	0.0932321	0.09275825	0.1985355	0.08029144	0.05333352	0.1564422	0.1090727	0.07406396	0.1345823	0.1962197	0.1115351	0.1789682	0.1499513	0.1375638	0.1303451	0.1619753	0.1650031	0.1596484	0.2610839	0.1956134	0.1505086	0.3778729	0.130968	0.130032	0.1282154	0.1182702	0.1056821	0.1827958	0.1167997	0.1432624	0.09895144	0.1438403	0.1497697	0.1508588	0.09690138	0.1886286	0.1519438	0.1426444	0.1020317	0.1470717	0.1557799	0.1646124	0.0950175	0.1635901	0.1586165	0.08355179	0.3824794	0.3395016	0.1750202	0.06151619	0.08690936	0.08215132	0.1061338	0.09210209	0.1005177	0.1305068
24.05.2020 16:31:00	30	0.08911473	0.1274435	0.1594104	0.1682879	0.1453782	0.1696426	0.09918265	0.10547	0.0892259	0.116565	0.1672084	0.144818	0.1108977	0.2267658	0.1582521	0.1465622	0.1611869	0.138972	0.1283219	0.1427436	0.1264963	0.1248379	0.08732943	0.1012002	0.138429	0.2237463	0.1127712	0.1050408	0.1072244	0.2226182	0.1308321	0.1829678	0.08820035	0.1124359	0.1808976	0.1181674	0.1346353	0.1438029	0.1491688	0.1128728	0.1083262	0.2791434	0.09619963	0.06138491	0.1955559	0.1340545	0.08598218	0.1725677	0.2610179	0.1338427	0.2179444	0.1916946	0.1708085	0.162454	0.1999518	0.2097055	0.2016911	0.3317961	0.2427447	0.1986571	0.5705565	0.1580821	0.1623597	0.1570119	0.1449543	0.127474	0.2333525	0.1448046	0.1792443	0.1201909	0.1740465	0.2003725	0.1878742	0.1165665	0.2408221	0.1911882	0.1811626	0.1286305	0.1838961	0.1995869	0.2061251	0.1137702	0.2028148	0.2027065	0.1107953	0.5880211	0.5172896	0.230698	0.07304431	0.1080986	0.1024652	0.1354526	0.1172029	0.1293458	0.1719018
24.05.2020 19:31:00	33	0.09806835	0.1422006	0.1809611	0.1917146	0.1662225	0.2000219	0.1089709	0.1181044	0.09872189	0.1311811	0.1844764	0.1684868	0.1210335	0.245554	0.1687211	0.1589281	0.1743733	0.146681	0.1425055	0.1575131	0.1372746	0.1319311	0.0933634	0.1083496	0.1549101	0.2472772	0.1217065	0.1128579	0.1155481	0.2533253	0.1447529	0.2028202	0.09439825	0.1198839	0.1982183	0.1279507	0.1520888	0.1538067	0.1583009	0.1223842	0.1142171	0.3461785	0.1043493	0.06449019	0.2174223	0.1473877	0.09099005	0.1939398	0.3019359	0.1436035	0.237677	0.2150447	0.1873541	0.1788656	0.2172291	0.2352217	0.2262424	0.3700041	0.2687711	0.2301722	0.7494622	0.1716176	0.1808254	0.1690323	0.1567058	0.1399105	0.2634104	0.1593416	0.2007733	0.1292527	0.1873852	0.2358558	0.213068	0.1245731	0.273534	0.210683	0.2004669	0.1424365	0.200259	0.2252876	0.2287716	0.1218347	0.2232116	0.2282294	0.1298002	0.7886173	0.6863316	0.2664413	0.0757285	0.1193454	0.1143324	0.1505674	0.1314532	0.1464186	0.1950648
24.05.2020 22:31:00	36	0.09927003	0.1451092	0.1884488	0.1997677	0.1741834	0.2138857	0.1109845	0.1220616	0.1022312	0.13462	0.18801	0.1799018	0.123815	0.250917	0.1690943	0.161203	0.1750708	0.1455224	0.146559	0.1606294	0.1396089	0.1301538	0.09420341	0.1076492	0.159401	0.2516821	0.1198579	0.1118237	0.1173081	0.2645456	0.148428	0.210665	0.09467997	0.1185125	0.2016716	0.1303247	0.1569822	0.1537685	0.1569258	0.1226401	0.1131254	0.3932969	0.1051055	0.06358329	0.2223482	0.1498194	0.08906478	0.2002864	0.320624	0.1446146	0.2403278	0.2219544	0.1905019	0.1850726	0.217584	0.2418659	0.2335962	0.3825833	0.2782905	0.2415728	0.9075101	0.1730329	0.1860539	0.1706913	0.1581878	0.1402644	0.2703899	0.1615546	0.2052649	0.130589	0.1882173	0.2475767	0.2214156	0.1242248	0.2821159	0.2155174	0.2056293	0.1449854	0.2052923	0.234158	0.235073	0.1205868	0.2262447	0.2382596	0.1375485	0.9708281	0.8403682	0.2828868	0.07464115	0.1232429	0.1180133	0.1576241	0.1350174	0.1561649	0.2067255
25.05.2020 01:31:00	39	0.09732229	0.1425603	0.1844996	0.1973767	0.1729044	0.2142854	0.10903	0.1205702	0.1001127	0.1341013	0.1836201	0.1804721	0.1196	0.2441124	0.161878	0.157092	0.1714658	0.1388312	0.1427803	0.1570013	0.1355087	0.1245794	0.09060425	0.1035174	0.156395	0.2450451	0.1154046	0.1076564	0.1141361	0.2587798	0.1457346	0.2049766	0.08998381	0.1142453	0.1953391	0.1257069	0.153076	0.1474894	0.150539	0.1178775	0.1069097	0.4238682	0.1018061	0.05997254	0.21625	0.1448681	0.08441304	0.1966203	0.3182437	0.1382431	0.2310898	0.218406	0.1833218	0.1798558	0.208674	0.2383736	0.2285094	0.3702533	0.2738878	0.2412503	1.04842	0.1682941	0.1816827	0.165527	0.1522734	0.1349817	0.2684723	0.1560019	0.2000445	0.128034	0.1810681	0.2471821	0.2185816	0.119843	0.2785666	0.2111895	0.1999534	0.1404361	0.2006391	0.2293568	0.2283706	0.1147544	0.2188991	0.2357876	0.1373911	1.132161	0.9668064	0.2856996	0.07089647	0.1191511	0.1165021	0.1550871	0.1325343	0.1541181	0.2041266
25.05.2020 04:31:00	42	0.09110849	0.1342046	0.1747483	0.1858208	0.1651752	0.2068468	0.1027124	0.1152085	0.09420845	0.1268962	0.1730032	0.1715545	0.1140341	0.2276585	0.1514798	0.1485363	0.1595155	0.1286188	0.1350052	0.1483292	0.1256175	0.1176635	0.0854343	0.09667174	0.1472809	0.230252	0.1069281	0.09991364	0.1068845	0.241581	0.1376584	0.1941877	0.08342302	0.1064178	0.1827706	0.1172322	0.1457983	0.1393404	0.1403975	0.1105739	0.09853752	0.4347599	0.09478091	0.05551876	0.2045115	0.1363559	0.07712965	0.1854437	0.3045547	0.1286057	0.2130384	0.205542	0.1712617	0.1686635	0.1945705	0.2261518	0.2161696	0.3482561	0.2602678	0.2309569	1.177577	0.1587495	0.1708905	0.1544672	0.1444795	0.1264814	0.2534579	0.1457847	0.1896074	0.1202986	0.1671983	0.2361151	0.2040376	0.1105587	0.2648601	0.1981844	0.1895059	0.1319102	0.187577	0.2176886	0.2151576	0.1063749	0.2063552	0.2252133	0.1316717	1.282362	1.068406	0.2751805	0.06520148	0.1133355	0.1104618	0.1469181	0.1250693	0.1474185	0.1942507
25.05.2020 10:31:00	48	0.07921774	0.115158	0.1476749	0.156636	0.1423985	0.1741066	0.08613493	0.09728892	0.07961232	0.1089029	0.1454209	0.1474733	0.09631294	0.1898093	0.1260173	0.1235512	0.1329105	0.1058096	0.1103916	0.1246909	0.1036449	0.09697901	0.07004634	0.08111943	0.1265796	0.1917072	0.0882535	0.08214207	0.09020618	0.2036701	0.1154875	0.1654152	0.06977444	0.09045762	0.1529835	0.09677058	0.1225123	0.1166776	0.1145352	0.09244516	0.08180629	0.4301384	0.0786861	0.04616716	0.1713434	0.112535	0.06461538	0.153219	0.2558425	0.1073774	0.1754379	0.1750589	0.1457826	0.1420649	0.1616285	0.1904797	0.1831572	0.2922527	0.2216087	0.1986059	1.372118	0.1316234	0.143791	0.1297392	0.1221528	0.1058225	0.2177158	0.1214364	0.1586397	0.1007505	0.1387498	0.2002205	0.1688835	0.09190095	0.2205119	0.1677558	0.158681	0.1108542	0.1578068	0.1875353	0.1805123	0.08733352	0.1734946	0.1893509	0.1142986	1.536452	1.168522	0.2394143	0.05346023	0.09711255	0.09499623	0.125708	0.1090944	0.127188	0.1661275
25.05.2020 13:31:00	51	0.06892159	0.1025369	0.1336547	0.1416698	0.1287314	0.1577941	0.07773431	0.0889904	0.07132103	0.09912422	0.1319882	0.1333195	0.08725426	0.1704796	0.1135835	0.1110863	0.1195612	0.09537961	0.09858331	0.1115001	0.0930449	0.0871966	0.06279944	0.07295009	0.113932	0.1711137	0.07866228	0.07354736	0.0817062	0.1822708	0.10426	0.1480522	0.06262167	0.0807394	0.1384975	0.08747467	0.1105725	0.1053817	0.1029563	0.08417494	0.07385594	0.4153449	0.06946863	0.04208031	0.155684	0.1013582	0.05788262	0.137349	0.2313475	0.09770013	0.1597477	0.1579552	0.1313307	0.1283327	0.1438842	0.1726344	0.1652018	0.2620381	0.2022194	0.1785548	1.43314	0.1189229	0.1285548	0.1173029	0.1103566	0.09586246	0.1955834	0.1091169	0.1419123	0.09049056	0.1237829	0.1794837	0.1498045	0.08308048	0.198022	0.150966	0.1436165	0.1011068	0.1409846	0.1697737	0.1627569	0.07825363	0.1559829	0.169922	0.1041704	1.619585	1.190048	0.2180184	0.04775075	0.08836223	0.08601692	0.1144244	0.09939626	0.1147876	0.1489242
25.05.2020 16:31:00	54	0.06363993	0.09332762	0.1190589	0.1271586	0.1178396	0.1410512	0.06960101	0.08026184	0.06502181	0.08984087	0.1210821	0.1202911	0.07951839	0.1542078	0.1020553	0.1023857	0.1091151	0.0850777	0.09040339	0.1020348	0.08196475	0.07825874	0.05626203	0.06477685	0.1030422	0.1535842	0.0698018	0.06713472	0.07331127	0.1636676	0.09266147	0.1361502	0.0569552	0.07307392	0.1258301	0.08047936	0.09823122	0.09507141	0.092975	0.07642204	0.06624269	0.4055617	0.06381832	0.0378862	0.1404654	0.09111109	0.05344903	0.1239933	0.2077603	0.08844972	0.1449377	0.1431802	0.1188335	0.1156263	0.1308301	0.1532096	0.1499463	0.233484	0.1793475	0.1605379	1.48482	0.1073546	0.1154378	0.1075679	0.1024563	0.08658627	0.1770175	0.09994574	0.1297261	0.08392452	0.1118273	0.1648761	0.1371087	0.07470199	0.1789794	0.1369108	0.130676	0.09021142	0.1270571	0.1520627	0.1482814	0.06912629	0.1394397	0.1518392	0.09552278	1.692146	1.194371	0.1986157	0.04364049	0.08011803	0.07910241	0.1031438	0.08910675	0.1053204	0.1330164
25.05.2020 19:31:00	57	0.05779021	0.08543541	0.1076887	0.1144792	0.1068004	0.1261948	0.06263623	0.07199746	0.05810894	0.08094545	0.1094343	0.1071464	0.0719295	0.1388343	0.09195284	0.09167226	0.09894536	0.07679835	0.08051151	0.0936293	0.07388578	0.07078821	0.05271643	0.05793639	0.09326249	0.1367117	0.06188514	0.06122091	0.06619072	0.1474315	0.08242059	0.1231161	0.05119211	0.06581266	0.1122571	0.07312632	0.0889305	0.08512398	0.08369742	0.0692954	0.05986609	0.3879955	0.05702741	0.03371431	0.125593	0.08153582	0.04816324	0.111609	0.1879324	0.08012782	0.129755	0.1272271	0.1060585	0.1062063	0.1170665	0.135948	0.1332701	0.2084382	0.1612979	0.1439474	1.457268	0.0965396	0.1014393	0.09726113	0.09182244	0.07908952	0.1587997	0.09018829	0.116916	0.07535221	0.1001158	0.1469806	0.1230537	0.06752838	0.1607957	0.1224633	0.1181388	0.08200405	0.1148514	0.137076	0.1336528	0.06141439	0.125071	0.137208	0.08673837	1.690295	1.155379	0.1767702	0.03944343	0.07185809	0.0709272	0.09261241	0.07962271	0.09498657	0.1181831
25.05.2020 22:31:00	60	0.05199008	0.07734072	0.09841812	0.1040706	0.09613889	0.1135988	0.05740203	0.0652462	0.05310182	0.07353889	0.09938967	0.09874624	0.06529475	0.1262204	0.08322216	0.08191691	0.08928185	0.0696926	0.07289236	0.08303864	0.06678455	0.0641865	0.04677705	0.05291079	0.0864629	0.1222566	0.0555709	0.05497869	0.06031644	0.1329005	0.07512271	0.1115007	0.04571647	0.05979982	0.1007957	0.06613012	0.08111291	0.07702548	0.07618771	0.06324813	0.05437652	0.3662702	0.0520936	0.03099191	0.1132248	0.07401874	0.04400513	0.09962611	0.1674445	0.07263211	0.1173146	0.1146597	0.09653904	0.09538435	0.1048797	0.1238181	0.120481	0.1872953	0.1471491	0.1291863	1.421632	0.08801457	0.09097059	0.08816823	0.08379064	0.07185313	0.1428813	0.0817507	0.1051398	0.06767465	0.09036209	0.1310353	0.1127159	0.06243903	0.1449511	0.1114485	0.1075296	0.07385058	0.1035883	0.1249504	0.1203665	0.05577953	0.1136023	0.1245726	0.07777339	1.670715	1.11022	0.161193	0.03609259	0.06549409	0.06447458	0.08442148	0.07220075	0.08558785	0.1059239
26.05.2020 01:31:00	63	0.04775503	0.07049678	0.08936444	0.09451134	0.08681516	0.102629	0.05245657	0.05955326	0.04826286	0.06613342	0.08939809	0.08913805	0.05931325	0.1137582	0.07518774	0.07457323	0.08137414	0.06436856	0.06510643	0.07532213	0.06092571	0.05835285	0.04282188	0.04771065	0.07689205	0.1102046	0.04969086	0.05034942	0.05462997	0.1193432	0.06862847	0.09981424	0.04160982	0.05476264	0.09133651	0.06003555	0.07355773	0.07032194	0.06913228	0.05824153	0.0497859	0.3487646	0.04651921	0.02803961	0.1028716	0.06709835	0.04015779	0.08987664	0.1515665	0.06573094	0.1072389	0.1036659	0.08801419	0.08666687	0.09437548	0.1113676	0.1076031	0.1687569	0.1335844	0.1173165	1.37286	0.07984789	0.08284625	0.07993855	0.07534862	0.06461962	0.1279711	0.07305741	0.09516133	0.06046718	0.0811536	0.1182057	0.1024172	0.05676068	0.131879	0.100912	0.09761047	0.06721949	0.09355604	0.1136546	0.1084653	0.05036695	0.103195	0.113243	0.07169826	1.626136	1.053959	0.1450938	0.03339773	0.06004843	0.05865964	0.07676316	0.06573642	0.07741579	0.09576321
26.05.2020 04:31:00	66	0.04406234	0.06371374	0.08105918	0.08549719	0.07891847	0.09262419	0.0476882	0.0535887	0.04394111	0.06096794	0.08142196	0.08082628	0.05385049	0.1039864	0.06951697	0.06703789	0.07220522	0.05818231	0.05915967	0.06807693	0.05579101	0.05352753	0.03889727	0.04362847	0.07080188	0.09971143	0.04586762	0.04563034	0.04974281	0.1068695	0.06360584	0.09192257	0.0381538	0.0495219	0.08298097	0.05442496	0.06709503	0.06403359	0.06287371	0.05267469	0.04562883	0.3299294	0.04199886	0.02584923	0.0918875	0.0610158	0.03705649	0.08085223	0.1350215	0.05961163	0.09671608	0.09334471	0.08043399	0.07739202	0.08492217	0.100724	0.09588844	0.1521935	0.121054	0.1070592	1.319105	0.07205921	0.07409714	0.07285015	0.06706526	0.05833579	0.1149432	0.06587674	0.08547958	0.05442888	0.07426976	0.1044082	0.09441657	0.05184989	0.1187666	0.09307967	0.08749821	0.06094306	0.08598454	0.1032227	0.09789849	0.04615903	0.0931571	0.1030248	0.06568818	1.564171	1.001231	0.130526	0.03044082	0.05484028	0.05356148	0.07010512	0.06025452	0.07031055	0.08696583
26.05.2020 07:31:00	69	0.03905296	0.05806066	0.07462388	0.07807152	0.07143275	0.0840463	0.04328183	0.04890141	0.03994746	0.05512691	0.0742551	0.07376412	0.04969952	0.09311847	0.06331994	0.06172658	0.06561266	0.05375473	0.05342629	0.06138172	0.0504994	0.04880853	0.03526803	0.03973688	0.06430725	0.09022651	0.04160543	0.04184774	0.04518894	0.09685158	0.05771836	0.08365636	0.03544711	0.04527431	0.07536473	0.05052073	0.06116379	0.05735666	0.05698305	0.04840458	0.04130858	0.3115528	0.03834713	0.02379511	0.0836656	0.05570266	0.03391891	0.07392592	0.1238314	0.05417067	0.08785184	0.08337874	0.07258049	0.07020447	0.07710017	0.089004	0.08676465	0.1369385	0.110127	0.09643235	1.261093	0.06517309	0.06703766	0.06669782	0.06097252	0.05203998	0.1040818	0.05990698	0.07724423	0.0490024	0.0670552	0.09484206	0.08492038	0.04779861	0.1072916	0.08398927	0.08018024	0.0561326	0.07772732	0.094123	0.08875506	0.04131127	0.08518761	0.09380383	0.05999333	1.505061	0.9436001	0.1187108	0.02845055	0.05029688	0.04820523	0.06363187	0.05473848	0.06446444	0.0799382
