Vessel Name: 02062020_InCu_KaKr_KK1-73_AC1-8_P5_7
Metric: GFP Integrated Intensity / RFP Integrated Intensity
Cell Type: 
Passage: 0
Notes: 
Analysis: KaKr-A549-H2B-GFP/-RFP_DEFv10

Date Time	Elapsed	MSR1	MT1H	MT1HL1	MT1M	MT2A	MX1	MX2	MYCL	MYD88	NCOA7	NEXN	NKX3-1	NMI	NT5C3A	NUPR1	OAS1	OAS2	OAS3	OASL	OGFR	P2RY14	PALM2-AKAP2	PAQR8	PARP10	PARP11	PARP12	PARP14	PARP9	PCDH17	PDCD1LG2	PDZD2	PGAP1	PHF11	PID1	PIWIL4	PLEKHA4	PLSCR1	PLXDC2	PMAIP1	PNPT1	POLD1	POLI	PPM1K	PSMB8	PSMB9	PTAFR	RAI14	RARRES3	RASA2	RASGEF1B	RASGRP3	RGL1	RGS1	RHBDD2	RIN2	RNF213	RSAD2	RTCB	RTP4	RUFY4	S100A4	SAMD9	SAMD9L	SAMHD1	SDS	SECTM1	SERPINA1	SERPINB13	SERPINB3	SERPINB4	SERPING1	SIGLEC1	SLAMF7	SLC11A1	SLC15A3	SLC16A10	SLC1A5	SLC25A28	SLFN12L	SLFN5	SOCS1	SP100	SP110	SREK1IP1	C1 (Mx2)	C2 (STAT1)	C3 (MAVS)	C4 (BST2)	C5 (EIF2AK2)	C6 (RSAD2)	NTC1	NTC2	NTC3	NTC4	NTC5
02.06.2020 11:41:00	0	0.003712135	0.006085192	0.004053717	0.004321731	0.003669464	0.007072404	0.005850549	0.004044332	0.004238623	0.004402871	0.004047818	0.003672181	0.003894371	0.003678652	0.003933979	0.003635247	0.00264958	0.004879942	0.004707644	0.004051931	0.0025525	0.003431313	0.004820405	0.003263624	0.00460348	0.006490409	0.003062115	0.003943552	0.003754851	0.004374574	0.008166972	0.006011143	0.005185573	0.009174783	0.002067034	0.002255066	0.00557293	0.01758851	0.005875634	0.005477157	0.002809758	0.0134335	0.006718792	0.006717042	0.2030846	0.01771573	0.05644744	0.06099789	0.00414048	0.005716721	0.00470551	0.01138096	0.01374139	0.006649062	0.005513394	0.004745185	0.004654939	0.008562409	0.003855921	0.004622969	0.005028081	0.004389344	0.006378891	0.004417469	0.00326325	0.007963299	0.01596388	0.07262664	0.02002716	0.05492076	0.04313277	0.06035961	0.004191661	0.005213819	0.004131705	0.005101515	0.005917169	0.003635752	0.00422095	0.004276176	0.01306485	0.003551176	0.02621417	0.002620991	0.004261171	0.003278055	0.002731605	0.004106666	0.00300079	0.005563018	0.003079579	0.004949959	0.004594463	0.003005242	0.004365936
02.06.2020 14:41:00	3	0.003002973	0.004774886	0.003568999	0.004113556	0.003340426	0.006043565	0.00505057	0.003062756	0.003307926	0.004011542	0.003218716	0.003295698	0.003397038	0.002935819	0.003358955	0.003142836	0.002033775	0.003588601	0.004203334	0.003098418	0.002321587	0.002839048	0.003700091	0.002772069	0.00337372	0.004911366	0.002518529	0.003353952	0.003222639	0.003258266	0.006747573	0.004273242	0.004019885	0.007705606	0.001690194	0.002501414	0.003666176	0.007492769	0.003376182	0.005291657	0.002205303	0.01171771	0.0	0.004862825	0.213552	0.03509734	0.02561733	0.09064772	0.003241068	0.004148022	0.003512747	0.007927584	0.00681995	0.004907834	0.004218378	0.003242263	0.003700098	0.00751291	0.002801288	0.004427111	0.003889584	0.003501973	0.005077584	0.003484303	0.002280743	0.00700855	0.01437988	0.05725033	0.02729998	0.02995633	0.02124149	0.0528234	0.00351486	0.004394885	0.003555428	0.003776749	0.003725732	0.003100952	0.003470036	0.003428585	0.0116354	0.002804894	0.01342288	0.002140849	0.004285904	0.003223006	0.002762301	0.003368867	0.002919759	0.004057148	0.002824931	0.003850454	0.003675804	0.003267441	0.002976755
02.06.2020 17:41:00	6	0.002996776	0.004085698	0.003222506	0.004185758	0.002687817	0.005439352	0.004865692	0.002923435	0.003318814	0.003456097	0.002940996	0.003187801	0.003030423	0.00278499	0.002658172	0.002943737	0.001672861	0.003114737	0.003158721	0.003020584	0.002060445	0.002528717	0.003358415	0.002418159	0.002498603	0.004435936	0.002355998	0.00272699	0.00263539	0.003062793	0.005073451	0.003796751	0.004516143	0.007326119	0.001866804	0.002575793	0.003146847	0.002908997	0.002595483	0.004070858	0.001871042	0.009677178	0.01458277	0.005366192	0.2035448	0.01548394	0.03024549	0.0910099	0.002605243	0.004160377	0.003169651	0.006064775	0.004454202	0.004856127	0.003787606	0.002714738	0.003537345	0.007475612	0.001963401	0.004602354	0.002856786	0.003428828	0.004828767	0.002686579	0.002130972	0.006881688	0.02336502	0.03100078	0.01543499	0.02293557	0.02240116	0.04011035	0.003172046	0.003675905	0.003143647	0.002683983	0.002748611	0.002572953	0.002472846	0.002557604	0.009838745	0.002376527	0.007477388	0.001845063	0.003946565	0.002539015	0.002434066	0.003550117	0.002777785	0.004456937	0.002986319	0.003659284	0.002999178	0.002508962	0.002782007
02.06.2020 20:41:00	9	0.003021816	0.004050273	0.003068867	0.003974949	0.002546223	0.004563829	0.004514702	0.002603473	0.002701044	0.003552471	0.002782813	0.00335584	0.002612479	0.002529961	0.002675988	0.002263795	0.00149533	0.002872399	0.002912409	0.002897916	0.0019422	0.002273998	0.003017459	0.002386259	0.002448825	0.003419773	0.001952113	0.002381534	0.002720906	0.002805443	0.006198507	0.003428516	0.003590347	0.007006499	0.001301965	0.002188205	0.002293251	0.001456825	0.001958589	0.003220532	0.001524029	0.009907042	0.01159759	0.005277152	0.1748377	0.01603159	0.03309548	0.1046216	0.002573308	0.003793818	0.00191977	0.006033965	0.002947541	0.004318182	0.003049699	0.002622056	0.003237389	0.006090929	0.001833951	0.00465116	0.002806988	0.002639051	0.003903263	0.00248085	0.001933102	0.00572859	0.02937414	0.03461926	0.01135523	0.02731643	0.03985865	0.05551783	0.002617131	0.003681285	0.002643714	0.0024304	0.002748447	0.002325571	0.002353772	0.00199507	0.009477873	0.002168965	0.003313048	0.001689426	0.003434693	0.002596247	0.002647819	0.003150335	0.002858656	0.00442624	0.002902079	0.003174649	0.003065055	0.002594225	0.00256719
02.06.2020 23:41:00	12	0.003028965	0.00447515	0.002854917	0.00366482	0.002618687	0.00433109	0.00416509	0.002438908	0.002574345	0.003916055	0.00314971	0.003629269	0.002861952	0.002374598	0.00278531	0.002323568	0.001270312	0.003078039	0.002390181	0.00246924	0.002146354	0.001983737	0.002947783	0.002483574	0.002730726	0.002717426	0.001826379	0.002465945	0.002279253	0.002411937	0.005420171	0.00364006	0.003739192	0.006289189	0.001283543	0.002671624	0.002236274	0.001349698	0.001764502	0.003253848	0.001423122	0.009257012	0.0217398	0.004499645	0.1560214	0.005328688	0.02786082	0.1208148	0.002607468	0.002985594	0.001583403	0.005801372	0.002406894	0.004021376	0.002184986	0.002105223	0.002735365	0.005643285	0.002070555	0.004589716	0.003025058	0.002534454	0.003362631	0.002214071	0.001771325	0.004923264	0.01982963	0.03386397	0.01185044	0.02192158	0.04663763	0.07121465	0.002668924	0.002881631	0.002134358	0.002483851	0.002734861	0.002185757	0.001554264	0.001717461	0.008206891	0.00176383	0.003122406	0.001622593	0.003655303	0.002245988	0.003093055	0.004147274	0.0033099	0.00457865	0.003016511	0.003145647	0.002814264	0.002927812	0.002788873
03.06.2020 02:41:00	15	0.004457874	0.005747702	0.004288432	0.005093513	0.003252376	0.004893874	0.005187009	0.003283523	0.003917103	0.004741848	0.003900859	0.004810998	0.004126742	0.003199248	0.003429724	0.003356556	0.002437584	0.003973199	0.003286761	0.003314543	0.002843041	0.002924091	0.004062743	0.003564574	0.003726751	0.004551484	0.002894675	0.003169192	0.003003344	0.003503926	0.01021032	0.003883351	0.004282046	0.007792829	0.001951921	0.003248835	0.003800672	0.002791539	0.002734363	0.003824566	0.001997405	0.01397255	0.01812259	0.00568192	0.1741201	0.006072873	0.0278853	0.1106827	0.003752143	0.004685081	0.002595301	0.008569729	0.003635593	0.005129694	0.00319682	0.003585022	0.004046421	0.005940482	0.00266145	0.005533618	0.003926393	0.004424273	0.004523852	0.004596651	0.003256151	0.005332781	0.02259455	0.03857054	0.01287397	0.03097492	0.04468284	0.08296195	0.003883452	0.003746564	0.002776304	0.003524505	0.00286196	0.002492655	0.002614143	0.002601408	0.00880212	0.002722983	0.003619587	0.002197296	0.004525288	0.003361951	0.003940881	0.006452101	0.004395618	0.006084056	0.004148225	0.00378958	0.003521429	0.003998019	0.003182001
03.06.2020 05:41:00	18	0.0148419	0.01626778	0.01359722	0.0148889	0.01016027	0.01294168	0.01635417	0.01201634	0.0128479	0.01306947	0.01119619	0.01223369	0.01758465	0.0129019	0.01471775	0.01905226	0.01492062	0.0153307	0.0135446	0.01137318	0.01231519	0.01121414	0.01393665	0.01353949	0.01523661	0.02163453	0.01680965	0.01443858	0.01425888	0.01582647	0.03836	0.01463712	0.01584872	0.02304112	0.01095044	0.01284203	0.01440453	0.01913915	0.01879025	0.01723578	0.01255715	0.04536176	0.01796699	0.01729439	0.154734	0.005487509	0.03672607	0.160446	0.01222442	0.0167336	0.01631569	0.03777579	0.01754224	0.02093174	0.01860954	0.01816155	0.01820339	0.01203855	0.01606863	0.0117894	0.01477372	0.02386969	0.0189676	0.0275287	0.01935491	0.01509696	0.02696162	0.05373605	0.01912302	0.03360864	0.0529964	0.09005209	0.01399479	0.01798087	0.01561076	0.01591989	0.01086826	0.01333695	0.01562247	0.0138171	0.02131294	0.01548177	0.0130812	0.01181348	0.01096628	0.01367946	0.0146163	0.01889351	0.01531232	0.0163586	0.01340202	0.01188861	0.0128661	0.01342574	0.01431999
03.06.2020 08:41:00	21	0.05294798	0.05216926	0.04496031	0.05175747	0.03555015	0.04066522	0.05346021	0.04346608	0.04269111	0.04535837	0.03995484	0.04533962	0.06085199	0.04140544	0.04887045	0.06864696	0.06030993	0.05329644	0.05331803	0.03815335	0.04990814	0.03978834	0.04626926	0.05089225	0.05197607	0.07164206	0.05971973	0.05428554	0.05357308	0.05477691	0.111314	0.05349405	0.05414589	0.07401831	0.04305887	0.05096262	0.05182166	0.07089225	0.0681612	0.05955831	0.04995379	0.1349295	0.01946176	0.05713762	0.1716508	0.004139632	0.03071024	0.1363075	0.04141985	0.05389963	0.06176328	0.1139988	0.0720124	0.06770547	0.07035965	0.06180809	0.06255201	0.03469102	0.06513799	0.03595166	0.05344183	0.08270981	0.06633941	0.09379578	0.07443486	0.05052643	0.03398043	0.0595463	0.02128622	0.03822922	0.04671761	0.1033617	0.04870145	0.06461922	0.06458785	0.05830927	0.03715867	0.05372925	0.06199946	0.05002163	0.06321369	0.05950209	0.04947801	0.04919356	0.03436362	0.04912953	0.0561394	0.05711852	0.04990762	0.05048062	0.04373519	0.04173565	0.04859607	0.05336476	0.05149364
03.06.2020 11:41:00	24	0.1192965	0.1144137	0.09754714	0.1184531	0.08005114	0.09001789	0.1169453	0.09779174	0.09674104	0.09985531	0.09112696	0.1057301	0.1276825	0.08061987	0.1018819	0.1499949	0.129184	0.1133137	0.1207664	0.07957954	0.1116646	0.08141347	0.09625901	0.1206497	0.1119406	0.1509697	0.126206	0.1175355	0.1165123	0.1206906	0.2336446	0.1148003	0.1127005	0.1554967	0.09820877	0.1198283	0.1091713	0.1523032	0.1455986	0.1244344	0.1067993	0.2924958	0.02238428	0.1149145	0.1817578	0.006574973	0.05168028	0.1478607	0.09052553	0.1122046	0.1419597	0.231672	0.1633835	0.1371649	0.1485226	0.1282721	0.1288143	0.07567216	0.1465473	0.07904588	0.1237081	0.1750707	0.1365187	0.1990464	0.1590883	0.1078192	0.07462306	0.05790818	0.01583747	0.03830903	0.0548928	0.1033791	0.1044959	0.1445929	0.1493183	0.1288774	0.07793637	0.1238369	0.1363631	0.1000377	0.1262873	0.1268164	0.1070456	0.118688	0.07699582	0.1132305	0.1389444	0.1256931	0.1070759	0.1122406	0.0998311	0.09508373	0.1146198	0.1276773	0.1172323
03.06.2020 14:41:00	27	0.2048153	0.1971038	0.1590363	0.1988854	0.1369814	0.1542476	0.1966067	0.1652692	0.1600623	0.1658645	0.1538696	0.1862425	0.2030707	0.123602	0.1567657	0.2437369	0.200171	0.1731514	0.1973705	0.1219692	0.1803887	0.1238124	0.1445831	0.2105485	0.1825423	0.2353215	0.196731	0.1871119	0.1922548	0.196916	0.3826251	0.1842068	0.1765453	0.2511371	0.1614058	0.2119847	0.1740794	0.2471053	0.2282979	0.1946916	0.167583	0.501623	0.01027618	0.1770874	0.2109081	0.005605258	0.04873546	0.1710401	0.1527934	0.1767082	0.234657	0.3757807	0.2660365	0.2235709	0.2410253	0.2064011	0.2071766	0.1225433	0.2435866	0.1351368	0.2104349	0.2834518	0.2166045	0.3206789	0.2613167	0.17318	0.1113047	0.0457187	0.03076139	0.04705914	0.06137347	0.1169926	0.1712892	0.2412858	0.2528569	0.208121	0.1252882	0.2057778	0.2219654	0.1525047	0.2013777	0.200786	0.1743739	0.2052045	0.1327108	0.1969135	0.2590602	0.2114079	0.1823438	0.196127	0.1782256	0.1638023	0.2007728	0.2249836	0.1973936
03.06.2020 17:41:00	30	0.2997578	0.2834158	0.2212878	0.2773236	0.1914345	0.2180535	0.2757935	0.2289746	0.2191696	0.2305736	0.2175075	0.2696607	0.2747447	0.1562147	0.1999324	0.3172051	0.2582878	0.217465	0.266435	0.1553438	0.2369433	0.1555533	0.1799038	0.3017551	0.2488112	0.3063823	0.2538587	0.247725	0.2624503	0.2671069	0.5224967	0.2432374	0.2304108	0.3367579	0.220184	0.3097841	0.2347743	0.327933	0.2965442	0.25822	0.2215541	0.7176768	0.2007271	0.2263947	0.2669626	0.01462201	0.08827805	0.2012342	0.2105652	0.2346346	0.3258945	0.5005946	0.3626209	0.3016117	0.3246964	0.276332	0.274748	0.1644339	0.3296839	0.1921619	0.3035865	0.3764927	0.2769274	0.4375461	0.3542034	0.2267931	0.1415879	0.05727569	0.05186982	0.06374138	0.06098261	0.1496966	0.2283135	0.330621	0.3501377	0.2775508	0.1606064	0.2797568	0.302143	0.1943641	0.2644276	0.2633356	0.2337157	0.2927649	0.190483	0.2848138	0.3959562	0.2978933	0.2543593	0.2808242	0.2644779	0.2344552	0.2950272	0.3327436	0.2805066
03.06.2020 20:41:00	33	0.374685	0.3527295	0.2704226	0.3296664	0.2327697	0.2676931	0.330962	0.2775722	0.2596446	0.2820328	0.2679271	0.3387358	0.3223435	0.1765324	0.2240992	0.3649558	0.291875	0.2411137	0.3152206	0.1736647	0.2731023	0.1723129	0.2010091	0.369821	0.3025239	0.3532506	0.2846026	0.2878753	0.3136775	0.3130275	0.6256629	0.2849309	0.2683256	0.3885961	0.267391	0.3949356	0.2832285	0.3811864	0.3429912	0.2953722	0.260648	0.9245486	0.3288801	0.2574677	0.362732	0.01813731	0.09306476	0.2266336	0.2552058	0.2739585	0.3887667	0.5784462	0.43629	0.3583938	0.3775595	0.3252717	0.3207191	0.1927254	0.3899285	0.2353139	0.3780152	0.4378561	0.3137379	0.5188675	0.4171073	0.2638262	0.2017047	0.04231027	0.07613969	0.05029505	0.06962299	0.1506028	0.2707089	0.3991131	0.4167369	0.324193	0.1847548	0.3293098	0.3610535	0.2204987	0.3064082	0.3055126	0.2778504	0.3632919	0.2386556	0.3648044	0.5292538	0.3695489	0.3119451	0.3602008	0.3421461	0.2997161	0.3774207	0.426689	0.3544956
03.06.2020 23:41:00	36	0.4332885	0.4040499	0.2944237	0.3578696	0.2548747	0.2998455	0.3679356	0.3013791	0.2771586	0.318245	0.3043922	0.3931699	0.345242	0.1818761	0.2295295	0.3822486	0.3088134	0.2455082	0.3334712	0.1806924	0.2890444	0.1808019	0.2088551	0.4171984	0.3336214	0.3719493	0.2983716	0.3036547	0.3430014	0.3311675	0.6617647	0.3023765	0.2871733	0.4117402	0.2908091	0.4593383	0.3071845	0.4111773	0.3589522	0.317477	0.2767248	0.987638	0.4857249	0.2673833	0.4600512	0.01809073	0.1011713	0.2442663	0.2830635	0.2941444	0.4214172	0.6062536	0.4653113	0.3883234	0.4061769	0.3494645	0.3386548	0.2029865	0.4204722	0.2649423	0.4242302	0.4705316	0.3275039	0.5607894	0.4587478	0.2810146	0.2292733	0.05717487	0.1048349	0.05568207	0.09168617	0.1859265	0.2993218	0.4317935	0.4550185	0.3474202	0.1952895	0.3566051	0.3953802	0.2333747	0.330049	0.3225081	0.2978275	0.4071915	0.2784934	0.4283172	0.6454039	0.4163615	0.350705	0.4167508	0.4009391	0.3462276	0.4415729	0.4953775	0.3942914
04.06.2020 02:41:00	39	0.4703234	0.42627	0.3039313	0.3642108	0.2610454	0.3109495	0.3770051	0.3052727	0.2846527	0.3297234	0.3214449	0.4259382	0.3480856	0.1815149	0.2278031	0.374449	0.3089294	0.2398133	0.3375761	0.1764711	0.2882377	0.1759427	0.2073883	0.4383763	0.3492835	0.3718788	0.293549	0.3016142	0.3490498	0.3388973	0.6703023	0.3043533	0.2886735	0.417224	0.2982773	0.4985891	0.3197964	0.4124105	0.3628319	0.3164093	0.2760335	1.049738	0.5239885	0.2649184	0.6026735	0.02591693	0.1173472	0.2625411	0.2950251	0.2982921	0.423233	0.6129019	0.4753396	0.3947381	0.4144607	0.3532639	0.3358066	0.2037308	0.431769	0.2834951	0.4544818	0.47513	0.3215483	0.5722644	0.4666192	0.2837814	0.2472818	0.06134233	0.1218485	0.0680346	0.1098336	0.202138	0.3081443	0.4425259	0.464194	0.3492988	0.1948536	0.358987	0.4021236	0.230128	0.3335297	0.3175721	0.3036152	0.4350084	0.3014702	0.4748059	0.7469517	0.4409636	0.3737443	0.450516	0.4425335	0.3761975	0.4779834	0.5303357	0.4168845
04.06.2020 05:41:00	42	0.4881966	0.436589	0.3000802	0.3541248	0.253563	0.3104892	0.3715939	0.2996095	0.2749241	0.3304716	0.3248563	0.4431915	0.3399694	0.1737056	0.2166121	0.3576288	0.2957964	0.2242569	0.3209866	0.1644857	0.2711711	0.1673015	0.1987729	0.4384399	0.3462819	0.3588787	0.279242	0.2882071	0.3360194	0.3255674	0.6521236	0.2928557	0.2784317	0.4087467	0.2892731	0.5164542	0.3156116	0.3974533	0.3419878	0.3043378	0.2634812	1.013676	0.6923528	0.2505822	0.7366788	0.02919174	0.1131611	0.2661531	0.2945656	0.2866346	0.409326	0.5853896	0.4596663	0.3791566	0.3936159	0.339103	0.3193972	0.1944155	0.4212506	0.2881687	0.4533092	0.4568525	0.3074111	0.5581232	0.4525017	0.2745153	0.2855382	0.04471172	0.1885405	0.08309646	0.1092027	0.2245466	0.3026929	0.4302658	0.444227	0.3363853	0.1897739	0.3509368	0.3910057	0.2199435	0.3222338	0.3066305	0.2957392	0.443186	0.310139	0.5080155	0.814519	0.4495301	0.3742032	0.4659078	0.4616379	0.3848239	0.4922257	0.5434865	0.4200814
04.06.2020 08:41:00	45	0.4974168	0.4272115	0.287213	0.3296459	0.2401778	0.2960532	0.3501826	0.2857105	0.2624486	0.3218623	0.3171732	0.4543326	0.3266706	0.1644001	0.1982147	0.3328974	0.2739247	0.2039659	0.3027313	0.1525996	0.2515289	0.1550025	0.186827	0.4257908	0.3342885	0.3381399	0.2574742	0.2683917	0.3151848	0.2999328	0.6065436	0.2725751	0.2578653	0.3797561	0.2774532	0.5225434	0.3017505	0.3681186	0.3174188	0.2844971	0.2461209	0.9378887	0.6273934	0.2315741	0.8581386	0.03650134	0.151301	0.3130682	0.2856432	0.2673627	0.3848105	0.5398468	0.4194305	0.3539233	0.3667891	0.3190595	0.3029177	0.1840015	0.3962749	0.285383	0.4374626	0.4314085	0.2884369	0.5245348	0.429624	0.2581398	0.3017128	0.06578928	0.1063717	0.1018836	0.1336715	0.2490964	0.2906294	0.4085294	0.4154916	0.316327	0.1784529	0.3323246	0.3666424	0.2047733	0.3020151	0.2862	0.2782567	0.4297162	0.3068149	0.5297533	0.8640157	0.4455277	0.3660684	0.4599582	0.4624416	0.3903033	0.4911448	0.5457231	0.4074104
04.06.2020 11:41:00	48	0.4885913	0.4047958	0.2748522	0.3033652	0.2251614	0.2762471	0.327003	0.2604033	0.2508982	0.3078721	0.3093637	0.4473703	0.3070743	0.1531374	0.1846223	0.3068578	0.2478932	0.1886176	0.2823718	0.1461602	0.2303525	0.1418004	0.1720173	0.4040579	0.3152645	0.3111165	0.2375654	0.246389	0.2869322	0.2791032	0.5587128	0.2540537	0.2410227	0.3428409	0.2540648	0.508414	0.2883492	0.3448784	0.2941328	0.2636825	0.2254836	0.8875695	0.6184635	0.2159243	0.9082308	0.04999791	0.2003388	0.7936727	0.272264	0.2480214	0.353674	0.4961258	0.396441	0.3294083	0.3380325	0.2957054	0.2811134	0.1758832	0.3650218	0.2826099	0.4214721	0.4055206	0.2645805	0.4849044	0.3914895	0.2397006	0.4036702	0.05907185	0.1527915	0.1538152	0.1739501	0.24216	0.2744815	0.3897053	0.3834008	0.291553	0.1664339	0.3099911	0.340199	0.1889073	0.2839881	0.2667982	0.2570624	0.414724	0.3063552	0.5433857	0.9050924	0.4405404	0.3556021	0.4590578	0.4556382	0.3858011	0.4846528	0.5261872	0.3988565
04.06.2020 14:41:00	51	0.4867699	0.3846712	0.2493269	0.2773971	0.2078649	0.256878	0.3018192	0.2420629	0.2333487	0.2893347	0.2996204	0.4541515	0.2862167	0.141599	0.1704867	0.2788833	0.2304492	0.1711473	0.2579472	0.1341563	0.2139427	0.12837	0.1591446	0.381497	0.291657	0.2818786	0.2180001	0.2236183	0.2610525	0.2573808	0.5060732	0.2305889	0.2207676	0.3110066	0.233079	0.49894	0.2720194	0.3129951	0.2628387	0.2409797	0.2068148	0.8121948	0.4732134	0.1981011	1.078884	0.05556984	0.2190396	1.841712	0.2555777	0.226655	0.320671	0.4392396	0.3579188	0.2956563	0.3084618	0.2680894	0.2550074	0.1632881	0.3323441	0.2765002	0.3949136	0.3674282	0.2406147	0.4474398	0.3588706	0.2195045	0.4526468	0.07809728	0.1958518	0.1276487	0.1683814	0.2517471	0.2571497	0.3531668	0.3507396	0.2675784	0.1555868	0.2855489	0.3139594	0.1766557	0.2612148	0.2451926	0.2369923	0.3901327	0.296066	0.5424681	0.9264269	0.430461	0.346743	0.4513119	0.4416674	0.3761039	0.4577838	0.5052992	0.3759575
04.06.2020 17:41:00	54	0.4909387	0.358114	0.2298311	0.2476388	0.1885923	0.2357063	0.2698427	0.2193699	0.213191	0.2695074	0.2827559	0.4624771	0.260327	0.1315922	0.1559495	0.2537422	0.2117844	0.1534319	0.2315101	0.1209597	0.1937805	0.1172471	0.1489162	0.3539319	0.2716104	0.2563561	0.1966823	0.2017022	0.232785	0.2291158	0.4495932	0.207164	0.1986156	0.2814566	0.2131391	0.4787041	0.2541161	0.2798279	0.2326395	0.2166111	0.1850463	0.7259489	0.5045413	0.1763412	1.205616	0.0773579	0.2787663	1.933153	0.2380176	0.2034861	0.2875047	0.3870988	0.3137441	0.2642726	0.2782154	0.2407948	0.2290228	0.1497484	0.3045245	0.2648889	0.3682483	0.3316821	0.2158756	0.4023503	0.3281784	0.1955362	0.5878318	0.1269905	0.2551257	0.1351259	0.1778667	0.3573085	0.2413954	0.3200214	0.3195554	0.2414741	0.1467865	0.2606207	0.2817498	0.1622384	0.2367147	0.2258152	0.2155514	0.3612234	0.2851643	0.5399291	0.922055	0.4217919	0.3324267	0.4373168	0.4234329	0.3642888	0.4336153	0.467279	0.347087
04.06.2020 20:41:00	57	0.5033577	0.3397731	0.2123827	0.2249845	0.1726051	0.2131093	0.2465458	0.2003567	0.1988551	0.251708	0.2692477	0.4653045	0.241132	0.1223281	0.1435424	0.2305865	0.1921119	0.1396134	0.209848	0.1110039	0.1774096	0.1075944	0.1376256	0.334941	0.2514887	0.2316973	0.1743087	0.1822694	0.2107877	0.2081074	0.4072396	0.1902746	0.1804865	0.2538079	0.1930145	0.4566169	0.2364254	0.2516009	0.2087477	0.1921545	0.1671628	0.6889324	0.370584	0.1599275	1.235082	0.07172886	0.293896	2.082307	0.2236145	0.1804259	0.2584174	0.3472472	0.2892905	0.2403836	0.2484636	0.2196033	0.2094942	0.1372882	0.2754133	0.2581019	0.3434742	0.3033873	0.192864	0.358375	0.2944748	0.1791887	0.596799	0.1398677	0.295135	0.1300784	0.2272227	0.3274177	0.2262433	0.289058	0.2952447	0.2237475	0.1330518	0.2352667	0.253786	0.1485637	0.2149221	0.2076982	0.1960475	0.3350181	0.2761889	0.5311075	0.9197178	0.4063608	0.3183682	0.4242689	0.4106162	0.3485939	0.4066548	0.43839	0.3233527
04.06.2020 23:41:00	60	0.5108961	0.3197869	0.1977868	0.2052317	0.1574706	0.1926481	0.2229322	0.1810934	0.186783	0.2327178	0.2580269	0.4759038	0.2234847	0.1134314	0.1332826	0.2098835	0.1765049	0.1283657	0.1889776	0.1026498	0.1632303	0.09937427	0.1279871	0.3184879	0.2330069	0.2109076	0.1592826	0.1629817	0.189313	0.1866764	0.3753425	0.1717743	0.1633507	0.2294318	0.1768333	0.4391036	0.2194187	0.224386	0.1862911	0.1739875	0.1481647	0.6068382	0.4518319	0.1450608	1.442145	0.1472511	0.3656339	2.119627	0.2094337	0.1662964	0.2309611	0.3103485	0.2565694	0.2172711	0.2227542	0.1951733	0.1906406	0.1241678	0.2512003	0.2661707	0.3214303	0.2802125	0.174477	0.3215278	0.2624612	0.1635416	0.7145374	0.1982487	0.3171884	0.2081698	0.2472425	1.198201	0.2124851	0.2639895	0.2690149	0.2043495	0.1240892	0.2145997	0.2308243	0.1367018	0.1986679	0.1900418	0.178333	0.3134312	0.2664527	0.530002	0.9006376	0.3913721	0.3062416	0.4126149	0.3978149	0.3428561	0.3876041	0.4067191	0.3012332
05.06.2020 02:41:00	63	0.5088731	0.3051018	0.1836142	0.190201	0.1443406	0.1731527	0.2040097	0.1652029	0.1742689	0.2224178	0.246766	0.4877861	0.2094482	0.1033028	0.1243506	0.1939493	0.1575916	0.1182981	0.1732883	0.09361236	0.1492543	0.09060572	0.1194082	0.3055308	0.2184462	0.1926952	0.1426768	0.1464822	0.1716221	0.1695631	0.3297605	0.1561477	0.1473005	0.206264	0.1615983	0.438942	0.20484	0.2037068	0.1652982	0.1576657	0.1334243	0.5547443	0.495003	0.1295867	1.596297	0.1781787	0.3881345	2.161231	0.1956308	0.1492051	0.2068885	0.2742787	0.2285721	0.1945409	0.2017314	0.1757262	0.1729869	0.113382	0.2299149	0.2813604	0.3049763	0.2512672	0.158906	0.2918373	0.233898	0.1479206	0.7227706	0.2140579	0.3612286	0.1782685	0.3214988	0.9601868	0.2001065	0.2378448	0.2436683	0.1866458	0.1169397	0.1981483	0.2109313	0.1265577	0.1801338	0.173125	0.1631509	0.2887557	0.2626573	0.5247693	0.8844182	0.3864155	0.3089731	0.4221227	0.3852648	0.328888	0.3723902	0.3827387	0.2791971
05.06.2020 05:41:00	66	0.5103553	0.2886411	0.1717766	0.1755182	0.1311656	0.1604775	0.1860951	0.152332	0.1636241	0.2097518	0.2386357	0.4864711	0.1989463	0.09729042	0.1150052	0.1767145	0.1452214	0.1069072	0.1584689	0.08777921	0.1354112	0.08405956	0.1121834	0.2965528	0.2052828	0.1745632	0.1279	0.1343799	0.1538556	0.1548949	0.2837	0.139378	0.1340389	0.1866683	0.1496245	0.4424081	0.1905932	0.1846051	0.1487385	0.1432251	0.1199525	0.506494	0.4102566	0.1175676	1.640982	0.2034925	0.4849032	2.016603	0.1856357	0.1368046	0.1875476	0.2495343	0.2053239	0.177074	0.182921	0.1599707	0.1566443	0.1041446	0.2079846	0.2919707	0.2875102	0.2311227	0.1444695	0.2679907	0.2122684	0.1336374	0.6989222	0.2212214	0.437553	0.2221527	0.3587651	2.023757	0.1901888	0.2170361	0.2250011	0.1717758	0.1074641	0.1843762	0.1934648	0.1191989	0.1645261	0.1608725	0.1490477	0.2717543	0.2692501	0.515259	0.8700904	0.4042276	0.3230324	0.4359761	0.3857241	0.3186078	0.3524132	0.3653867	0.2602682
05.06.2020 08:41:00	69	0.5210585	0.2826059	0.1610804	0.1629176	0.1214382	0.1471276	0.1710292	0.1409118	0.1561083	0.2002529	0.233479	0.4839002	0.1883688	0.09165452	0.1088695	0.1638414	0.1328836	0.09769991	0.1448293	0.080336	0.1243696	0.07814501	0.1070257	0.3025789	0.1942948	0.1598507	0.1162749	0.1215457	0.1392801	0.1385754	0.2556389	0.1260567	0.1205155	0.1729156	0.1365058	0.4469829	0.1826523	0.168285	0.1347693	0.1299741	0.1079975	0.4412187	0.5174463	0.1053223	1.637272	0.2267158	0.5227851	2.008314	0.1779347	0.1224133	0.1687076	0.2192905	0.1821218	0.1625144	0.1655699	0.144024	0.142414	0.09580891	0.190372	0.2983656	0.2698599	0.213016	0.1312201	0.2457628	0.1953267	0.1240829	0.7583178	0.18964	0.4785246	0.2554743	0.4047291	1.500772	0.1800346	0.1987394	0.2060934	0.1608884	0.1016579	0.1715564	0.1759028	0.1127007	0.1503377	0.1480415	0.1368438	0.2555094	0.2753326	0.5088426	0.8545741	0.4258381	0.3342246	0.4453835	0.3922739	0.3179038	0.3394123	0.3438295	0.2453647
