Vessel Name: 19042020_InCu_KaKr_KK1-59_P5_2
Metric: GFP Integrated Intensity / RFP Integrated Intensity
Cell Type: 
Passage: 0
Notes: 
Analysis: KaKr-A549-H2B-GFP/-RFP_DEFv10

Date Time	Elapsed	AC005013.1	ACE2	ACO1	ADAM12	ADAMDEC1	ADAR	ADORA3	AIM2	AKAP2	ALOX5AP	ANKRD22	APOBEC3A	APOBEC3G	APOL1	APOL2	APOL3	APOL4	APOL6	ARAP1	ARL9	ASGR1	ATF3	ATF7IP	ATXN1	BATF	BATF2	BRD3	BST2	C19ORF66	C6ORF100	C9ORF91	CAPN15	CASP1	CBFA2T3	CCL13	CCL2	CCL24	CCL7	CCL8	CCNA1	CCR1	CCR2	CD180	CD274	CD38	CD69	CD80	CEACAM1	CFB	CFHR1	CH25H	CHST2	CLEC5A	CLECL1	CMKLR1	CMPK2	CNP	CTAGE1	CX3CR1	CXCL10	CXCL11	CXCL3	CXCL9	CYP2J2	DCT	DDX58	DDX60	DDX60L	DEFB1	DHX58	DOK1	DOK2	DOK3	DTX3L	DUSP7	EIF2AK2	EMP1	EMR3	ENG	ENPP2	EPHB2	EPSTI1	ETV7	EVI2A	C1 (Mx2)	C2 (STAT1)	C3 (MAVS)	C4 (BST2)	C5 (EIF2AK2)	C6 (RSAD2)	C7 (NTC1)	C8 (NTC2)	C9 (NTC3)	C10 (NTC4)	C11 (NTC5)
19.04.2020 18:22:00	0	0,006886051	0,007887983	0,006932652	0,007255335	0,006866088	0,008585257	0,009080761	0,01261325	0,008398858	0,005515418	0,00546114	0,00714644	0,007725128	0,008229034	0,007223036	0,01288911	0,006541896	0,008696713	0,01133338	0,02023346	0,01062357	0,007255021	0,00897932	0,007987546	0,008787248	0,007569864	0,006605841	0,01741916	0,01054027	0,008505433	0,01263648	0,006959603	0,007415767	0,009722999	0,008995106	0,006312181	0,008182979	0,009321142	0,007945723	0,005333545	0,005343622	0,01217136	0,02032617	0,007119109	0,00872754	0,006771723	0,008132393	0,05758901	0,01603235	0,008188991	0,006682782	0,005696238	0,006909756	0,01120008	0,007929766	0,006771178	0,009841	0,01274568	0,008160444	0,007941534	0,003548843	0,004619515	0,006309669	0,00510963	0,006591072	0,007642013	0,006279658	0,006813173	0,005925743	0,009492379	0,01344349	0,01144297	0,009564411	0,007895507	0,007187348	0,01065569	0,009184006	0,007791917	0,006959235	0,005246677	0,007576579	0,00596971	0,01174916	0,007504755	0,006591958	0,008118518	0,01216796	0,02026089	0,01051678	0,009320084	0,03662398	0,006290347	0,006892541	0,006873335	0,005737441
19.04.2020 21:22:00	3	0,006080888	0,00648059	0,005253614	0,00577394	0,006151898	0,007386966	0,007794457	0,0105418	0,007603248	0,005114412	0,004691993	0,006242224	0,006118911	0,006668178	0,006399921	0,01144408	0,005618519	0,007082767	0,009949894	0,01471991	0,009103355	0,005581054	0,007290646	0,006213773	0,007863011	0,006249328	0,00568159	0,01561951	0,009044408	0,006507307	0,01080186	0,005584104	0,006146303	0,007867971	0,008201743	0,005243657	0,007080487	0,008687536	0,007224873	0,004272541	0,004942963	0,01056538	0,01955608	0,005504584	0,007541539	0,00573048	0,006833788	0,04238156	0,0144923	0,006754812	0,00599574	0,005056417	0,005353896	0,0089419	0,006059757	0,006265962	0,008233463	0,007909978	0,006514263	0,006697722	0,003120977	0,003866205	0,005118389	0,004702675	0,005872525	0,006500363	0,005386004	0,005187057	0,005160194	0,005415618	0,01137054	0,009703209	0,008298409	0,007207927	0,006400042	0,009112724	0,007708521	0,007252571	0,006020302	0,00530998	0,006533157	0,005102521	0,01033512	0,00620756	0,006174563	0,007327278	0,01017115	0,01845659	0,008163208	0,007760451	0,02620426	0,005526756	0,005558826	0,005791894	0,004953501
20.04.2020 00:22:00	6	0,005399711	0,005674344	0,004994394	0,005312409	0,005442401	0,006796836	0,006879606	0,01030115	0,00642165	0,004891111	0,004060952	0,005868196	0,005764282	0,005524101	0,005295232	0,009748035	0,005081948	0,006626041	0,009026994	0,01134802	0,008048697	0,005838718	0,006364253	0,005645367	0,007134552	0,005671506	0,004733802	0,01448991	0,008008933	0,005268054	0,01026756	0,005099945	0,005990417	0,00690289	0,007440913	0,00529478	0,00609304	0,007646031	0,006429005	0,004006302	0,004341603	0,009292949	0,01781088	0,005008522	0,006582768	0,005221529	0,006137146	0,01008088	0,01362947	0,005237861	0,005344657	0,004279606	0,004832877	0,007521509	0,006156106	0,005404122	0,006992246	0,006123635	0,005756349	0,005981538	0,00287004	0,003401624	0,004598217	0,004150555	0,004824259	0,005788678	0,004599036	0,004640888	0,004707841	0,004345878	0,009841132	0,009113847	0,007589549	0,006119194	0,005657598	0,008016347	0,006494272	0,006461346	0,005925755	0,004359662	0,00542453	0,004767859	0,009353344	0,005763995	0,005218918	0,006517221	0,009506071	0,01671923	0,007252343	0,007490354	0,004817905	0,0052	0,005202132	0,005276984	0,004466678
20.04.2020 03:22:00	9	0,005042391	0,00502041	0,004461767	0,004798183	0,004795454	0,006228525	0,006146991	0,01012102	0,006010858	0,004615587	0,004010016	0,005147418	0,005082897	0,004782093	0,004629025	0,00877915	0,004366384	0,006267337	0,007956347	0,009186558	0,00733811	0,005584153	0,005946916	0,005048098	0,006698499	0,004996922	0,004172935	0,01343142	0,007310797	0,004698006	0,009083364	0,004035986	0,005487077	0,00678998	0,006636989	0,004788646	0,005285779	0,006847534	0,005899828	0,003544336	0,003856142	0,007966616	0,01659696	0,004679588	0,006189473	0,004461987	0,005470923	0,009282515	0,01300726	0,004947098	0,005220637	0,00375932	0,004114009	0,007178136	0,006028991	0,004751144	0,00647391	0,004463345	0,004767909	0,005341988	0,002300683	0,003047974	0,00407686	0,003847596	0,003784907	0,005020498	0,004445261	0,004352476	0,004088585	0,004459856	0,01022346	0,008051202	0,006662928	0,005510197	0,005140719	0,007795801	0,005635858	0,005920784	0,00492108	0,003890955	0,004673244	0,003977069	0,009299727	0,005053025	0,004877366	0,005650024	0,008485693	0,01565322	0,007175941	0,006836435	0,004531397	0,004944927	0,005218488	0,004685702	0,004076334
20.04.2020 06:22:00	12	0,004799603	0,004502116	0,004038827	0,004654007	0,004598392	0,005409963	0,00602469	0,00960834	0,005775806	0,00435982	0,003376933	0,004834858	0,004308505	0,004257889	0,003865032	0,008562363	0,003496045	0,005388064	0,007320576	0,008932482	0,00697038	0,004989946	0,00522605	0,004734212	0,006228646	0,004784037	0,004013162	0,01260859	0,006832567	0,004346474	0,008629372	0,003370758	0,005239473	0,006324735	0,006426428	0,0043458	0,004859173	0,006361357	0,005367018	0,00285231	0,003543283	0,007271808	0,01499607	0,004278275	0,005927403	0,004125958	0,005166396	0,008282825	0,01122035	0,003944445	0,004853435	0,003643196	0,003568974	0,006346512	0,005579192	0,00450392	0,005791485	0,003954783	0,004526122	0,005287159	0,001986972	0,002829697	0,003843162	0,003867767	0,003569545	0,004549215	0,004060251	0,003640841	0,004018126	0,003653583	0,009326174	0,007583749	0,006118989	0,005077008	0,004980023	0,007038703	0,005481749	0,005228569	0,004416527	0,003712776	0,004365336	0,003786492	0,007690583	0,004622378	0,004669846	0,005126795	0,007940974	0,01398244	0,006475763	0,006110006	0,004397159	0,004378633	0,00438106	0,004199228	0,003396417
20.04.2020 09:22:00	15	0,004322004	0,00455993	0,004233735	0,004586147	0,004834272	0,005097799	0,00571407	0,009654839	0,00629922	0,004000072	0,003345538	0,004254726	0,004589942	0,004030072	0,004030233	0,007432995	0,003933743	0,005415492	0,007427106	0,008291353	0,006673337	0,004427291	0,005455188	0,00430876	0,006559955	0,004977685	0,004337841	0,01239669	0,006736684	0,004151386	0,009044224	0,003499178	0,005056222	0,006326634	0,00623441	0,004342207	0,005276222	0,006386727	0,005126419	0,003028719	0,003678987	0,007441712	0,01449451	0,003891862	0,006037153	0,004214264	0,005710466	0,007786383	0,0106177	0,004243976	0,005406868	0,003661261	0,004184433	0,006361356	0,005345297	0,004763305	0,005627124	0,00396822	0,004345112	0,004604105	0,002221378	0,002784479	0,004006237	0,003528719	0,003742585	0,005121785	0,003637704	0,003771428	0,004139281	0,003104748	0,00821072	0,007436035	0,006072407	0,004789326	0,005001174	0,007048723	0,005109408	0,005664092	0,004718708	0,003747803	0,004344171	0,003792511	0,007107351	0,004359362	0,004636072	0,005358119	0,008079576	0,01390381	0,006095209	0,005841635	0,003981055	0,004203486	0,003851453	0,004061547	0,003165229
20.04.2020 12:22:00	18	0,006151526	0,007269278	0,006339827	0,006847475	0,01018393	0,00737525	0,008789729	0,01108735	0,01398068	0,006804534	0,004838106	0,006423254	0,006687027	0,007990831	0,007817542	0,01040703	0,006586747	0,008732235	0,009117831	0,00811005	0,00872378	0,009012762	0,01011169	0,006192692	0,01187685	0,008934427	0,008554135	0,01977065	0,009186036	0,005933106	0,0150867	0,008386788	0,008008115	0,0101931	0,007677432	0,005345462	0,01095193	0,008376724	0,008891433	0,005231602	0,006462012	0,01051491	0,01552807	0,006816559	0,007830432	0,007058603	0,01013377	0,01044199	0,01421867	0,00668198	0,01085702	0,00769328	0,008448601	0,008580652	0,009636533	0,01025472	0,006992497	0,007987768	0,006024594	0,006238707	0,004486357	0,005169178	0,007609109	0,00904875	0,007291525	0,01201784	0,005466687	0,006295751	0,008401494	0,005550071	0,01170402	0,009416838	0,01034463	0,006717652	0,007442486	0,008952015	0,007866739	0,009533784	0,006375096	0,006688926	0,00733907	0,007633181	0,009442553	0,006026896	0,007289309	0,01808557	0,0142411	0,01723353	0,006622939	0,008164585	0,004126331	0,005752599	0,004879491	0,005211288	0,004272896
20.04.2020 15:22:00	21	0,01430364	0,0198369	0,01681858	0,01756821	0,02713047	0,01913096	0,02372333	0,01680732	0,04316387	0,01526817	0,009891734	0,01836602	0,0161987	0,02167446	0,02076536	0,02492183	0,01759231	0,01955916	0,01690018	0,01010316	0,01718159	0,02256257	0,02876791	0,01289594	0,02972762	0,02047799	0,02081601	0,03631312	0,01763514	0,01261667	0,03310859	0,02213751	0,02183123	0,02489009	0,01219296	0,0112438	0,03134896	0,01598381	0,02525258	0,01034711	0,01708334	0,02031495	0,02154463	0,0156573	0,01540743	0,01510052	0,02468661	0,02011926	0,02950994	0,01697133	0,02741889	0,01797413	0,01983069	0,01554636	0,02350855	0,02341428	0,01271901	0,01913513	0,01214803	0,01477719	0,01273162	0,01452204	0,01760481	0,02709259	0,01925423	0,04151248	0,01236102	0,0165723	0,02021487	0,01350073	0,0241316	0,01588365	0,02504201	0,0140741	0,01585894	0,01368153	0,01585223	0,02335397	0,01617786	0,0170077	0,0179346	0,02080963	0,01703866	0,01348881	0,01558674	0,08060545	0,04968042	0,0288773	0,009024317	0,01672302	0,009293245	0,01161447	0,008754395	0,01254438	0,01080489
20.04.2020 18:22:00	24	0,02853839	0,03754725	0,03492325	0,0353724	0,05204632	0,03808793	0,04606387	0,0269686	0,08563031	0,02593993	0,02025021	0,04000033	0,02931188	0,04229059	0,03838679	0,05446872	0,03261736	0,03367163	0,02892906	0,01454382	0,02725651	0,03995174	0,05615877	0,02673936	0,05289281	0,03649174	0,0342862	0,05629306	0,02955057	0,01957371	0,05938834	0,0412396	0,0423464	0,04456024	0,01710736	0,02181339	0,0571838	0,0265516	0,04927372	0,0164148	0,02922649	0,03056067	0,03174673	0,02952434	0,02527237	0,02357542	0,04739147	0,03397759	0,05269102	0,03056754	0,05184837	0,02888935	0,03457655	0,02576185	0,04568401	0,0434512	0,01921504	0,03318997	0,0208393	0,0292998	0,02418488	0,02553875	0,02753618	0,04930623	0,0359618	0,1051611	0,02063185	0,0321594	0,03339097	0,024028	0,04412085	0,0276978	0,04449594	0,02478148	0,0267907	0,02092473	0,02460577	0,04023968	0,03038589	0,03021178	0,02957598	0,03996113	0,02845588	0,02358593	0,02851919	0,2027669	0,1271897	0,04406399	0,01373717	0,03017243	0,01637446	0,02283164	0,01580836	0,02369191	0,02143015
20.04.2020 21:22:00	27	0,04244334	0,05447476	0,05284723	0,05398938	0,08048797	0,05907663	0,06793522	0,03779881	0,1296852	0,03771469	0,02933694	0,06597546	0,0433572	0,05772609	0,05148054	0,08405606	0,04633406	0,0460038	0,04044241	0,01842879	0,03415745	0,05519589	0,07934511	0,04129315	0,06920414	0,04932405	0,04484969	0,07146444	0,0408621	0,02458995	0,08346356	0,05493907	0,06181929	0,06224218	0,02240728	0,03218099	0,07655945	0,03693805	0,06889468	0,02104948	0,03852525	0,03741157	0,03985587	0,04308276	0,03287438	0,03089715	0,06854264	0,04331256	0,07666308	0,03998897	0,07228399	0,03602766	0,04662054	0,03159068	0,06720595	0,05990456	0,02460446	0,04471214	0,02860309	0,04370312	0,03428623	0,03376878	0,03535491	0,06888356	0,04769465	0,1916429	0,02548156	0,04508504	0,04266031	0,0321109	0,06196675	0,03658504	0,05943497	0,03274779	0,03358074	0,02664528	0,03067392	0,05111915	0,04363964	0,03909884	0,03826289	0,05602105	0,03831382	0,03051729	0,04211728	0,3766568	0,2377632	0,05863307	0,01731725	0,04005021	0,02292094	0,03537741	0,02168968	0,03587407	0,0296455
21.04.2020 00:22:00	30	0,05380739	0,06507365	0,06654955	0,06634052	0,1030317	0,07858716	0,08437221	0,04674304	0,158215	0,04522142	0,03599687	0,0864784	0,05342361	0,06627186	0,05927211	0,1067138	0,05382867	0,05271551	0,04835099	0,02123301	0,03747135	0,06355602	0,09522308	0,05209793	0,07985907	0,0553819	0,05155696	0,08076733	0,04705338	0,02750199	0,09740222	0,06144969	0,07948271	0,07208113	0,02510813	0,04024073	0,08873418	0,04458738	0,08231062	0,02430072	0,04427924	0,03929687	0,04470279	0,0517695	0,0379774	0,03626749	0,08398192	0,04678825	0,09424598	0,04476311	0,08581505	0,0401796	0,05513471	0,03559597	0,0820831	0,07122646	0,02860027	0,0533374	0,03352277	0,05342868	0,03965008	0,03819646	0,04027151	0,07947177	0,05317045	0,2892529	0,02832794	0,0538295	0,04792904	0,03824108	0,07299459	0,04456655	0,06893944	0,03751663	0,03732745	0,02935433	0,03461702	0,05870377	0,05241631	0,04419789	0,04346423	0,06681061	0,045825	0,03447243	0,05297912	0,5884269	0,3643622	0,0668494	0,0189886	0,04693858	0,02812886	0,04369682	0,02571302	0,04425754	0,03539448
21.04.2020 03:22:00	33	0,05971453	0,07028613	0,0745915	0,07268996	0,1155736	0,09170479	0,09339891	0,05180796	0,1733952	0,05123698	0,03950399	0,100834	0,05899621	0,06968375	0,06120836	0,1185732	0,05592393	0,05466537	0,05179342	0,02268526	0,03852238	0,0668591	0,1046345	0,05960497	0,08504377	0,05773939	0,05362273	0,08234302	0,05076705	0,02779743	0,1024146	0,06210799	0,08595339	0,07825162	0,02607544	0,04528389	0,09418397	0,04839229	0,088097	0,02519478	0,04632543	0,03951796	0,04703607	0,05552803	0,03992797	0,0389216	0,09353361	0,04816752	0,1023695	0,04609938	0,09145734	0,04118123	0,05889015	0,03590721	0,08825749	0,07748448	0,02885423	0,05749115	0,03463032	0,05897399	0,04281243	0,04070608	0,04067434	0,08350164	0,05578232	0,3795302	0,02889621	0,0561246	0,04817316	0,04045955	0,07451585	0,04682182	0,07067584	0,03929402	0,03835436	0,030115	0,03473547	0,06102067	0,05623521	0,04626263	0,04389039	0,07009042	0,04883447	0,03591709	0,05852708	0,7987856	0,4936146	0,07143343	0,0193002	0,05045604	0,0302709	0,04836073	0,0276438	0,04846288	0,03686419
21.04.2020 06:22:00	36	0,06095397	0,07214374	0,07660703	0,07397074	0,1187003	0,09702909	0,095383	0,05505292	0,1775279	0,05317499	0,04025289	0,1077255	0,0610061	0,06895005	0,06013704	0,1231362	0,05616887	0,05413797	0,05196145	0,02246949	0,03791329	0,06711689	0,1052604	0,06177737	0,08653696	0,05769074	0,05282114	0,08192835	0,05012503	0,02780136	0,1010568	0,05973304	0,08700161	0,07741791	0,02446028	0,0462755	0,09205772	0,04926563	0,08654601	0,02438222	0,04560761	0,03802675	0,04568002	0,0564254	0,03871705	0,03876187	0,09453908	0,04636056	0,1028311	0,04490906	0,09185883	0,03977422	0,06031762	0,03483929	0,0893943	0,07622348	0,02726522	0,05741502	0,03471301	0,06085509	0,04269853	0,04065181	0,03895839	0,08277161	0,0558369	0,4381742	0,02781611	0,05642063	0,04584084	0,04054348	0,07112844	0,04711528	0,06973605	0,03850067	0,03705528	0,03006077	0,03350768	0,05860182	0,05595691	0,04510323	0,04181581	0,06978311	0,04869446	0,03507302	0,05975612	0,9764182	0,5960279	0,0713857	0,01880603	0,04987064	0,03097033	0,05035074	0,02752332	0,04886057	0,0363588
21.04.2020 09:22:00	39	0,06053925	0,06879705	0,07583989	0,07157795	0,1176848	0,09809159	0,09485646	0,05346093	0,1721346	0,05220598	0,03878835	0,1072514	0,05984402	0,06571708	0,05848242	0,1209824	0,05359439	0,05166345	0,04981282	0,02118514	0,0358411	0,06400923	0,1028035	0,06130763	0,0819437	0,05509951	0,05029887	0,07785474	0,04911431	0,02584725	0,09698703	0,05522622	0,08597823	0,0725453	0,02315825	0,04587168	0,08772088	0,04671445	0,08334161	0,02348085	0,04374979	0,03605232	0,04373204	0,05518279	0,03680023	0,03649469	0,09178948	0,03964264	0,09959725	0,04228558	0,0873443	0,03721507	0,05760483	0,03336565	0,08672573	0,07316855	0,0249955	0,05382372	0,03393596	0,06054566	0,04094537	0,03976036	0,03707122	0,0798419	0,05186328	0,4765269	0,02695517	0,05473062	0,04215444	0,03870154	0,06903467	0,04584606	0,06600864	0,03715531	0,03526914	0,02878669	0,03085916	0,05529411	0,05448392	0,04293445	0,03983253	0,06750712	0,04878161	0,03328884	0,0599906	1,129905	0,677052	0,07049034	0,01767463	0,04832425	0,02958778	0,04948891	0,02784571	0,04742759	0,03487851
21.04.2020 12:22:00	42	0,05852227	0,06386411	0,07411905	0,06805487	0,1124618	0,09355258	0,08974154	0,05152876	0,1621709	0,0503769	0,03682104	0,1034908	0,05693569	0,06193879	0,05410974	0,1167874	0,04868113	0,04837896	0,04665288	0,02040419	0,03410028	0,0600771	0,09632799	0,05790549	0,07679489	0,05198946	0,04721234	0,07426793	0,04644506	0,02403429	0,09341237	0,05157749	0,08206695	0,06713785	0,02209771	0,04421892	0,08073118	0,04452141	0,07872938	0,02259994	0,04022545	0,0338685	0,04156643	0,05333858	0,03545363	0,03431746	0,08640503	0,03626538	0,09494638	0,03944809	0,08316469	0,03450464	0,05458812	0,03108712	0,08379372	0,06872188	0,02369981	0,05044283	0,03271702	0,05879967	0,03871209	0,03677496	0,03385125	0,07349031	0,04899704	0,4922994	0,02566375	0,05130914	0,03859177	0,03599868	0,06373489	0,04325793	0,06209499	0,03405373	0,03378385	0,02729776	0,02854512	0,0518355	0,05246259	0,03953928	0,03775113	0,06293916	0,0474032	0,0314266	0,05714074	1,268732	0,7195974	0,06774137	0,01535484	0,04469922	0,02871284	0,04683902	0,02559767	0,0453237	0,03290401
21.04.2020 15:22:00	45	0,05643544	0,06053418	0,07078408	0,06566247	0,1100353	0,08991414	0,08645465	0,04790334	0,153618	0,04829479	0,03499453	0,09807462	0,05432791	0,05836678	0,05096162	0,1139964	0,04731676	0,04607283	0,04330985	0,02026639	0,03264116	0,05605518	0,09029351	0,05607976	0,07500558	0,04974061	0,04450579	0,07091913	0,04529726	0,02287591	0,08885123	0,04957348	0,07839587	0,06232257	0,02201108	0,04295837	0,07817082	0,04300474	0,07476743	0,02181254	0,03822564	0,03262426	0,03921203	0,05099722	0,0341691	0,03249974	0,08379254	0,03502235	0,09022838	0,03794711	0,07947808	0,03304321	0,05230549	0,02740341	0,08062447	0,06575181	0,02319684	0,04732338	0,03006105	0,05499669	0,03675541	0,03532967	0,03267688	0,07005825	0,04601968	0,4995569	0,02387179	0,04902266	0,03566916	0,03401896	0,06028106	0,04161425	0,05950876	0,03194774	0,03223015	0,02673265	0,02646774	0,047108	0,05021123	0,03748397	0,03612359	0,05940949	0,04448872	0,0305609	0,05561404	1,412974	0,7600302	0,0653943	0,01432165	0,04236849	0,02804092	0,0446536	0,02474075	0,04318027	0,03141854
21.04.2020 18:22:00	48	0,05046611	0,05563676	0,06409304	0,05972883	0,09869916	0,08210254	0,07971051	0,04548476	0,1391155	0,04402068	0,03277177	0,08896241	0,04946836	0,05221307	0,04545603	0,1006411	0,04307193	0,04166473	0,03891465	0,01885602	0,02992859	0,05243216	0,08105096	0,05132831	0,06843764	0,04486099	0,04051391	0,06556766	0,04133491	0,02109204	0,0814051	0,04413407	0,07126161	0,05652215	0,02001693	0,03986083	0,07208281	0,03709097	0,0677659	0,01932767	0,03483208	0,03026595	0,03655616	0,04683745	0,03133791	0,03003473	0,07551219	0,032349	0,08157934	0,03457277	0,07317431	0,02946052	0,04692803	0,02557407	0,07288229	0,0598612	0,02156144	0,04335773	0,02842986	0,0514011	0,03405987	0,03282357	0,02907271	0,06440087	0,04186112	0,4827774	0,02139354	0,04423395	0,03128578	0,03107137	0,05452104	0,03827221	0,05439017	0,02917568	0,02877919	0,02346954	0,02372367	0,04252364	0,04619688	0,03539168	0,03324172	0,05348671	0,04118938	0,02798556	0,05045396	1,489938	0,7439001	0,05883659	0,01261246	0,037972	0,02485197	0,04030827	0,02191116	0,03891159	0,02905037
21.04.2020 21:22:00	51	0,04732625	0,05110377	0,05841704	0,05438517	0,08964527	0,07612237	0,0739762	0,04297385	0,12536	0,04126355	0,03045539	0,08218195	0,04498043	0,04665801	0,0416531	0,09174446	0,04080727	0,03867433	0,03638798	0,01793853	0,02709033	0,04727127	0,07365393	0,04626254	0,06342155	0,04093205	0,03824409	0,06060363	0,03822817	0,01993721	0,07382996	0,04034214	0,06329882	0,05151245	0,01829409	0,03633802	0,06460868	0,03467845	0,06122532	0,01785542	0,03159443	0,02803445	0,03412244	0,04261408	0,02871988	0,027627	0,06807973	0,02942132	0,07526086	0,03179141	0,06480737	0,02664524	0,04237397	0,02295346	0,06625853	0,05565274	0,01981429	0,03974071	0,02573408	0,04746233	0,03187491	0,02992795	0,02665005	0,05753754	0,03746522	0,4638192	0,01891179	0,04147547	0,0283424	0,02804607	0,04885604	0,0355619	0,04847321	0,02623059	0,02657455	0,02208741	0,02153759	0,03848518	0,04304733	0,03178972	0,03058318	0,04724101	0,03688619	0,02575396	0,0453808	1,54983	0,7242142	0,0541988	0,01206655	0,03451826	0,02293172	0,03697202	0,0197942	0,03492905	0,02691566
22.04.2020 00:22:00	54	0,04312275	0,04703325	0,05296656	0,04843345	0,0816297	0,07117389	0,06789494	0,03979068	0,1151778	0,03687831	0,02825945	0,07397303	0,04128247	0,04315624	0,03813926	0,08326622	0,03726752	0,03546562	0,03318391	0,01711152	0,0258784	0,04331666	0,06732675	0,04306544	0,05804398	0,0377108	0,036267	0,05525403	0,03559802	0,01821372	0,06723136	0,03659411	0,05697204	0,04737893	0,01724463	0,0334527	0,05918325	0,03251151	0,05649933	0,01628565	0,03011435	0,02616162	0,03176503	0,03857389	0,02686553	0,0253545	0,0616676	0,02825777	0,06826595	0,02901011	0,05799462	0,02462695	0,03933236	0,02088103	0,06068122	0,05101275	0,01863789	0,03613061	0,02319883	0,04428634	0,02931946	0,02775974	0,02422723	0,05261707	0,03356925	0,4348595	0,01742306	0,03830118	0,02594615	0,02590226	0,04491507	0,0326275	0,04540251	0,02326386	0,02439896	0,02014784	0,01979035	0,03523051	0,03931195	0,0285486	0,02912487	0,04443858	0,0336318	0,02437491	0,04165101	1,575901	0,6955069	0,04941753	0,01102875	0,03167094	0,02147179	0,03335638	0,01837637	0,03228266	0,02488383
22.04.2020 03:22:00	57	0,04075005	0,04406917	0,04881442	0,04524001	0,0740339	0,06622791	0,06348778	0,03643161	0,1057006	0,03371223	0,02656292	0,06811421	0,03657469	0,0393533	0,03516353	0,07701337	0,03473685	0,03237592	0,03088027	0,01683343	0,02455046	0,03886014	0,06093612	0,03888487	0,0540438	0,03488041	0,03098358	0,05136474	0,03328966	0,01707109	0,06140474	0,03367667	0,0513694	0,04256025	0,01575446	0,0315297	0,05442769	0,03035997	0,05100352	0,01555031	0,02835366	0,02429063	0,03014661	0,03559772	0,02503192	0,02355301	0,05674033	0,02633483	0,0624234	0,02762073	0,05424396	0,02250177	0,03511325	0,01941949	0,05593268	0,04690738	0,01734597	0,0330797	0,02162074	0,04113609	0,02763282	0,025003	0,02260553	0,04808552	0,03081788	0,4060138	0,0166087	0,03548162	0,02380397	0,024038	0,04089393	0,03040087	0,04225507	0,02055236	0,02333913	0,01927545	0,01824646	0,03115492	0,03576974	0,02639131	0,02694022	0,04045209	0,03082304	0,02313644	0,03865379	1,56382	0,6531036	0,04575353	0,01027293	0,02906239	0,02012575	0,03081203	0,0163524	0,02926094	0,02319627
22.04.2020 06:22:00	60	0,03814278	0,04029278	0,0445471	0,04086846	0,06862044	0,05980913	0,05917526	0,0329353	0,09702819	0,03153339	0,02485011	0,06260464	0,03339312	0,03703335	0,03180249	0,07004112	0,03238572	0,03044258	0,02876488	0,01593548	0,02252802	0,03555372	0,05575373	0,03498852	0,05074845	0,03207923	0,02941724	0,04862829	0,03089239	0,01591934	0,05514155	0,03128959	0,04690563	0,03895184	0,01526811	0,02929594	0,05046041	0,02802962	0,04736079	0,0147532	0,02683182	0,02276407	0,02799805	0,03371105	0,02283603	0,0222389	0,05220032	0,02552948	0,0578252	0,02569173	0,05017648	0,02092622	0,03255954	0,01818861	0,05261688	0,04319621	0,01710332	0,0311645	0,01965155	0,03831852	0,02516071	0,02331524	0,02081544	0,04390202	0,02783943	0,3765523	0,01513021	0,03278707	0,02232453	0,02210302	0,03752837	0,02869042	0,0400901	0,01933072	0,02139718	0,01867407	0,01775019	0,02933141	0,03315277	0,02527913	0,02530533	0,0380559	0,02954283	0,02162584	0,03613698	1,533303	0,6162986	0,04419891	0,01004042	0,02704206	0,0184849	0,02817821	0,01526283	0,02679495	0,02151756
22.04.2020 09:22:00	63	0,03602152	0,03772027	0,04065625	0,03723039	0,06431678	0,05535316	0,05540011	0,03044682	0,08991542	0,03000482	0,02301616	0,05777314	0,03158674	0,03436857	0,02955304	0,06481205	0,03013551	0,02839398	0,02711254	0,01536585	0,02183776	0,03221264	0,05072545	0,0332207	0,04793684	0,0292292	0,02747078	0,04590558	0,02888089	0,01539109	0,05165075	0,02929376	0,04333658	0,03630883	0,01489132	0,02735823	0,04775222	0,02617493	0,04309545	0,01350695	0,02487111	0,02155637	0,02697515	0,03091423	0,02159536	0,02050895	0,046709	0,02419876	0,05307577	0,02374718	0,04671123	0,0194029	0,03057652	0,01697282	0,04879033	0,03995745	0,01622435	0,02892722	0,01808089	0,03579918	0,02292837	0,021834	0,01954011	0,04099801	0,02582387	0,346117	0,01425788	0,03024006	0,02124196	0,02061827	0,03501159	0,02789428	0,03854202	0,01861907	0,02069736	0,01787371	0,01697525	0,02808122	0,0302983	0,02348617	0,02342498	0,03589398	0,02756932	0,02084485	0,03379123	1,476676	0,5753844	0,04162358	0,009598914	0,02487884	0,01732131	0,02584495	0,01470717	0,02530139	0,02025286
22.04.2020 12:22:00	66	0,0337754	0,03551205	0,03790764	0,03502417	0,05902267	0,05176136	0,05085948	0,02914238	0,08296014	0,02822242	0,02212078	0,05384034	0,0296079	0,03216705	0,02772657	0,0590045	0,02750588	0,02727662	0,02580435	0,01535643	0,02097523	0,03004138	0,04532462	0,03076633	0,04504286	0,02761901	0,02606077	0,04293102	0,02698808	0,0146769	0,04900039	0,02769661	0,03979679	0,03406877	0,01462372	0,02641022	0,04502359	0,02438877	0,04034416	0,01279143	0,02310642	0,02020567	0,02586878	0,02920195	0,02081732	0,01912163	0,0430831	0,02322425	0,04962184	0,0224141	0,04372144	0,0187065	0,02886091	0,01648006	0,04404982	0,03679783	0,01590677	0,02708883	0,01653789	0,03350764	0,02204155	0,02005027	0,01880589	0,03791029	0,02450426	0,3165544	0,01319908	0,02858805	0,02032713	0,01924119	0,03241685	0,02726069	0,03693276	0,01797949	0,01960052	0,01711314	0,01639173	0,02630724	0,02849722	0,0219468	0,02249147	0,03307613	0,0265665	0,01956704	0,03227597	1,402313	0,5317669	0,03884429	0,009267553	0,02394425	0,01597817	0,02438252	0,01411449	0,02331376	0,01861228
22.04.2020 15:22:00	69	0,03183054	0,03329261	0,03581638	0,03324568	0,05518881	0,04872343	0,04749441	0,02710965	0,07783754	0,02585259	0,02130032	0,04951151	0,02821565	0,03022208	0,02619443	0,05553556	0,02610697	0,026057	0,02484567	0,01502258	0,02044406	0,02841465	0,04226737	0,02902959	0,04238671	0,02607694	0,02464898	0,04165433	0,0254398	0,01336653	0,04679939	0,02671011	0,03616898	0,0322376	0,01376607	0,02523598	0,04290205	0,02339543	0,03775562	0,01224283	0,02158064	0,01945681	0,02508162	0,02713223	0,02013084	0,01833765	0,03989933	0,02273014	0,04631016	0,02140152	0,03896679	0,01769209	0,02632291	0,01525629	0,0409829	0,03392604	0,01581821	0,02502728	0,01553785	0,03161189	0,02152281	0,01870733	0,01836677	0,03517616	0,0231127	0,2920128	0,01244877	0,0271251	0,01931501	0,01845781	0,03056599	0,0262902	0,03514801	0,01719162	0,01840558	0,01664678	0,01574192	0,02509186	0,0264262	0,0207983	0,02207393	0,03053908	0,02561584	0,01892805	0,03054576	1,332067	0,4954899	0,03766189	0,009341278	0,02306499	0,01549312	0,02280991	0,01343936	0,02201793	0,01817417
