Vessel Name: 22042020_InCu_KaKr_KK1-60_P5_3
Metric: GFP Integrated Intensity / RFP Integrated Intensity
Cell Type: 
Passage: 0
Notes: 
Analysis: KaKr-A549-H2B-GFP/-RFP_DEFv10

Date Time	Elapsed	AC005013.1	ACO1	ADAM12	ADAMDEC1	ADAR	ADORA3	AIM2	AKAP2	ALOX5AP	ANKRD22	APOBEC3A	APOBEC3G	APOL1	APOL2	APOL3	APOL4	APOL6	ARAP1	ARL9	ASGR1	ATF3	ATF7IP	ATXN1	BATF	BATF2	BRD3	C19orf66	C6orf100	C9orf91	CAPN15	CASP1	CBFA2T3	CCL13	CCL2	CCL24	CCL7	CCL8	CCNA1	CCR1	CCR2	CD180	CD274	CD38	CD69	CD80	CEACAM1	CFB	CFHR1	CH25H	CHST2	CLEC5A	CLECL1	CMKLR1	CMPK2	CNP	CTAGE1	CX3CR1	CXCL10	CXCL11	CXCL3	CXCL9	CYP2J2	DCT	DDX58	DDX60	DDX60L	DEFB1	DHX58	DOK1	DOK2	DOK3	DTX3L	DUSP7	EMP1	EMR3	ENG	ENPP2	EPHB2	EPSTI1	ETV7	EVI2A	STAT1	MAVS	BST2	EIF2AK2	RSAD2	NTC1	NTC2	NTC3	NTC4	NTC5
22.04.2020 18:32:00	0	0.007642859	0.003768017	0.0042297	0.004181811	0.007155512	0.004553346	0.005222125	0.004181438	0.004605122	0.003681627	0.002951289	0.0276424	0.008857632	0.003652301	0.006943372	0.005594255	0.005013349	0.006152882	0.0201569	0.006464634	0.004099823	0.004664625	0.003394571	0.02229511	0.01208787	0.01364938	0.008567253	0.00640189	0.00762972	0.00535226	0.004698348	0.02334986	0.005740305	0.00356676	0.01182699	0.03486108	0.00624414	0.004987136	0.003621424	0.005787146	0.006325119	0.004275536	0.03151315	0.02567166	0.004147408	0.007729829	0.006495016	0.0117076	0.005127947	0.00377183	0.006053821	0.01802216	0.003624442	0.003482882	0.004911846	0.003621084	0.003998538	0.00376316	0.003025963	0.01847763	0.02884706	0.02583663	0.0167038	0.03373982	0.002672566	0.003876358	0.04429555	0.0349106	0.04417409	0.005151138	0.03121581	0.01290908	0.007150861	0.004255885	0.008186272	0.00466995	0.003746283	0.003529177	0.003634551	0.004649484	0.003095474	0.005038857	0.007916746	0.01956614	0.02126718	0.003927949	0.003957835	0.02457944	0.01545367	0.003132325	0.002854263
22.04.2020 21:32:00	3	0.006162207	0.002910428	0.003307351	0.003514318	0.006219696	0.00384516	0.004045247	0.003888285	0.003550935	0.003063888	0.002924602	0.01494251	0.005082141	0.002911876	0.005238302	0.002596163	0.003984069	0.004974685	0.01168132	0.005172485	0.003345711	0.004118701	0.003071487	0.0119754	0.004997434	0.006199588	0.007006645	0.004793291	0.006207356	0.004309801	0.004103282	0.01240093	0.004949689	0.002907958	0.005194736	0.02278282	0.004923424	0.003572538	0.00295002	0.004607195	0.005326633	0.003467544	0.02034891	0.01422929	0.003223071	0.006280757	0.004860434	0.004964771	0.004820761	0.003326158	0.004097562	0.009127363	0.002946538	0.002837825	0.004321312	0.002871169	0.002776107	0.003213325	0.002358404	0.01087721	0.01692666	0.01635395	0.01022877	0.01809688	0.002369334	0.003225182	0.002350826	0.02089237	0.02533865	0.004293103	0.01686984	0.005169335	0.005224967	0.003504305	0.005428788	0.003677938	0.003398302	0.003029241	0.003222039	0.004460346	0.002427113	0.003840906	0.006594204	0.01149329	0.01271259	0.003553891	0.003152041	0.01520605	0.002266367	0.002451591	0.002436961
23.04.2020 00:32:00	6	0.00547206	0.002478487	0.002863369	0.003206857	0.005558018	0.003446332	0.004031454	0.00357759	0.003175568	0.002661483	0.003033637	0.009768898	0.003176881	0.002581897	0.004594903	0.002107891	0.003511619	0.004790136	0.007585682	0.004668741	0.003240864	0.003645404	0.003041109	0.005893914	0.003295063	0.003629663	0.006472021	0.004682815	0.005420393	0.003777842	0.003908705	0.00543066	0.00453137	0.002554758	0.003532419	0.01834114	0.004468187	0.00291808	0.002438414	0.004380853	0.004515052	0.003108665	0.01704946	0.009454139	0.003143562	0.006103147	0.003712951	0.004595401	0.003687025	0.003079969	0.003686102	0.005457705	0.002691322	0.00261547	0.003840028	0.002625907	0.00259841	0.002927696	0.002113882	0.00680822	0.01303209	0.01238007	0.006310639	0.009164821	0.002166112	0.003234275	0.001726564	0.01513103	0.01681633	0.004044834	0.01098504	0.004081625	0.004888983	0.003574827	0.004726948	0.003293783	0.003108992	0.002467871	0.002815925	0.003654478	0.002039129	0.003698237	0.006304657	0.01077564	0.007617034	0.003302744	0.002979509	0.009110259	0.001898472	0.002295468	0.001814301
23.04.2020 03:32:00	9	0.004686503	0.002177213	0.00285901	0.003092595	0.004907496	0.003154797	0.003325273	0.003507556	0.003086254	0.002203742	0.002608884	0.005067334	0.002513875	0.001983143	0.004163094	0.001908884	0.003284595	0.00401912	0.005277531	0.004519719	0.002521028	0.003273893	0.002697773	0.003908678	0.00293911	0.003254787	0.005738428	0.004027373	0.004912832	0.003230267	0.003562365	0.003577462	0.00416027	0.002093106	0.003101847	0.01363892	0.004046933	0.002517422	0.002414147	0.003814146	0.004174317	0.002682838	0.01305949	0.004605991	0.00278975	0.00534793	0.003690086	0.004058944	0.003653951	0.002434906	0.003043599	0.004112714	0.00263096	0.001955782	0.003351135	0.003003833	0.002248671	0.002652938	0.001686328	0.001809618	0.009530572	0.008521207	0.002720681	0.003181793	0.002030127	0.002646168	0.00165944	0.009017404	0.0137426	0.003837682	0.006220147	0.003170476	0.004429257	0.002950066	0.004653738	0.003152141	0.002956535	0.002415205	0.002791101	0.003510642	0.002037654	0.003353785	0.005610163	0.009865114	0.005168017	0.002629243	0.002859639	0.006434211	0.001924496	0.002116077	0.001827484
23.04.2020 06:32:00	12	0.004392472	0.002199534	0.002690444	0.002612854	0.004643338	0.003061544	0.00328499	0.003339585	0.003044624	0.002192371	0.002419113	0.003024173	0.002489137	0.001913667	0.003904202	0.00191454	0.002766289	0.003600739	0.004660564	0.00407157	0.002763286	0.003017006	0.002332369	0.003800518	0.002720372	0.003179383	0.005195757	0.003737705	0.004632629	0.002967399	0.003125641	0.003391912	0.003783153	0.002025934	0.003246898	0.009887653	0.003719507	0.002456188	0.002358816	0.003773458	0.003825189	0.002383034	0.009317201	0.002640071	0.002577745	0.004705485	0.003059793	0.003454611	0.003491784	0.002657677	0.002378172	0.0032831	0.002381111	0.002142259	0.003114219	0.002160916	0.002239514	0.002310676	0.00159563	0.001712875	0.006047992	0.005700516	0.002265188	0.002586716	0.001728251	0.002538118	0.001781331	0.003835787	0.007589385	0.003494801	0.005577656	0.002694617	0.004035141	0.002755186	0.003889228	0.003020526	0.002293367	0.002229835	0.002518275	0.003219501	0.002021319	0.003176176	0.005102904	0.009228861	0.003216769	0.002572997	0.002575568	0.0025491	0.001699215	0.001978071	0.001688708
23.04.2020 09:32:00	15	0.00377718	0.002104801	0.002527838	0.002715344	0.004430769	0.003023344	0.00314978	0.003417986	0.002620243	0.002422469	0.002621375	0.003011079	0.002552658	0.002037523	0.003780574	0.001524882	0.002731549	0.003556806	0.004620603	0.004305325	0.003081016	0.003114981	0.002729103	0.003773329	0.0027296	0.003532858	0.005372108	0.003648868	0.005048529	0.003421406	0.003474189	0.003704079	0.004147035	0.002150773	0.003516264	0.003140441	0.003821079	0.002365396	0.002433287	0.003844429	0.004055403	0.003031833	0.007163387	0.003095831	0.002757999	0.005173	0.003267962	0.003782539	0.00346535	0.00270717	0.002801638	0.003725059	0.002441684	0.002965692	0.003559903	0.002917219	0.002654654	0.002744009	0.001801553	0.002301039	0.004337322	0.003651088	0.002649024	0.003095807	0.001765351	0.002639315	0.002259927	0.002480191	0.003581394	0.0036733	0.006108452	0.002935745	0.003896951	0.002714504	0.00413338	0.003091526	0.003103897	0.002562424	0.002966706	0.003835266	0.002209864	0.003460501	0.005188254	0.00875718	0.003411911	0.002778366	0.002938153	0.002424876	0.002067388	0.002142206	0.001881471
23.04.2020 12:32:00	18	0.005444983	0.006731874	0.006026923	0.005888588	0.007510004	0.006240685	0.005420128	0.008026014	0.005560412	0.006494869	0.004636257	0.007262226	0.009738516	0.008349976	0.008651796	0.006447973	0.009102966	0.007357958	0.011836	0.01118929	0.01069939	0.008064728	0.00853058	0.008680808	0.01064633	0.01190831	0.01153209	0.007877163	0.01358749	0.01224825	0.009869744	0.01215085	0.01002177	0.006407115	0.01007208	0.009759756	0.0126223	0.006375721	0.008240511	0.01116504	0.009242901	0.008988245	0.01233398	0.01277784	0.009742571	0.01078709	0.009447099	0.01070329	0.01137423	0.009440021	0.006411239	0.009580805	0.0101274	0.01503174	0.012521	0.0119973	0.01016014	0.008682465	0.007981217	0.01172371	0.0102766	0.01172409	0.01085491	0.01339449	0.005671726	0.01093335	0.01192058	0.01167634	0.01352602	0.008053018	0.01020039	0.01219448	0.01278562	0.01116021	0.01100581	0.01376333	0.01545347	0.011836	0.01388714	0.0118623	0.00715871	0.01452253	0.01436265	0.01283821	0.007474621	0.008125456	0.008159263	0.005641171	0.008876258	0.007795104	0.007813389
23.04.2020 15:32:00	21	0.02024795	0.03230529	0.02408897	0.021938	0.0325528	0.02056756	0.019236	0.03032846	0.02493498	0.0284928	0.0175655	0.02695542	0.03873483	0.03539751	0.03174271	0.02915424	0.03882625	0.03145159	0.04210208	0.04285731	0.04629652	0.02969643	0.02986696	0.02925396	0.03723181	0.04970971	0.03713081	0.02797955	0.04990343	0.05254514	0.04209864	0.04568381	0.03380175	0.02586011	0.04001478	0.04058378	0.05086548	0.02424457	0.03411588	0.04352693	0.03176747	0.03191401	0.02922988	0.05050709	0.03780005	0.03685191	0.03660578	0.03983568	0.0469285	0.03924695	0.01879351	0.03348833	0.03987914	0.05749177	0.05094404	0.04404981	0.03814404	0.02864944	0.03714234	0.04688405	0.04126485	0.04435526	0.04216186	0.06881749	0.03114383	0.05120759	0.04229147	0.03883422	0.05054998	0.02848903	0.03249276	0.04294145	0.04912321	0.0408473	0.04106427	0.04969094	0.06064604	0.04349538	0.05376741	0.0389478	0.02891029	0.07007025	0.05506085	0.03064314	0.0242441	0.03078247	0.03263147	0.01877242	0.04223463	0.02844748	0.03284325
23.04.2020 18:32:00	24	0.04799381	0.0852257	0.06215257	0.05138182	0.08575401	0.04449757	0.04740597	0.07049295	0.05991403	0.06942067	0.04507142	0.06465136	0.08578699	0.084892	0.07640156	0.06648332	0.0948583	0.07533501	0.09286399	0.1008457	0.1019291	0.06435873	0.07016389	0.06703319	0.07566438	0.1162469	0.07357616	0.06315929	0.1067562	0.1169692	0.09181879	0.09742141	0.06946202	0.05544857	0.09308475	0.09114055	0.1178491	0.05474194	0.07627457	0.09633787	0.06808026	0.06837825	0.05953651	0.1081983	0.0803246	0.07864198	0.08210618	0.08828513	0.1113527	0.09053233	0.03813392	0.06665578	0.08908904	0.113244	0.1164471	0.09147141	0.08441785	0.06681225	0.08920737	0.09876851	0.08804563	0.09585609	0.08741084	0.1785565	0.07936738	0.1102067	0.08609344	0.07397186	0.10641	0.06090132	0.06947281	0.08536233	0.1050761	0.08942593	0.09092526	0.09780327	0.1260659	0.08412666	0.1063582	0.07481178	0.06433839	0.1788378	0.1312201	0.05800106	0.04951278	0.07219794	0.06851602	0.03950668	0.09547465	0.05845395	0.07473946
23.04.2020 21:32:00	27	0.08242938	0.1532859	0.1118281	0.08451065	0.1583382	0.07109173	0.08023886	0.1190564	0.09876385	0.1190417	0.07899946	0.1087535	0.1336684	0.1426513	0.1271154	0.1064151	0.1608351	0.1233656	0.1428062	0.1688443	0.1563488	0.1003656	0.1107811	0.1073873	0.1143939	0.190464	0.1083969	0.09770608	0.1641335	0.1909062	0.1478711	0.1523375	0.1012843	0.08696566	0.1518568	0.1419558	0.1904317	0.08326136	0.1163283	0.1514478	0.1050188	0.1053152	0.08879244	0.1686377	0.1152577	0.1225627	0.1300146	0.1341815	0.1787603	0.1485716	0.05932119	0.09882402	0.1398602	0.1620433	0.1851001	0.1407424	0.1309921	0.108682	0.1423475	0.1508032	0.1318049	0.1477925	0.1345206	0.3347315	0.1280997	0.168644	0.1301965	0.1042161	0.1626869	0.09357382	0.1052844	0.1258867	0.1592431	0.1341304	0.1432297	0.1400765	0.1928614	0.1203969	0.1566703	0.107866	0.1010536	0.3348932	0.2318839	0.08723723	0.07325589	0.1173928	0.1025146	0.0570456	0.1518315	0.08940511	0.121432
24.04.2020 00:32:00	30	0.1167521	0.2170126	0.1613567	0.1124526	0.2325136	0.09226929	0.112082	0.1619917	0.1347667	0.1647641	0.1103048	0.1498315	0.1756213	0.1947199	0.1715652	0.1403282	0.2244836	0.1639256	0.1829157	0.2328235	0.2005552	0.1304658	0.1416123	0.1439163	0.1440632	0.2526633	0.1351572	0.1248894	0.2084785	0.2492595	0.189338	0.1925622	0.129125	0.1120924	0.2029063	0.1814436	0.2526645	0.1067585	0.1446038	0.198387	0.1327051	0.1376265	0.1099086	0.209095	0.1386247	0.1552096	0.17083	0.1674787	0.2356241	0.1983773	0.07386418	0.1252104	0.1801442	0.1955679	0.2363339	0.1762909	0.1697859	0.145423	0.1900197	0.1883011	0.1638582	0.1861211	0.1706653	0.5151995	0.1734817	0.2110627	0.1589453	0.1245695	0.1995272	0.1152964	0.1353578	0.1555206	0.2024279	0.1659983	0.1818397	0.1714769	0.2417223	0.1456189	0.1906457	0.130573	0.1297899	0.5232453	0.345196	0.1100969	0.09032369	0.157148	0.1265646	0.06938603	0.1954685	0.1141201	0.1594675
24.04.2020 03:32:00	33	0.1456314	0.266927	0.2005403	0.1308224	0.29276	0.1046144	0.1375758	0.1919196	0.1608655	0.197242	0.1334738	0.1758479	0.2041122	0.2320418	0.2038367	0.1606132	0.2726287	0.1906793	0.2083299	0.2775962	0.2296932	0.148131	0.1603528	0.1627966	0.1615688	0.2940526	0.1505834	0.1397657	0.2348785	0.2920088	0.2129546	0.2160293	0.140405	0.126557	0.2398676	0.2053376	0.2916505	0.1194104	0.1577046	0.230538	0.1491812	0.1545662	0.1206568	0.2365235	0.1499326	0.1738887	0.1972539	0.1858484	0.2705365	0.2298471	0.08051664	0.1399302	0.2023063	0.2144413	0.2673522	0.1983575	0.1909612	0.1700461	0.2207519	0.2127497	0.1809828	0.2069128	0.193626	0.6919339	0.2028175	0.2335029	0.1731834	0.1333959	0.2166393	0.1287986	0.1544747	0.16819	0.2295421	0.1825507	0.2063321	0.1851286	0.2723994	0.157513	0.2055482	0.1404554	0.1482981	0.7097213	0.4545925	0.1238924	0.09997708	0.183082	0.1380723	0.07473626	0.2185498	0.1286139	0.1821332
24.04.2020 06:32:00	36	0.1639428	0.294493	0.2210989	0.1408244	0.3307696	0.1101384	0.1492556	0.2069134	0.1749411	0.2127538	0.1468961	0.1898153	0.214382	0.2492171	0.2189108	0.1716114	0.3013258	0.2020483	0.217394	0.2997705	0.2405641	0.15286	0.1666256	0.1730856	0.1651168	0.3128207	0.1539628	0.1453212	0.2429945	0.3118114	0.2199599	0.224436	0.1446745	0.1325645	0.255364	0.2156815	0.3102169	0.1239491	0.162106	0.2441965	0.152971	0.1628755	0.1214999	0.2445779	0.1515487	0.1793687	0.2069424	0.1914058	0.2827633	0.2439038	0.08230959	0.1443404	0.2107954	0.2198672	0.2769221	0.205341	0.2012528	0.1792326	0.2340792	0.2210129	0.186195	0.2143144	0.2001924	0.8433257	0.2145085	0.2400622	0.1770702	0.1336368	0.2191678	0.1327392	0.1637548	0.1706334	0.240995	0.1866062	0.2132784	0.1860032	0.2799034	0.158946	0.2082644	0.1412773	0.1537263	0.8827639	0.5481775	0.1287982	0.1035933	0.195154	0.1415228	0.07661809	0.2289481	0.1339614	0.1921082
24.04.2020 09:32:00	39	0.1728386	0.3029827	0.2283898	0.14144	0.3429791	0.1086468	0.1529483	0.2088826	0.1783902	0.2157391	0.1498467	0.1931467	0.2144658	0.2521046	0.2212992	0.1716025	0.3096095	0.1999722	0.2150284	0.302231	0.2386016	0.1512817	0.1638628	0.1716326	0.1614105	0.3107175	0.1513065	0.142646	0.2383839	0.3164843	0.2125446	0.2187334	0.1386415	0.1313715	0.2563501	0.2124891	0.3102353	0.1200117	0.1572872	0.2423689	0.1498415	0.1603508	0.1172381	0.2390758	0.1482987	0.1776025	0.2060858	0.1889354	0.2799964	0.2413182	0.08106273	0.1408591	0.2081359	0.2143318	0.2759022	0.202695	0.1978042	0.1809556	0.2353386	0.2162862	0.1811325	0.2083153	0.1973996	0.9566488	0.2124374	0.2345298	0.1701502	0.1281555	0.211764	0.1304812	0.1622871	0.1657755	0.2340939	0.1800325	0.2072473	0.1768915	0.2754433	0.1526405	0.2011451	0.13604	0.1511087	1.038581	0.6147256	0.1277992	0.09998549	0.1943655	0.1367968	0.0737774	0.2265118	0.131841	0.1919717
24.04.2020 12:32:00	42	0.1729396	0.2946307	0.2243781	0.1370719	0.339448	0.1028943	0.1483331	0.2018895	0.1728859	0.2089681	0.1493015	0.1852969	0.2037742	0.2428612	0.2115013	0.1638594	0.3021345	0.1911101	0.2059419	0.2916194	0.2263204	0.1436861	0.1549296	0.1590283	0.1513444	0.2956481	0.141484	0.1362481	0.2251196	0.3017697	0.201544	0.2080837	0.1305966	0.1259535	0.2448355	0.2025035	0.2962948	0.1150411	0.1488256	0.2309976	0.1407723	0.1512362	0.111021	0.2278103	0.1385029	0.1668179	0.1975563	0.1784701	0.2661146	0.2309311	0.07717097	0.1325731	0.1963889	0.1990652	0.2595834	0.1948493	0.1889335	0.1730859	0.2248667	0.2066058	0.1725896	0.1984689	0.1863913	1.042208	0.2040276	0.2210915	0.1590814	0.1192949	0.1972854	0.1247062	0.1542771	0.1558995	0.2237195	0.1703931	0.1968933	0.165722	0.2659754	0.14416	0.1869495	0.1271835	0.1436997	1.173865	0.655848	0.1220545	0.09376375	0.1878639	0.1286741	0.0710436	0.2170289	0.1259761	0.1853096
24.04.2020 15:32:00	45	0.1676506	0.27843	0.2155062	0.129928	0.3253057	0.0958141	0.1430993	0.187501	0.1612913	0.1970201	0.145905	0.1741715	0.1938386	0.2300482	0.2021067	0.1533777	0.2895452	0.1784001	0.1914434	0.2757168	0.2075883	0.1373395	0.1445316	0.1483692	0.1396769	0.2750872	0.1336423	0.1282331	0.2087089	0.2835651	0.1859202	0.1930933	0.1199322	0.1187155	0.2295177	0.1895379	0.2772661	0.1072042	0.1374557	0.214038	0.128914	0.138396	0.1021267	0.2098078	0.1270413	0.1564392	0.1866827	0.1662619	0.2490743	0.215199	0.07377788	0.1256185	0.1847684	0.1810142	0.2450316	0.1848703	0.1731371	0.1658445	0.2085308	0.1892649	0.1597173	0.1818667	0.1719876	1.110312	0.194662	0.2067111	0.1472652	0.1078581	0.1818161	0.1171501	0.1451864	0.1423423	0.2092485	0.1572702	0.1862524	0.1538238	0.2584872	0.1329848	0.1735101	0.1182983	0.1352391	1.337238	0.6827719	0.1166939	0.08778682	0.1767621	0.1205772	0.06680412	0.2049183	0.1214267	0.1751233
24.04.2020 18:32:00	48	0.1593493	0.2552902	0.199811	0.1190111	0.301671	0.08952617	0.1317405	0.1721141	0.149625	0.1828489	0.1364306	0.1591253	0.1777229	0.2135248	0.1791898	0.1417277	0.269531	0.1613081	0.1768878	0.2499885	0.1877281	0.1242307	0.1322512	0.1365894	0.1277064	0.2519999	0.1220507	0.11672	0.1901145	0.2612469	0.1697146	0.1754381	0.1098862	0.1080762	0.2122586	0.1728271	0.2549052	0.0977929	0.125687	0.1947682	0.1162969	0.1280882	0.09302579	0.1916556	0.1151408	0.1420849	0.172266	0.1523599	0.2265112	0.1993381	0.06772966	0.1131261	0.1667093	0.1652862	0.2234951	0.1686929	0.1574469	0.150581	0.1915047	0.1724496	0.145399	0.1676149	0.1571814	1.134007	0.1782766	0.1849963	0.1338446	0.09971661	0.1648587	0.1070253	0.1338081	0.1294515	0.1921435	0.1448945	0.1702704	0.1393257	0.2283198	0.1218323	0.1578938	0.1077597	0.1249551	1.459463	0.6822088	0.1073507	0.07998105	0.1636497	0.1107602	0.06162761	0.1871302	0.1095934	0.1598561
24.04.2020 21:32:00	51	0.1475461	0.2336132	0.1829784	0.1086947	0.2759965	0.08296856	0.1211684	0.1571021	0.1373459	0.1679249	0.1273131	0.1463634	0.1607972	0.1924854	0.1630157	0.1290768	0.2452781	0.1439182	0.1608427	0.2254506	0.1703501	0.1121218	0.1197749	0.123548	0.1161409	0.2265938	0.109101	0.1063267	0.1717348	0.2378982	0.1534076	0.1607161	0.09969345	0.09940008	0.1933825	0.1558851	0.2307437	0.08866987	0.1123035	0.1765232	0.1058878	0.1154181	0.08348724	0.1736905	0.1048781	0.128721	0.1545587	0.1371628	0.2053487	0.1808929	0.06173025	0.1018729	0.1505933	0.1503669	0.2027797	0.1542008	0.1432133	0.1370745	0.1707615	0.1550996	0.1321888	0.1516296	0.1411816	1.122803	0.162002	0.1667706	0.1198217	0.08874618	0.1476201	0.096792	0.1215501	0.1159366	0.1743274	0.1310558	0.1553354	0.1271755	0.2051187	0.1111237	0.1433549	0.09677269	0.114091	1.554651	0.669392	0.09830143	0.07247434	0.1496519	0.1019726	0.05752894	0.1687458	0.1005883	0.1463112
25.04.2020 00:32:00	54	0.1374241	0.2118142	0.1670924	0.09715508	0.2489694	0.07501253	0.1093119	0.1424607	0.1241508	0.152135	0.1170709	0.1298839	0.1462548	0.1732636	0.1466482	0.1189708	0.2221177	0.1300283	0.1442818	0.2021881	0.1525116	0.1012091	0.1077763	0.1117156	0.1048654	0.2004751	0.099634	0.09429711	0.1552542	0.2137037	0.1377294	0.1464038	0.0904182	0.09119182	0.1741308	0.1408854	0.2051196	0.08008374	0.1019355	0.1583606	0.09458423	0.1038388	0.07583378	0.1559741	0.09493243	0.1149699	0.1388064	0.1224601	0.186964	0.1644922	0.0564195	0.09251865	0.1348876	0.1360834	0.183831	0.1389335	0.1291528	0.1257581	0.1529346	0.1399577	0.1177865	0.1356088	0.1267927	1.09675	0.1457679	0.1500252	0.1093151	0.08065093	0.132556	0.08866233	0.1124913	0.1037139	0.1571169	0.1180982	0.1399632	0.1156132	0.1830541	0.1007153	0.1298739	0.08856815	0.1046613	1.620434	0.6437903	0.08853149	0.06531762	0.1361302	0.09224318	0.05215584	0.1518444	0.09036647	0.132567
25.04.2020 03:32:00	57	0.1252553	0.1907227	0.1517497	0.08899271	0.2240502	0.06846654	0.09921638	0.1285915	0.112812	0.1386466	0.1073107	0.1175206	0.1332544	0.1570388	0.1315253	0.10739	0.1986971	0.1181865	0.1302872	0.1801297	0.1380955	0.09250145	0.09860658	0.1009952	0.09409965	0.1779551	0.08790491	0.0850763	0.1392706	0.1915815	0.1257637	0.1325072	0.08155917	0.08244443	0.1563847	0.1270932	0.1838867	0.07189167	0.09190991	0.1420094	0.08543161	0.0930569	0.06940167	0.1409988	0.08680934	0.1041825	0.127091	0.1102057	0.171026	0.1492127	0.05127196	0.08383235	0.1203986	0.1217691	0.1650019	0.1251804	0.1183986	0.1142388	0.1396274	0.1269913	0.1066575	0.1228773	0.1157768	1.047561	0.1315493	0.1357973	0.1008159	0.07362354	0.1197425	0.07981778	0.1026779	0.09422992	0.1418177	0.1073273	0.1266597	0.1053016	0.1649375	0.09146178	0.1168754	0.08157766	0.09487844	1.63479	0.6106299	0.08002108	0.05904377	0.1214078	0.08504672	0.04766182	0.1384701	0.08199625	0.119465
25.04.2020 06:32:00	60	0.1149719	0.1707873	0.1356771	0.08115345	0.2018559	0.0636668	0.08877599	0.1177853	0.1028475	0.1247874	0.09523726	0.1094171	0.1202567	0.1423447	0.1178469	0.09664296	0.1767831	0.1070553	0.1178285	0.1600554	0.1257318	0.08373288	0.0895219	0.09289823	0.08594764	0.160901	0.08024763	0.07763066	0.1269353	0.171414	0.1137562	0.1200046	0.07550186	0.07531486	0.1426155	0.1157212	0.1638707	0.06509248	0.08343393	0.1278648	0.07751233	0.08489619	0.06443422	0.1275016	0.08109589	0.09450035	0.1140874	0.1008619	0.1560973	0.134739	0.04701995	0.07687864	0.108523	0.111521	0.1501991	0.114279	0.1077892	0.102301	0.1285055	0.115697	0.09793591	0.11278	0.1060082	0.9901402	0.118249	0.1232564	0.09133095	0.06757973	0.1080163	0.07214405	0.09439529	0.0857342	0.1282802	0.09862918	0.1135871	0.09705281	0.1484163	0.08229476	0.1061827	0.0760956	0.08619726	1.631685	0.5726559	0.07154563	0.05453018	0.1114354	0.07744324	0.04421022	0.1240376	0.0742798	0.1078855
25.04.2020 09:32:00	63	0.1046099	0.1550891	0.1226793	0.07532395	0.1823911	0.05866103	0.08035928	0.1072935	0.09482671	0.1124406	0.08742247	0.100032	0.1081896	0.1277487	0.1071577	0.08753529	0.1590149	0.09707118	0.1063521	0.144756	0.1136581	0.07636531	0.08109053	0.08471049	0.0785527	0.1451434	0.07219147	0.07095118	0.1173076	0.1562569	0.1028463	0.108505	0.06878871	0.06934562	0.1294887	0.1045997	0.147203	0.06004003	0.0757261	0.1151493	0.07060704	0.07836877	0.05807685	0.1155642	0.07310175	0.08799099	0.1049189	0.09147698	0.1405282	0.1206913	0.04307987	0.06980386	0.0975961	0.1016932	0.1364684	0.1037531	0.09907668	0.09159644	0.1172284	0.1047055	0.08995453	0.1024805	0.09647579	0.9228576	0.1061353	0.1118225	0.08388553	0.06183474	0.09923081	0.06575321	0.08702118	0.07888936	0.1170079	0.09209209	0.1040292	0.08918358	0.1344644	0.07565444	0.09663494	0.0698238	0.0788888	1.599556	0.5356736	0.06725982	0.05097191	0.1022306	0.07137084	0.04143561	0.1134931	0.06896212	0.09761984
25.04.2020 12:32:00	66	0.0946056	0.1400736	0.111024	0.06934439	0.1639514	0.05458327	0.07387169	0.09789396	0.08736046	0.1027652	0.0803164	0.0905427	0.09849106	0.1168528	0.09704459	0.07865341	0.1427118	0.08793002	0.09725363	0.1297162	0.103658	0.07063152	0.07441472	0.07860087	0.07181171	0.1318091	0.0654715	0.06550533	0.1057806	0.142045	0.09429445	0.09802408	0.06297891	0.06436895	0.1175705	0.09480222	0.1345465	0.05533225	0.06923278	0.1053431	0.06465836	0.07120443	0.05372161	0.1048385	0.06756182	0.08067898	0.09542767	0.08315136	0.1277124	0.109315	0.04026236	0.06299261	0.08844642	0.09456245	0.1246938	0.09336776	0.09081975	0.08307314	0.1070958	0.09471092	0.08196898	0.09403878	0.08831178	0.8539985	0.0966162	0.1029204	0.07747738	0.05711051	0.09113605	0.06099132	0.08061516	0.07219871	0.106384	0.08421623	0.09479401	0.08226564	0.1229124	0.06982046	0.0886722	0.06387755	0.07196752	1.554078	0.4960912	0.06180902	0.04686157	0.09434956	0.06700055	0.03769087	0.1050191	0.06416552	0.08975286
25.04.2020 15:32:00	69	0.08733544	0.1269474	0.1007757	0.06334773	0.1489052	0.04967526	0.06814569	0.08945823	0.07899417	0.09515542	0.07402252	0.08234234	0.0905493	0.1058691	0.08840476	0.07206941	0.1297946	0.07993471	0.0888078	0.1184927	0.09471608	0.06481287	0.06818113	0.07354194	0.06480286	0.1194922	0.06036836	0.06023559	0.09587325	0.129238	0.08646566	0.08825995	0.0577246	0.05952533	0.1076192	0.08730929	0.1213495	0.05098768	0.06379476	0.09627877	0.05965166	0.06524482	0.05020073	0.09497947	0.0620376	0.07464969	0.08745906	0.07532133	0.115698	0.09889068	0.0376418	0.05783197	0.07957206	0.08667129	0.1129089	0.08407719	0.08370768	0.07654907	0.09751038	0.08698622	0.07505124	0.08670295	0.08061206	0.7898234	0.08728453	0.09365521	0.07130896	0.05237813	0.08282232	0.05557659	0.07452895	0.06599942	0.09689205	0.07773142	0.08663053	0.07528979	0.1121321	0.06404144	0.08048117	0.05927658	0.06573057	1.501937	0.4594386	0.05734697	0.04347355	0.08556552	0.06187582	0.03544525	0.09631908	0.05934362	0.08258317
