Vessel Name: 12062020_InCu_KaKr_KK1-77_P5_8
Metric: GFP Integrated Intensity / RFP Integrated Intensity
Cell Type: 
Passage: 0
Notes: 
Analysis: KaKr-A549-H2B-GFP/-RFP_DEFv10

Date Time	Elapsed	MSR1	MT1H	MT1HL1	MT1M	MT2A	MX1	MX2	MYCL	MYD88	NCOA7	NEXN	NKX3-1	NMI	NT5C3A	NUPR1	OAS1	OAS2	OAS3	OASL	OGFR	P2RY14	PALM2-AKAP2	PAQR8	PARP10	PARP11	PARP12	PARP14	PARP9	PCDH17	PDCD1LG2	PDZD2	PGAP1	PHF11	PID1	PIWIL4	PLEKHA4	PLSCR1	PLXDC2	PMAIP1	PNPT1	POLD1	POLI	PPM1K	PSMB8	PSMB9	PTAFR	RAI14	RARRES3	RASA2	RASGEF1B	RASGRP3	RGL1	RGS1	RHBDD2	RIN2	RNF213	RSAD2	RTCB	RTP4	RUFY4	S100A4	SAMD9	SAMD9L	SAMHD1	SDS	SECTM1	SERPINA1	SERPINB13	SERPINB3	SERPINB4	SERPING1	SIGLEC1	SLAMF7	SLC11A1	SLC15A3	SLC16A10	SLC1A5	SLC25A28	SLFN12L	SLFN5	SOCS1	SP100	SP110	SREK1IP1	C1 (Mx2)	C2 (STAT1)	C3 (MAVS)	C4 (BST2)	C5 (EIF2AK2)	C6 (RSAD2)	NTC1	NTC2	NTC3	NTC4	NTC5
12.06.2020 10:12:00	0	0.01513707	0.01517319	0.008698386	0.008144148	0.006172149	0.01527599	0.007633718	0.009482074	0.0124204	0.007883988	0.005722696	0.01022162	0.02814041	0.02769601	0.01493734	0.01123487	0.04233327	0.0376575	0.01191613	0.01378208	0.008523621	0.01361888	0.008910774	0.01168088	0.01518393	0.02393618	0.02410371	0.01930568	0.0117959	0.01167233	0.01009002	0.01265643	0.007367975	0.01022989	0.00895891	0.008842958	0.01293659	0.007009708	0.007512515	0.01013919	0.01098424	0.06669532	0.6024563	0.01618334	8.635514	1,097663	0	0	0.008487009	0.01287305	0.00910115	0.007776726	0.008437316	0.01530072	0.01008297	0.008206293	0.008308961	0.02337999	0.007093462	0.01755084	0.008435936	0.009017143	0.006818123	0.007782108	0.0076687	0.007645456	0.02820201	0.01776656	0.05561441	1.923696	1,403333	0	0.00826042	0.007660436	0.005668701	0.00608976	0.007296856	0.006947191	0.005603741	0.008085852	0.00796175	0.008165612	0.005654527	0.00499252	0.004019526	0.009163575	0.006160436	0.00777594	0.004166013	0.008288819	0.003990474	0.004310902	0.006535132	0.007675105	0.0126876
12.06.2020 13:12:00	3	0.01029611	0.0113661	0.007347424	0.006773631	0.004238212	0.01267901	0.005795491	0.007045127	0.0106911	0.00580151	0.00448259	0.00826103	0.01639692	0.01813972	0.01001811	0.008597454	0.0229588	0.02210988	0.009136053	0.01028062	0.005501957	0.01021988	0.006605801	0.007008069	0.01169543	0.01826595	0.01645611	0.01435635	0.00861245	0.006939557	0.007938585	0.009464058	0.004903093	0.008136728	0.006309598	0.008499859	0.008933269	0.004570605	0.005161101	0.006841284	0.005896678	0.05051416	1.440673	0.008831502	14.0502	0	2,324021	0	0.00535985	0.009847968	0.007496336	0.00628734	0.005201574	0.01031023	0.007499698	0.005966377	0.006568345	0.01828876	0.004215101	0.007949645	0.006728313	0.006695394	0.004903326	0.006376902	0.006202451	0.005216125	0.0164719	0.0	0.06667637	0.4389408	1,499706	7,234286	0.006986922	0.005391488	0.004050868	0.004681023	0.006652405	0.005698122	0.004702483	0.006350831	0.006233	0.006367567	0.004577224	0.004005499	0.003527374	0.007156146	0.004806717	0.006569234	0.003349973	0.006444002	0.002810351	0.003468792	0.005279129	0.006362811	0.00651936
12.06.2020 16:12:00	6	0.009688062	0.008677154	0.006454714	0.006029	0.004151264	0.01125945	0.005165454	0.005710107	0.009150702	0.005038252	0.00356579	0.007294945	0.01123367	0.006880766	0.005975471	0.006892833	0.01147081	0.006429393	0.007385456	0.007653487	0.004555617	0.007880338	0.005920251	0.005354043	0.01005651	0.01678194	0.01284708	0.0104671	0.007323749	0.005417563	0.006569965	0.007707363	0.00350886	0.005642759	0.005357429	0.00751461	0.008008314	0.003448614	0.003863431	0.005224091	0.004376379	0.03864539	5.563719	0.006036896	13.44589	0	1,526184	0	0.004521253	0.00726328	0.006192666	0.005170336	0.004758784	0.008967843	0.006432092	0.005480639	0.004706089	0.01492881	0.003258548	0.006153212	0.006030949	0.006124118	0.003624294	0.004195609	0.005972099	0.004568163	0.0	0.02355205	0.0565683	0.1825847	0	6,616077	0.006189456	0.004323151	0.004114824	0.003726036	0.005388462	0.004993674	0.003974594	0.005758726	0.005226605	0.0052294	0.00362547	0.003443246	0.002158348	0.006161059	0.004631683	0.005991634	0.002905819	0.00582929	0.002292337	0.003018082	0.004677495	0.005610914	0.004017862
12.06.2020 19:12:00	9	0.00977919	0.008255243	0.005145502	0.005012417	0.003950803	0.009615252	0.004744373	0.005519779	0.007799916	0.005086096	0.003403226	0.006862798	0.009846525	0.003906416	0.00569303	0.006301835	0.006903252	0.005636579	0.006948208	0.006896673	0.004021777	0.007206898	0.005316478	0.005243499	0.009494625	0.01438564	0.01090194	0.009083067	0.006164438	0.004655823	0.005507241	0.007039638	0.0029099	0.005730887	0.004601263	0.007000799	0.007636427	0.002689041	0.003137384	0.004524413	0.004937445	0.0261062	4.707773	0.004547825	11.42239	0	2,935684	0	0.003602473	0.004483752	0.004433016	0.004885833	0.004348145	0.008950194	0.005703831	0.004890991	0.003589113	0.01281465	0.00342162	0.005535953	0.005212721	0.004638837	0.003513198	0.003754229	0.005051236	0.005081428	0.01077998	0.02230215	0.05343808	0.2179491	3,654947	5,874187	0.005318313	0.003790793	0.003065469	0.003091837	0.004694426	0.004571579	0.003922823	0.004990163	0.005860357	0.00405336	0.003745137	0.002812861	0.002109468	0.006138936	0.004159432	0.005534513	0.003043452	0.004941624	0.002173779	0.002478	0.004474537	0.005122953	0.003503639
12.06.2020 22:12:00	12	0.007656942	0.007399619	0.005164652	0.00498459	0.003689402	0.008666571	0.004019598	0.004884586	0.007395395	0.004811148	0.002991558	0.005869311	0.008602701	0.003969893	0.005395683	0.005545907	0.005986446	0.005227268	0.006687868	0.006516436	0.003791098	0.00713856	0.004851819	0.0050345	0.009729319	0.01274226	0.009285353	0.008400288	0.005116246	0.003831162	0.004987404	0.005848687	0.002813939	0.005149786	0.004685481	0.006654114	0.007197609	0.003440934	0.002964502	0.004541634	0.004571725	0.01818339	4.97811	0.00426841	12.77338	0	2,46768	0	0.003804257	0.003904532	0.004221741	0.004268396	0.00438874	0.007763708	0.005635505	0.00430544	0.003421677	0.01142998	0.003120935	0.004789664	0.004413279	0.004061894	0.002742107	0.003924956	0.004612566	0.004003933	0.01173225	0.0	0.05587278	0.1967196	0	4,049477	0.004749536	0.003571962	0.002761686	0.003073179	0.004208069	0.004144852	0.00359326	0.004944178	0.0048412	0.003632853	0.003069861	0.002770866	0.001878235	0.005715386	0.004149936	0.004970311	0.002705086	0.004720903	0.002042175	0.001971283	0.004164475	0.004785486	0.003311303
13.06.2020 01:12:00	15	0.00857587	0.007898459	0.004992074	0.004638682	0.003573421	0.008314827	0.004683956	0.0048404	0.007096737	0.005168272	0.003778536	0.006558056	0.01002592	0.004636024	0.006248557	0.006684666	0.006604104	0.005175948	0.00661455	0.006719073	0.004463461	0.007422928	0.006160818	0.006295885	0.008652336	0.01158859	0.00937559	0.007595512	0.006106218	0.003451542	0.00536608	0.006813071	0.003227697	0.005568533	0.005733375	0.006633503	0.008430134	0.004266347	0.003688925	0.00499596	0.004935392	0.007584677	4.506258	0.004539923	14.50107	0	2,934718	0	0.004131855	0.003712674	0.004313554	0.004451126	0.003813347	0.006917636	0.005204351	0.00491079	0.003835679	0.01058652	0.002954439	0.005370552	0.004700566	0.004780618	0.004012953	0.003846856	0.005525437	0.004150351	0.02868807	0.0	0.0532059	0.0	0	3,035469	0.005708854	0.004083419	0.003668497	0.002980955	0.004225594	0.004936625	0.004266953	0.006201971	0.005802529	0.003751141	0.003338878	0.003064272	0.002350436	0.005877805	0.00459361	0.005250769	0.003560877	0.004888359	0.002693402	0.002311203	0.004255354	0.005095123	0.003946347
13.06.2020 04:12:00	18	0.01509001	0.01297338	0.01357573	0.01039513	0.01114376	0.01358389	0.009545438	0.01153666	0.01579002	0.01684794	0.01642516	0.01711107	0.0174622	0.01927334	0.01777204	0.01913728	0.01521923	0.01362835	0.01474373	0.01769402	0.01516561	0.0203807	0.01936695	0.01947201	0.02036607	0.02435925	0.02119687	0.01640205	0.01504307	0.01247935	0.01184893	0.01671008	0.01341527	0.02171614	0.02215958	0.01624025	0.01761237	0.01744736	0.0175877	0.01731783	0.01980786	0.01489153	4.923646	0.01635243	13.6648	0	4,329274	0	0.01327425	0.01580548	0.01514525	0.01352378	0.01178442	0.01427877	0.0181218	0.01925793	0.01801607	0.01670642	0.01677657	0.01275381	0.01143	0.01894128	0.02414681	0.01996193	0.01816813	0.01540979	0.09969521	0.01547648	0.0857354	0.0	0	4,899169	0.01438597	0.01757223	0.01805715	0.01435727	0.01274712	0.01425538	0.01589273	0.0221122	0.02385906	0.01638314	0.01434356	0.01659046	0.01034039	0.01779515	0.01965328	0.01538765	0.01282226	0.01245551	0.01034936	0.01034835	0.01506934	0.01188313	0.01137906
13.06.2020 07:12:00	21	0.05420321	0.04187417	0.0551091	0.04892093	0.05050589	0.04128249	0.03785365	0.04606101	0.05649118	0.0735213	0.07140022	0.06559282	0.05831999	0.0766384	0.07072899	0.07805861	0.06042307	0.05264	0.05630553	0.06820044	0.06456649	0.080152	0.07147142	0.07461896	0.0802125	0.08307843	0.07209829	0.05195853	0.05723196	0.05358757	0.04249917	0.06002344	0.06384624	0.08498635	0.08505224	0.05852287	0.06630532	0.07459984	0.07674637	0.07349174	0.0834883	0.05115557	5.072533	0.06755231	16.29778	1,570115	4,333956	0	0.05996097	0.06533378	0.06657426	0.05747119	0.05819126	0.05434663	0.07572943	0.08638807	0.06819325	0.04241457	0.07069197	0.0501838	0.04420557	0.07409698	0.09777351	0.08486085	0.0769106	0.06107529	0.2250282	0.1224285	0.1316984	0.0	1,981458	4,53598	0.05565363	0.06889961	0.07763819	0.06166923	0.05541896	0.06240655	0.0678004	0.09472521	0.0923046	0.0618055	0.06090017	0.0723303	0.04296939	0.09101542	0.09489698	0.06285397	0.05008365	0.04610243	0.04534552	0.04781703	0.0626543	0.04512556	0.04725184
13.06.2020 10:12:00	24	0.1235833	0.09155255	0.1299013	0.1280692	0.1286036	0.09675275	0.09555941	0.1156986	0.1270953	0.1756857	0.159244	0.1485511	0.1287505	0.1668897	0.1575488	0.1805397	0.1488921	0.1269157	0.1341058	0.1570108	0.1466365	0.1750474	0.1502866	0.1626457	0.1820041	0.1786498	0.1601893	0.1072295	0.1331898	0.126688	0.09637181	0.1321457	0.148905	0.198555	0.1827933	0.1318186	0.1530262	0.1692602	0.1730923	0.1702343	0.1926828	0.1205844	5.6594	0.1587733	11.76066	0	4,408819	0	0.1448844	0.1560497	0.1559377	0.1283462	0.1462983	0.118371	0.1866053	0.1983549	0.1513032	0.08818268	0.1621798	0.1212694	0.1007797	0.1567878	0.2172006	0.1856186	0.1748637	0.1370784	0.4596107	0.336923	0.2589503	0.4546176	3,659249	6,127378	0.1275797	0.1487815	0.1713063	0.1496027	0.1389938	0.1361307	0.1548144	0.2163869	0.2112184	0.1392842	0.1392175	0.1658578	0.09914616	0.2345612	0.2431731	0.1477555	0.1148507	0.1011203	0.1031853	0.1124658	0.145507	0.1048063	0.1073131
13.06.2020 13:12:00	27	0.2043404	0.1442527	0.2192414	0.2377689	0.2370637	0.1616755	0.1692707	0.2086817	0.2147767	0.3078116	0.2625424	0.2482522	0.2087556	0.2621804	0.2556747	0.3016044	0.2608596	0.2143893	0.230584	0.2573132	0.239278	0.282234	0.2344829	0.263122	0.2969139	0.2860176	0.2590495	0.1605128	0.2247472	0.210024	0.1547084	0.2132016	0.2496863	0.3354868	0.2821245	0.2182507	0.2531775	0.2781241	0.2793381	0.2858964	0.323455	0.2225214	6.123173	0.2721581	17.05833	0	4,56528	0	0.250649	0.2639528	0.259705	0.2009214	0.2579567	0.1832379	0.3301728	0.3265897	0.2420706	0.1445152	0.2605004	0.2101862	0.1722814	0.2453195	0.3507394	0.289901	0.2803184	0.2183937	0.7819323	0.5736336	0.4659484	0.8368483	3,112923	6,97816	0.2035241	0.228687	0.2712526	0.2544897	0.2469402	0.2159161	0.2484581	0.3519492	0.3439901	0.2233953	0.2268211	0.2706625	0.1577276	0.4477491	0.4509076	0.2464378	0.180388	0.1555499	0.1637084	0.1834702	0.2341847	0.1668894	0.1687997
13.06.2020 16:12:00	30	0.2796097	0.1841694	0.3034838	0.3516822	0.3461857	0.2163741	0.2416809	0.3033515	0.2917502	0.4292989	0.3555435	0.3386044	0.2740527	0.3402504	0.3401968	0.411493	0.3646467	0.295339	0.3150702	0.3514231	0.3207327	0.384009	0.3052524	0.3490416	0.3905954	0.3745079	0.3428439	0.1969236	0.3062569	0.2830045	0.2053498	0.2873059	0.3425516	0.4670013	0.363139	0.2913006	0.3507736	0.3779168	0.3696642	0.3927623	0.4421717	0.3268543	4.411026	0.3704266	15.38673	0	2,726664	0	0.3465713	0.3642528	0.3536618	0.2592087	0.3604418	0.2308134	0.4717965	0.4410329	0.3210559	0.1978024	0.3457531	0.2920704	0.2325277	0.3169089	0.4653462	0.3737645	0.3662366	0.2869107	1.207086	0.964772	0.7132077	1.172605	2,122802	5,163893	0.2681565	0.2921127	0.3517878	0.3537367	0.3598564	0.2775062	0.3282802	0.4672544	0.4586858	0.2914121	0.2961108	0.3622415	0.2060125	0.7004556	0.6961286	0.3305321	0.2321662	0.1955103	0.2105665	0.250885	0.3079743	0.2153659	0.2217903
13.06.2020 19:12:00	33	0.3265955	0.2092657	0.358781	0.4461397	0.4338752	0.2522856	0.2935223	0.3717961	0.345434	0.5195242	0.4189717	0.3952257	0.3174543	0.3851072	0.3938475	0.4822901	0.4332279	0.3501847	0.3743552	0.4150549	0.3717328	0.4558222	0.3434835	0.399047	0.4469331	0.4286493	0.3903085	0.2143344	0.3594441	0.3290892	0.2384257	0.3388129	0.3994569	0.5596205	0.410533	0.3379797	0.4116871	0.4447475	0.4268515	0.4744072	0.5267765	0.4264023	4.596141	0.4372816	14.49039	0	3,263865	0	0.4099647	0.4253936	0.4163043	0.2911137	0.4351039	0.2604966	0.5745777	0.5151549	0.3682677	0.2372642	0.4003401	0.3483342	0.2761448	0.3602592	0.5370879	0.4238065	0.4162516	0.3266832	1.6831	1.419985	1.085826	1.494332	3,177138	7,214801	0.3104812	0.3260944	0.3989078	0.421483	0.4463742	0.3085194	0.3743141	0.5386627	0.52991	0.3359785	0.3384332	0.4217437	0.2354885	0.9455962	0.9422976	0.3838801	0.2611362	0.2166572	0.239849	0.2967723	0.3494992	0.2418519	0.2528104
13.06.2020 22:12:00	36	0.3541503	0.2197373	0.3831405	0.5056911	0.4868611	0.2688522	0.3267389	0.4094185	0.3691914	0.5602031	0.45216	0.4189881	0.3315531	0.3992618	0.413761	0.5167949	0.4647981	0.3782507	0.3985634	0.4465474	0.3947568	0.4836266	0.3537559	0.4197379	0.4698251	0.4483143	0.4080686	0.2147582	0.3842823	0.3459167	0.2519122	0.359146	0.4265374	0.6060884	0.4204042	0.355054	0.4399262	0.4696871	0.4542035	0.5124327	0.5603378	0.4852668	4.432155	0.4628646	15.09956	0	2,703211	0	0.4383283	0.4543865	0.4490774	0.3069456	0.4749598	0.2683797	0.6256858	0.5475699	0.3832854	0.2577762	0.4139854	0.3728025	0.291666	0.3736174	0.5645217	0.4448484	0.4319838	0.3389065	2.019113	1.847964	1.483089	1.759415	2,561351	5,283942	0.3288304	0.3375208	0.4134285	0.4534201	0.4968238	0.3178107	0.3937878	0.566742	0.5569422	0.350285	0.357185	0.4491257	0.2517175	1.161853	1.140522	0.4038055	0.2674608	0.2208171	0.2494549	0.3181062	0.3601167	0.2485724	0.2634396
14.06.2020 01:12:00	39	0.3566631	0.2143171	0.3857265	0.5265778	0.5021045	0.2659695	0.3336279	0.4228804	0.3686122	0.5755355	0.4483936	0.4188888	0.3289025	0.3956229	0.4110472	0.5180187	0.470202	0.3794098	0.4026024	0.4497818	0.3910452	0.4815508	0.3458397	0.4099703	0.4587901	0.4408557	0.398926	0.2072938	0.3813028	0.3458413	0.2505974	0.3563654	0.4278655	0.6039223	0.4117108	0.3513868	0.4413282	0.4660358	0.4528914	0.5209656	0.5645555	0.5074944	4.429578	0.4639924	16.81562	0	3,740884	0	0.4430806	0.4541766	0.4436726	0.3032618	0.4757439	0.2617833	0.6320861	0.546074	0.3750954	0.2644641	0.4079084	0.380533	0.2926531	0.3679138	0.5578901	0.4305259	0.4202939	0.3320048	2.33661	2.284945	1.69823	1.691497	2,538611	6,628444	0.3258637	0.3269998	0.4014124	0.454465	0.5063514	0.3094549	0.3914987	0.5611804	0.5495464	0.3458617	0.3515246	0.4491386	0.2504651	1.352113	1.326263	0.4006638	0.2591816	0.2145914	0.2453381	0.3190961	0.359464	0.2445028	0.2607508
14.06.2020 04:12:00	42	0.3430605	0.2034968	0.369592	0.5132471	0.493528	0.2534685	0.3265323	0.4158373	0.3516932	0.5579574	0.4253246	0.4003898	0.3169886	0.3757885	0.3884857	0.4939162	0.4524485	0.3605639	0.3801714	0.4301192	0.3734283	0.4599953	0.3293972	0.3881268	0.4324074	0.420563	0.374716	0.192677	0.3619555	0.3296749	0.2406231	0.3369592	0.4126382	0.5808786	0.3872433	0.3345586	0.4184155	0.4403854	0.4327196	0.5063756	0.5393605	0.5094527	6.916118	0.4450032	23.00402	 	 	 	0.421777	0.4326974	0.4249197	0.2845069	0.4594944	0.2476767	0.6102909	0.5188813	0.3507334	0.261741	0.3883527	0.3689222	0.2779416	0.3472334	0.5320757	0.4068729	0.3988267	0.3131681	2.6782	2.632709	1.988936	1.592942	 	 	0.3075412	0.3065111	0.3790478	0.432882	0.4935654	0.2913507	0.3738289	0.5356277	0.5201525	0.3260374	0.3347044	0.4289653	0.2393709	1.503546	1.490009	0.3778446	0.2452372	0.2029569	0.233616	0.3040002	0.3369719	0.2305785	0.2475002
14.06.2020 07:12:00	45	0.3169432	0.1864442	0.3426834	0.4888068	0.4695944	0.2355343	0.3086508	0.3925234	0.3332364	0.5252282	0.3974195	0.3699534	0.2917863	0.3471281	0.3583738	0.4591053	0.4233484	0.3358734	0.3491307	0.4018644	0.3512253	0.4270008	0.3058549	0.3544765	0.4011445	0.3839907	0.3476761	0.1775831	0.3369563	0.3059049	0.223594	0.3140467	0.3965181	0.5411587	0.3552209	0.3091701	0.3881195	0.4137529	0.4068359	0.4769845	0.498978	0.4744968	4.631273	0.4128594	19.4394	0	3,441918	0	0.3890399	0.4031084	0.4007655	0.2670679	0.4367644	0.2276791	0.5724519	0.4808679	0.3291115	0.2566838	0.3611743	0.3436125	0.260117	0.3310731	0.4910184	0.3755151	0.3669034	0.2916073	2.78547	2.749211	1.867408	1.482634	2,560489	6,537609	0.287256	0.2826319	0.3487331	0.4018993	0.4703198	0.2670752	0.3482951	0.492653	0.4788485	0.3062076	0.3088781	0.4032075	0.2209316	1.638396	1.63507	0.3534274	0.2249495	0.1898347	0.2170021	0.283448	0.3111775	0.2097631	0.2279007
14.06.2020 10:12:00	48	0.2905051	0.1677876	0.309797	0.4498588	0.4322132	0.2121406	0.2860796	0.3602551	0.3038753	0.4791149	0.3616162	0.3365982	0.265778	0.3127586	0.3213284	0.4204206	0.387848	0.3037604	0.3173186	0.3662402	0.3153115	0.3826405	0.2756446	0.3157317	0.3618599	0.3460073	0.3153874	0.1581517	0.3051424	0.2768845	0.2038527	0.2871284	0.3479891	0.4968158	0.3188342	0.279483	0.351357	0.3698827	0.3713236	0.4351796	0.4502489	0.4363591	4.101587	0.3724238	19.04064	0	3,018876	0	0.3517628	0.3641607	0.3621722	0.2399099	0.3962908	0.2038898	0.5169899	0.4332106	0.2986158	0.2318013	0.3278982	0.313344	0.2383081	0.2864741	0.4464938	0.3398508	0.3316127	0.261772	2.697825	2.885075	1.757221	2.802997	2,359066	6,539513	0.2626867	0.2566659	0.315048	0.3654321	0.4294941	0.2397584	0.3174622	0.4417603	0.4270135	0.2796828	0.2776845	0.3646215	0.1988554	1.735972	1.717463	0.3204455	0.2027165	0.1717963	0.1979658	0.257586	0.2779288	0.19029	0.2068914
14.06.2020 13:12:00	51	0.2630588	0.1508047	0.2776453	0.405542	0.3914974	0.1908479	0.2583607	0.3284286	0.2763945	0.4336759	0.3236659	0.3040703	0.2403279	0.2807314	0.2888061	0.3819354	0.3530001	0.2730299	0.2838476	0.3291112	0.2818486	0.3435147	0.2478223	0.2853168	0.3201457	0.3085969	0.2793426	0.1431961	0.2759067	0.2477608	0.1827448	0.2576742	0.313451	0.4457918	0.2859873	0.2531018	0.3153749	0.3345724	0.3359383	0.3920037	0.4078242	0.394811	4.186285	0.3335939	17.80807	0	3,147367	0	0.3142405	0.3271516	0.3278587	0.2188493	0.3575039	0.1850815	0.4625619	0.388403	0.2718218	0.2117109	0.2944771	0.2826011	0.2165956	0.2597698	0.4024184	0.3086667	0.2974789	0.2353871	2.208072	2.889308	1.693622	2.591361	2,66818	6,405886	0.238602	0.2294814	0.2812943	0.3282992	0.3909286	0.2146321	0.2856017	0.395604	0.3829428	0.2519648	0.2480782	0.3279921	0.1796445	1.818541	1.784212	0.2889249	0.177907	0.1542888	0.17997	0.2314866	0.2505143	0.1706952	0.1868562
14.06.2020 16:12:00	54	0.2299194	0.1348122	0.2468132	0.3557354	0.3454227	0.1699116	0.2353695	0.2964909	0.2473416	0.3860353	0.2867696	0.2697133	0.2103703	0.2510202	0.2555321	0.3438855	0.3141269	0.2414649	0.2527887	0.297087	0.2522673	0.3090128	0.2248528	0.2529732	0.2850057	0.2749963	0.2478438	0.1280705	0.2472848	0.2198064	0.1616407	0.2293876	0.2802441	0.3960242	0.2534874	0.2256546	0.2793201	0.2994096	0.2961741	0.3509689	0.3651384	0.3526919	4.145474	0.2935477	22.85805	0	3,300932	0	0.279833	0.2939469	0.2920976	0.1954898	0.3208508	0.1668043	0.4124945	0.3447666	0.2410908	0.1926652	0.2639247	0.2544313	0.1924406	0.2314656	0.3592694	0.2766415	0.2646661	0.2126211	2.167733	2.936349	1.634996	2.488782	2,556281	7,012654	0.2145909	0.2051671	0.247296	0.2941679	0.3515397	0.1907974	0.2523973	0.3551301	0.337406	0.224587	0.222028	0.2938255	0.1631459	1.833049	1.815393	0.2574767	0.1581507	0.1382221	0.1597857	0.2065946	0.2244029	0.1528868	0.1647731
14.06.2020 19:12:00	57	0.2121277	0.1214499	0.2194286	0.3169277	0.3040774	0.1519638	0.2104392	0.2650072	0.2210396	0.3475579	0.2539816	0.2393418	0.1836625	0.2247559	0.226845	0.3042726	0.2811976	0.215956	0.2244687	0.2646794	0.2269686	0.2751728	0.2001312	0.2270975	0.2505777	0.2430058	0.222867	0.1151011	0.2210178	0.1938941	0.145229	0.2051386	0.2504323	0.3500778	0.2282578	0.2009299	0.2454439	0.2654887	0.2635567	0.3129137	0.3225463	0.3119398	4.59779	0.2603417	20.36758	0	3,403683	0	0.2470077	0.260261	0.2612178	0.1751346	0.2863154	0.1496792	0.3629594	0.307799	0.2176358	0.1723635	0.235889	0.2278654	0.173421	0.206313	0.3199449	0.2470216	0.2347085	0.189921	2.091991	2.73043	1.81293	2.466168	2,403069	6,750685	0.1922729	0.1813256	0.2207399	0.2612731	0.3132423	0.1701976	0.2246349	0.3160999	0.3000387	0.1996672	0.1990233	0.2636706	0.146015	1.816466	1.789697	0.2305332	0.1414187	0.1224745	0.1439328	0.1840989	0.1986821	0.1354419	0.1482917
14.06.2020 22:12:00	60	0.1845214	0.1076963	0.197315	0.2783976	0.2688572	0.1357926	0.1887319	0.2370059	0.1982622	0.3068624	0.225686	0.2153446	0.1618019	0.1983493	0.2029277	0.2732861	0.2530408	0.1932042	0.2014877	0.2358405	0.2045922	0.2476096	0.1795788	0.2050815	0.2225717	0.2167712	0.1982987	0.1025153	0.1978981	0.1738546	0.1297239	0.1830131	0.2218905	0.3095409	0.2018947	0.1786376	0.2167615	0.2367116	0.2347593	0.2784035	0.285861	0.2745746	5.251599	0.2325708	19.11182	0	4,110749	0	0.2166385	0.232716	0.2345747	0.1575029	0.2539526	0.1348639	0.3230003	0.2756193	0.1959441	0.1566742	0.2108856	0.2037281	0.1566867	0.1837572	0.282667	0.221024	0.208888	0.1685998	2.127382	2.676026	1.61679	2.422833	2,701104	7,752508	0.1734223	0.1627032	0.1961628	0.2309325	0.2823039	0.1522326	0.2033125	0.2825032	0.2666492	0.1779325	0.1761437	0.2332956	0.1317049	1.765307	1.760254	0.2052649	0.1271235	0.110403	0.1296959	0.164881	0.1796851	0.1215145	0.1331569
15.06.2020 01:12:00	63	0.1680152	0.09653506	0.1755109	0.2508165	0.2430796	0.1235032	0.1712718	0.2135612	0.1805195	0.2745622	0.2033279	0.1968836	0.1472286	0.178669	0.1823474	0.2445172	0.2265731	0.1738114	0.1807567	0.2111671	0.1861579	0.2176833	0.1618507	0.1831366	0.1990921	0.1924176	0.1775675	0.0930957	0.1760132	0.1551037	0.1156469	0.1612507	0.2036265	0.2729561	0.1826999	0.1606984	0.1920641	0.2130182	0.2122332	0.250647	0.253741	0.2448569	5.225412	0.2059446	17.91797	0	4,687485	0	0.1931371	0.2078617	0.212692	0.1414748	0.2234719	0.1236827	0.2881119	0.2477283	0.1743878	0.1455318	0.1886503	0.1806004	0.1396638	0.1671351	0.2527165	0.1972315	0.1893245	0.1517764	2.105487	2.552129	1.487444	2.305342	2,29557	6,438109	0.1535498	0.145861	0.1765984	0.2078022	0.2558642	0.1367255	0.1818635	0.2520861	0.2379688	0.1596384	0.1587517	0.2113348	0.1196056	1.720929	1.704937	0.1831034	0.1151407	0.1002789	0.1157022	0.1456616	0.1618455	0.1103318	0.1218058
15.06.2020 04:12:00	66	0.1497842	0.08621819	0.1585106	0.222132	0.216751	0.1114811	0.1528098	0.1890011	0.1618429	0.2463979	0.183678	0.1762974	0.1325694	0.1602617	0.1621802	0.2185881	0.20637	0.1556258	0.1615058	0.189349	0.1661991	0.195342	0.1463172	0.1640238	0.1772134	0.1723445	0.1577045	0.08601227	0.1569006	0.1391143	0.1044942	0.1450632	0.1784594	0.24332	0.1641994	0.1434743	0.1742062	0.1881225	0.1905029	0.2233657	0.2288897	0.2151144	5.350935	0.1834319	24.99234	0	5,124084	0	0.1726578	0.187939	0.1898098	0.1229939	0.1971046	0.1106207	0.2573927	0.2195674	0.1540081	0.1269954	0.1676067	0.1634516	0.1280685	0.1455883	0.2281457	0.1752184	0.1686915	0.1356861	2.020185	2.473162	1.44579	2.404595	3,416432	10,83956	0.1380292	0.1304653	0.1574844	0.1850178	0.226593	0.1248786	0.1633496	0.2255403	0.2132915	0.1447973	0.1427474	0.190274	0.1074669	1.635009	1.637662	0.1657644	0.1039696	0.0905709	0.1058569	0.1308001	0.1447403	0.09996098	0.1103907
15.06.2020 07:12:00	69	0.1380533	0.07842978	0.143693	0.1981641	0.1934588	0.100756	0.1382012	0.1714971	0.1476049	0.219773	0.1654207	0.1601342	0.120122	0.1447745	0.1470276	0.1961749	0.1842983	0.1427592	0.1457104	0.1695403	0.1510151	0.1760979	0.1339748	0.1513269	0.1606454	0.1527763	0.1399267	0.07794989	0.1415022	0.1248798	0.09410025	0.12877	0.1645411	0.2176431	0.1497897	0.1312245	0.1576237	0.170523	0.1711282	0.2006218	0.2033868	0.1885464	5.414358	0.1657495	21.34317	0	3,892551	0	0.1556946	0.1667366	0.1725774	0.1107732	0.1744997	0.1004563	0.2284656	0.1986859	0.1388147	0.1185989	0.1496207	0.1480264	0.1173498	0.1324808	0.2038803	0.1577988	0.1513459	0.1225878	2.074871	2.400714	1.205103	2.299956	2,655527	7,696151	0.1233337	0.1183269	0.1435245	0.1672299	0.2033449	0.11115	0.1491658	0.2047669	0.1903477	0.1289911	0.1285464	0.1732182	0.09763242	1.551458	1.572314	0.1507936	0.09525427	0.08248957	0.09536553	0.1183586	0.1323721	0.0926417	0.1003658
