Vessel Name: 18-10-2022_KaKr_KK1-79_Screen_S4/4-B1/5_P5_10
Metric: GFP  Integrated Intensity / RFP  Integrated Intensity
Cell Type: 
Passage: 0
Notes: 
Analysis: KaKr-A549-H2B-GFP/-RFP_DEFv10

Date Time	Elapsed	SSB	ST14	STAB1	STAP1	STAT1	STAT2	TAP1	TAP2	TDO2	TDRD7	TIFA	TLR3	TLR7	TMEM140	TMEM217	TMEM62	TNFRSF1B	TNFSF10	TNFSF13B	TNFSF18	TNFSF8	TRAF3IP3	TRANK1	TRIM21	TRIM22	TRIM25	TRIM38	TRIM5	TRIM69	TYMP	UBA7	UBN2	UBQLNL	VCAN	WARS	XAF1	ZADH2	ZBP1	ZBTB48	ZC3HAV1	ZMAT3	ZNF44	ZNF516	ZNFX1	NTC1	NTC2	NTC3	NTC4	NTC5	C1 (Mx2)	C2 (STAT1)	C3 (MAVS)	C4 (BST2)	C5 (EIF2AK2)	C6 (RSAD2)	C7 (NTC1)	C8 (NTC2)	C9 (NTC3)	C10 (NTC4)	C11 (NTC5)
18/10/2022 16:10:00	0	0,0126067	0,01030736	0,009252807	0,007512625	0,009851354	0,0130793	0,01062325	0,007067936	0,007319957	0,007202876	0,007490344	0,009026476	0,008235447	0,01113409	0,00967252	0,008769007	0,008219395	0,01142767	0,008595375	0,01086145	0,009741437	0,008971692	0,0107265	0,01016679	0,0118695	0,01031155	0,008546087	0,01007784	0,009587547	0,008591746	0,01261465	0,01029701	0,01048934	0,01053053	0,008669648	0,0119575	0,0100778	0,00746233	0,008544403	0,009024519	0,007483564	0,006688418	0,008415874	0,008746834	0,006301163	0,007365452	0,005986454	0,005992549	0,006483084	0,006858653	0,007752139	0,01002973	0,01181374	0,007906658	0,008276047	0,005066144	0,005959626	0,006140426	0,005531758	0,003709274
18/10/2022 18:10:00	2	0,01124411	0,008848707	0,007504802	0,006741941	0,008679228	0,01095386	0,007643866	0,005116739	0,006211524	0,005984807	0,005663489	0,007972752	0,007232307	0,009403449	0,006982496	0,007192707	0,007059955	0,008852884	0,006682598	0,006800946	0,008214273	0,007400778	0,008885576	0,00862154	0,01104004	0,008582506	0,006615032	0,008245949	0,008606154	0,006372758	0,009913237	0,007943699	0,008594521	0,008587693	0,007065456	0,01040733	0,00790347	0,006008864	0,007155517	0,007002478	0,006676259	0,005470715	0,006777232	0,00712795	0,005187998	0,006172425	0,005090246	0,004751686	0,005039561	0,005833142	0,006689303	0,00908923	0,01009188	0,005735159	0,006200744	0,004591387	0,004755403	0,005158059	0,003992001	0,002953999
18/10/2022 20:10:00	4	0,01069488	0,007660402	0,00653555	0,005734765	0,007980087	0,009851552	0,007653462	0,004518755	0,005127174	0,005474404	0,00491963	0,006978722	0,006576711	0,00758112	0,00621591	0,005786415	0,006088328	0,007684406	0,006116892	0,004870002	0,007382514	0,006623975	0,007093374	0,007734106	0,009113302	0,007472028	0,005498129	0,00628613	0,007192739	0,005134257	0,008774197	0,006952329	0,0066619	0,006961057	0,006346724	0,009133159	0,006644621	0,005339799	0,006303604	0,005688764	0,005490443	0,00452744	0,005643179	0,005784625	0,003799603	0,005261966	0,004645244	0,003700756	0,004091457	0,004803803	0,006122493	0,008479364	0,009130771	0,005206203	0,005294021	0,004132525	0,003732101	0,003979257	0,003831678	0,002643883
18/10/2022 22:10:00	6	0,01033938	0,007610336	0,006939655	0,005398177	0,007620104	0,009431482	0,006952088	0,004206051	0,004992892	0,005044582	0,004659932	0,006919046	0,006784677	0,007528726	0,005985408	0,005620942	0,005683364	0,007121794	0,005737993	0,004420348	0,006979492	0,00534513	0,006740921	0,007429214	0,008758884	0,007108397	0,005445722	0,006162898	0,006520699	0,005156885	0,00808391	0,006362131	0,006162354	0,007380716	0,006212328	0,009017205	0,00657786	0,004775018	0,005496203	0,005334421	0,004958434	0,004442952	0,005825915	0,005381366	0,003801148	0,005088866	0,004264174	0,003204669	0,003465445	0,005048982	0,005876517	0,008084906	0,009692298	0,005144834	0,004955783	0,003816398	0,003685808	0,003680492	0,003646264	0,00265016
19/10/2022 00:10:00	8	0,009584638	0,006930644	0,006054416	0,005020048	0,006699667	0,00864579	0,006382536	0,003894784	0,004582068	0,004428171	0,004195212	0,006199922	0,005979301	0,006800186	0,005235967	0,005050358	0,005077429	0,006129698	0,005104405	0,004076922	0,006153029	0,005127005	0,005720421	0,0066325	0,008053089	0,006482229	0,005060887	0,005676048	0,005600346	0,005009909	0,007677927	0,005429659	0,006445026	0,006392533	0,005376243	0,007885702	0,005642359	0,004269151	0,004876507	0,005034334	0,004396141	0,003776626	0,004923542	0,004597194	0,00313627	0,004536238	0,003561995	0,003018652	0,002932342	0,004374585	0,00530473	0,007952699	0,00911379	0,004618724	0,004206284	0,003403033	0,003694044	0,003299134	0,003430511	0,002373359
19/10/2022 02:10:00	10	0,009329284	0,006369834	0,005484271	0,004947598	0,00655338	0,008507815	0,005860802	0,003494108	0,004747696	0,004335809	0,00422803	0,006089011	0,005698718	0,005874919	0,00523552	0,004579247	0,004981465	0,006136339	0,005252623	0,003658168	0,005579863	0,004866141	0,005534212	0,006164574	0,007180751	0,006313179	0,004594198	0,005046986	0,005182305	0,004177572	0,006985695	0,005218208	0,005038017	0,005760493	0,005246026	0,007730213	0,005673009	0,004029781	0,004226774	0,00430674	0,00369731	0,003503201	0,004872036	0,004039278	0,003153916	0,004254206	0,003376646	0,002599772	0,00256474	0,004135239	0,005241535	0,007624285	0,008766093	0,004531852	0,003900962	0,003356577	0,00316901	0,003100195	0,002973577	0,001884629
19/10/2022 04:10:00	12	0,008919569	0,006141398	0,005239901	0,004999674	0,00643704	0,007939486	0,005591141	0,00308365	0,004296096	0,003761078	0,004032533	0,005639091	0,005171258	0,005546842	0,004465892	0,004047986	0,004504613	0,005826249	0,005076066	0,003505431	0,005538356	0,00437505	0,004994246	0,005971836	0,006950658	0,006109172	0,004347785	0,004710115	0,004618372	0,003801166	0,00722697	0,005130472	0,005118691	0,005457396	0,005209617	0,007784043	0,005342495	0,003366496	0,003802738	0,003709486	0,003612976	0,003556086	0,004415933	0,003989472	0,003050247	0,003935312	0,003085767	0,0023754	0,002595954	0,004036658	0,00492704	0,007595217	0,008434681	0,004467144	0,003905684	0,003258406	0,00342021	0,002938365	0,00311047	0,002096073
19/10/2022 06:10:00	14	0,009175776	0,006458246	0,005458547	0,004992623	0,006708557	0,007902287	0,005127311	0,003375068	0,004300395	0,003820305	0,00421952	0,005556903	0,005371012	0,006172508	0,004357593	0,004321232	0,004649917	0,005783229	0,005014387	0,003561845	0,005603905	0,004669787	0,005424937	0,006345243	0,006958948	0,006185753	0,004856292	0,005206634	0,005197738	0,004077753	0,007054954	0,005338201	0,004613206	0,005390225	0,00505014	0,007798603	0,005340489	0,00353918	0,004214684	0,005023842	0,003610195	0,003789852	0,004979028	0,004251453	0,002904348	0,004136715	0,00308119	0,002745673	0,002478364	0,004167752	0,004900832	0,007667865	0,008727853	0,004674996	0,00390325	0,003157279	0,003127015	0,003084082	0,003128323	0,002268352
19/10/2022 08:10:00	16	0,009887743	0,007791668	0,006715873	0,005868264	0,007765056	0,009111638	0,006286906	0,004153788	0,005956961	0,00549649	0,005244919	0,006105085	0,00766157	0,007600968	0,006870735	0,006698292	0,007010566	0,007381358	0,006210776	0,006486886	0,008278968	0,006759227	0,006830041	0,00743228	0,008531078	0,008420099	0,007960496	0,008123515	0,007852935	0,007428894	0,00921259	0,007569468	0,007415969	0,006072134	0,006506627	0,01028804	0,008960087	0,007833196	0,007486289	0,009851662	0,005761843	0,006782345	0,007905589	0,006455049	0,005530103	0,005940205	0,005628331	0,00583264	0,005216186	0,00510577	0,007241176	0,00980686	0,009643259	0,005812591	0,005641778	0,004847357	0,004456874	0,004471161	0,004718728	0,003721837
19/10/2022 10:10:00	18	0,01320636	0,0146693	0,01103109	0,01096865	0,01499163	0,01653406	0,01174464	0,01071473	0,01337812	0,01439828	0,01478643	0,01222833	0,01874892	0,01715057	0,02012565	0,01908045	0,01723431	0,0154918	0,01374707	0,01685832	0,019266	0,01620706	0,01611971	0,0153896	0,01540361	0,02002482	0,0222319	0,019796	0,02176622	0,02190131	0,01744942	0,02074587	0,02349211	0,01173599	0,01354409	0,02139072	0,02322948	0,02379056	0,02458758	0,03488957	0,01951523	0,01949687	0,02249184	0,01867027	0,01854432	0,01518567	0,01773271	0,02022238	0,01949643	0,01202745	0,01956539	0,02124867	0,0168832	0,0114659	0,01295047	0,01246758	0,01210252	0,01381957	0,01316485	0,01348137
19/10/2022 12:10:00	20	0,02313766	0,03541626	0,02505283	0,02504444	0,03873817	0,04015371	0,03072917	0,02982097	0,03598263	0,03999542	0,03809455	0,03079178	0,04877712	0,03736531	0,04933578	0,04888461	0,0432366	0,03631081	0,03477965	0,04307911	0,04699261	0,03866464	0,03749812	0,03820198	0,0348966	0,04812407	0,0551494	0,04985807	0,05498067	0,05434573	0,03838953	0,05775476	0,05935791	0,02824736	0,03448671	0,04481711	0,05928101	0,06000209	0,06507933	0,08452401	0,05433244	0,04937704	0,05884285	0,04584637	0,05028537	0,03941409	0,04807221	0,05135498	0,05102477	0,03044004	0,05503969	0,05486926	0,03779277	0,02686227	0,03509416	0,03564195	0,03205677	0,03681767	0,03648824	0,03936876
19/10/2022 14:10:00	22	0,04538378	0,07339514	0,0530014	0,05104065	0,09066521	0,08898751	0,06733254	0,06572384	0,08095606	0,09466719	0,08036707	0,06577503	0,1000627	0,0691607	0,09701633	0,09705121	0,08933108	0,07040068	0,07400548	0,08418878	0,09560313	0,07538885	0,07664022	0,08290321	0,07151964	0,09536884	0,1081603	0,1022206	0,1107091	0,1053435	0,07418342	0,1145366	0,1161592	0,0576071	0,07098417	0,08164563	0,1200122	0,1160429	0,1338441	0,15973	0,1161983	0,09810199	0,1190031	0,08982877	0,1034413	0,08635478	0,1019505	0,09758187	0,09979713	0,06409823	0,1210241	0,1183823	0,07752974	0,05577499	0,07571554	0,07931659	0,06888723	0,0783445	0,07899721	0,08741572
19/10/2022 16:10:00	24	0,0708641	0,1158287	0,08750524	0,07913952	0,1569637	0,1544609	0,1067572	0,1074961	0,1331508	0,1571898	0,1237807	0,1075018	0,1609058	0,09807572	0,1455626	0,1488208	0,140399	0,1061471	0,1163466	0,1295055	0,1476877	0,114198	0,116749	0,1349922	0,1119323	0,1481819	0,1624144	0,1616378	0,169962	0,1599894	0,1143466	0,1743916	0,1773814	0,08681744	0,1107102	0,1205148	0,1860033	0,1744465	0,2103858	0,2423656	0,1911825	0,151057	0,1847061	0,1366877	0,1578695	0,1358682	0,160173	0,1441411	0,153422	0,1016044	0,2030333	0,2025884	0,1224828	0,08565744	0,1243418	0,1322048	0,1126285	0,1214519	0,1286894	0,1439534
19/10/2022 18:10:00	26	0,09654655	0,1561712	0,1262001	0,1070543	0,2376417	0,2369493	0,1471405	0,1495472	0,1852726	0,2242664	0,1657443	0,1525977	0,2327949	0,1221967	0,1917288	0,1977277	0,1887769	0,1393843	0,1600635	0,1693814	0,1982994	0,1496577	0,1576443	0,1915567	0,151668	0,194233	0,2166151	0,2267093	0,2308138	0,2161993	0,1552082	0,2332637	0,2327396	0,1211836	0,1485807	0,153083	0,249849	0,2308528	0,2888057	0,3227121	0,2672715	0,2063066	0,2478275	0,1815841	0,2105624	0,186388	0,2180764	0,1866389	0,2057697	0,1426048	0,2999228	0,3072379	0,1725022	0,1162604	0,1756823	0,1916084	0,1606143	0,1680533	0,1803133	0,2083328
19/10/2022 20:10:00	28	0,1219038	0,1974602	0,1665767	0,1333959	0,3353213	0,3375529	0,1871506	0,1900634	0,2366611	0,2917897	0,2071689	0,1992515	0,3123212	0,1434408	0,2316237	0,2423315	0,2336337	0,1703196	0,2048272	0,2070182	0,2441134	0,180461	0,1970548	0,2495615	0,1903332	0,2380502	0,2676126	0,2935081	0,2874676	0,2654744	0,1928088	0,2835637	0,2832152	0,1510441	0,1886494	0,1794873	0,3136199	0,2813522	0,36328	0,3991923	0,3435259	0,2566432	0,3034336	0,223533	0,2574417	0,2327474	0,2769968	0,2242835	0,2530624	0,1830653	0,4213546	0,4374196	0,2140582	0,1425739	0,2256619	0,2543365	0,2067887	0,2143068	0,2344708	0,2784953
19/10/2022 22:10:00	30	0,1455583	0,2324911	0,2034635	0,1585898	0,4449924	0,4459532	0,2248834	0,2247136	0,2836739	0,3505298	0,2430056	0,2432384	0,384911	0,1580706	0,2664942	0,2790717	0,2687591	0,1969218	0,2428547	0,2381429	0,2847673	0,2035588	0,2311459	0,3014499	0,2241338	0,2729441	0,3098027	0,3551861	0,3339722	0,3056748	0,2237957	0,3227569	0,3240036	0,1786484	0,2247798	0,20311	0,3616573	0,3240023	0,4283415	0,4626461	0,4108661	0,2974491	0,3509911	0,2592801	0,2995148	0,271557	0,3281052	0,2517945	0,2920081	0,221842	0,5442464	0,5708559	0,2526397	0,1649746	0,2683395	0,315525	0,2521913	0,2561801	0,2858531	0,3479229
20/10/2022 00:10:00	32	0,1659139	0,2556468	0,2330521	0,1756447	0,5505574	0,5576841	0,2569642	0,2532156	0,3208885	0,3965617	0,2697062	0,2787987	0,4471352	0,1672631	0,2902486	0,3053271	0,2934465	0,2200514	0,2737566	0,2573602	0,3109784	0,2186753	0,2556903	0,345557	0,2514931	0,2977527	0,3405394	0,3995862	0,3664669	0,3308977	0,2461688	0,3469734	0,3504743	0,2000553	0,2531139	0,2166445	0,4003638	0,355141	0,4811814	0,5051212	0,4609466	0,3239008	0,38483	0,2827455	0,3273958	0,3003786	0,3723694	0,2686945	0,319191	0,2548768	0,6672158	0,7095326	0,2805926	0,1822837	0,3046883	0,3673803	0,2896796	0,2913379	0,3279754	0,4108799
20/10/2022 02:10:00	34	0,1784566	0,2697698	0,253662	0,18626	0,6548026	0,6668901	0,2796782	0,2727373	0,3436765	0,428924	0,2877387	0,3058134	0,4888678	0,1699107	0,3013041	0,3167855	0,3062762	0,2327834	0,2944747	0,2694593	0,3243709	0,2250049	0,2693473	0,3747027	0,266285	0,3051611	0,3568905	0,4301818	0,3861241	0,3462283	0,2568648	0,3632534	0,3666587	0,2133376	0,2722169	0,2246882	0,4223224	0,3725501	0,5140935	0,5337384	0,4927056	0,3400884	0,4041479	0,2956737	0,3450868	0,3172299	0,3988021	0,2768154	0,3316559	0,2783686	0,7808436	0,8371099	0,3010506	0,191692	0,3296402	0,4091448	0,315935	0,3180994	0,3593502	0,4558609
20/10/2022 04:10:00	36	0,18557	0,2777702	0,2688811	0,1915949	0,7438954	0,7641406	0,2898538	0,2822989	0,3542126	0,4439232	0,2954885	0,3221545	0,5169426	0,1685989	0,3050998	0,3213921	0,3100229	0,2400795	0,30604	0,2723716	0,3307188	0,2272753	0,275635	0,3906005	0,2741322	0,3051773	0,3609148	0,4451881	0,3929761	0,3484393	0,2607008	0,3611509	0,369975	0,221865	0,2826342	0,2261667	0,4280896	0,3729234	0,5276526	0,5422565	0,5097914	0,3445494	0,4088181	0,2970358	0,3520841	0,3258341	0,4111454	0,2802278	0,3358327	0,2942521	0,8827258	0,9473834	0,3123134	0,1955487	0,3459541	0,4365954	0,3330355	0,3334906	0,3803925	0,490106
20/10/2022 06:10:00	38	0,187816	0,2767386	0,2753268	0,1931244	0,8261117	0,855167	0,2928939	0,2840868	0,3549935	0,4470682	0,2958405	0,3284564	0,5271696	0,1654884	0,3029411	0,3187194	0,3062578	0,239641	0,3081551	0,2684898	0,3264383	0,2224517	0,2732833	0,393855	0,277701	0,2976271	0,3556518	0,4483382	0,3889865	0,3447781	0,2600501	0,3537527	0,3653899	0,2224388	0,2901036	0,2215537	0,4279384	0,370017	0,5271303	0,5359716	0,5090576	0,3404567	0,4051197	0,2946784	0,3503382	0,3266064	0,41269	0,2750592	0,3317953	0,3012333	0,9691557	1,050367	0,3110425	0,1947038	0,3489187	0,4560598	0,3401468	0,3402368	0,3919272	0,5047472
20/10/2022 08:10:00	40	0,1849887	0,2716604	0,2726651	0,1903127	0,9034402	0,9245836	0,2911582	0,2784198	0,3495052	0,4364079	0,2881758	0,3261563	0,5176411	0,1588201	0,2933441	0,3079698	0,2983293	0,2331758	0,3038138	0,2590148	0,3171041	0,213421	0,2646328	0,3882363	0,2717621	0,2852126	0,3441785	0,4357997	0,3752109	0,3366531	0,2528091	0,3452979	0,3563055	0,2196866	0,2868877	0,2123455	0,4128493	0,3599566	0,5167889	0,5182543	0,4951576	0,3307808	0,3918695	0,2863482	0,3408474	0,3206742	0,4062045	0,2657482	0,3221682	0,2985639	1,050238	1,132841	0,3095451	0,1908392	0,3419356	0,4571772	0,3374599	0,3379104	0,392682	0,5072978
20/10/2022 10:10:00	42	0,1799539	0,260628	0,2672065	0,1849474	0,9757713	0,9943849	0,2825556	0,2696925	0,338186	0,4217982	0,2796807	0,318267	0,5001499	0,149675	0,2779892	0,2939048	0,2823625	0,2234044	0,2935096	0,2480753	0,305216	0,2035098	0,2534471	0,3770896	0,2624828	0,2735552	0,3274274	0,4229355	0,3604271	0,3226984	0,2439797	0,3253782	0,340163	0,2122787	0,2829667	0,2027805	0,3915649	0,3425322	0,4973258	0,492962	0,4772974	0,3197291	0,3745268	0,2747539	0,3289527	0,3103205	0,3943932	0,2527794	0,3082891	0,2922386	1,111722	1,201349	0,29816	0,1832074	0,3328824	0,4500192	0,3307115	0,3303142	0,3855135	0,497019
20/10/2022 12:10:00	44	0,1733461	0,2491074	0,2556534	0,1768615	1,039612	1,059005	0,2714852	0,255833	0,3239136	0,4043054	0,2675447	0,3053951	0,4764178	0,1401491	0,2621986	0,2782027	0,2687551	0,2145968	0,2812776	0,2344858	0,2903691	0,1908799	0,2402449	0,3619859	0,2501268	0,2585046	0,3108743	0,4049777	0,3415529	0,3038329	0,2315663	0,3030911	0,3224432	0,2025843	0,2711309	0,190877	0,3693091	0,3216592	0,4743128	0,4671973	0,4533761	0,3018601	0,3518908	0,2571645	0,3127867	0,2973424	0,3745227	0,2382601	0,2922232	0,2813139	1,185535	1,265988	0,2853445	0,1733235	0,317751	0,4396397	0,3182386	0,3177183	0,3698291	0,4805784
20/10/2022 14:10:00	46	0,1714896	0,2305046	0,2405447	0,1692454	1,115654	1,131489	0,2609918	0,2428957	0,3021727	0,3951505	0,2461038	0,2883298	0,459393	0,1351423	0,253162	0,261723	0,2533521	0,2007546	0,2676403	0,2190626	0,2767963	0,1805526	0,2301192	0,3448699	0,2477956	0,2444457	0,2913709	0,3934746	0,3267478	0,2946928	0,2223697	0,284931	0,3036882	0,1963863	0,2645196	0,1801267	0,354715	0,3035836	0,4480054	0,444335	0,4282538	0,2817939	0,3410309	0,2457055	0,2939938	0,2839059	0,3581012	0,2291364	0,2793092	0,2696405	1,257381	1,333062	0,2681922	0,1655977	0,3045433	0,4258552	0,3060899	0,308527	0,3516003	0,4615168
20/10/2022 16:10:00	48	0,1596988	0,2173901	0,2310381	0,1600463	1,163977	1,172937	0,2468372	0,2291117	0,281976	0,367325	0,2354661	0,2734166	0,4284661	0,1259952	0,2342831	0,2466424	0,2373419	0,1918838	0,2519283	0,205868	0,2596253	0,1687039	0,2150213	0,3207816	0,2309247	0,2301808	0,2740797	0,3614833	0,2996829	0,2735361	0,2096544	0,2680148	0,2851763	0,1853784	0,248959	0,1722898	0,3283785	0,2860445	0,4183078	0,4084982	0,3956292	0,2693948	0,3186167	0,2303812	0,2768067	0,2685242	0,3362741	0,2119291	0,258436	0,2582652	1,311597	1,37726	0,2576084	0,1545065	0,2859522	0,408556	0,2899839	0,2922142	0,3335014	0,4363323
20/10/2022 18:10:00	50	0,1499901	0,2005229	0,2154035	0,1486581	1,192584	1,214372	0,2289449	0,2137765	0,2643897	0,3413082	0,2186954	0,2561251	0,399012	0,1160414	0,2157417	0,2291772	0,218854	0,1797227	0,2334371	0,1916051	0,2394097	0,1559136	0,1989538	0,2986684	0,2148959	0,2125796	0,2521708	0,3331644	0,2779557	0,2549007	0,1935297	0,2492251	0,2643679	0,1712312	0,2323683	0,1594629	0,3057652	0,2637914	0,3889456	0,3739125	0,3663883	0,2487358	0,2957484	0,2123556	0,2577111	0,2493113	0,3132698	0,197	0,2402399	0,2406851	1,357795	1,386695	0,2407401	0,1426999	0,2676095	0,3823141	0,2689748	0,2708074	0,3100092	0,4048086
20/10/2022 20:10:00	52	0,1407301	0,1871772	0,2004693	0,1391809	1,224075	1,236323	0,2135796	0,1992951	0,2447834	0,3143118	0,2028112	0,2378671	0,3675783	0,1087628	0,2011292	0,2112765	0,2017973	0,1673844	0,2156319	0,1781002	0,2228282	0,1454237	0,1851339	0,2766142	0,1997749	0,1954022	0,2345838	0,31011	0,2581381	0,2363337	0,178329	0,2298146	0,2435393	0,159366	0,2195111	0,1474172	0,2834854	0,2410627	0,3551985	0,3427755	0,3398224	0,229055	0,2719415	0,1958538	0,2380932	0,2313218	0,2866792	0,1820401	0,222845	0,2245354	1,385435	1,396593	0,228857	0,1336573	0,2509354	0,357257	0,2526681	0,2539038	0,2881405	0,3763524
20/10/2022 22:10:00	54	0,1336659	0,1752071	0,1852809	0,1299815	1,237817	1,259163	0,1973998	0,1847365	0,2283086	0,2927496	0,1882984	0,2223009	0,3401414	0,1020227	0,1879915	0,1978303	0,1861517	0,1561466	0,1963592	0,1669505	0,2074638	0,135139	0,1717269	0,2574807	0,1864551	0,180192	0,2174841	0,2867464	0,2399863	0,2193773	0,1649824	0,2125291	0,2268746	0,148637	0,2052642	0,1380529	0,263464	0,2231014	0,3297844	0,316463	0,313098	0,2128855	0,2536172	0,1815166	0,222212	0,2140052	0,2671927	0,1697361	0,2068192	0,2079108	1,404707	1,397378	0,2138178	0,1242224	0,2348118	0,3331043	0,2348291	0,237507	0,2653954	0,3480909
21/10/2022 00:10:00	56	0,1251337	0,1624449	0,1732481	0,1215262	1,244847	1,259812	0,183477	0,1721596	0,2124749	0,2698427	0,1759628	0,2073177	0,3167552	0,09597436	0,1751152	0,1840344	0,1715311	0,1447773	0,1818088	0,1555525	0,1934853	0,1265697	0,1593882	0,238279	0,1734016	0,1671329	0,2005748	0,2632813	0,2216093	0,2042419	0,1531806	0,1969994	0,2120924	0,1398113	0,1933254	0,1298075	0,2448774	0,2073398	0,3081107	0,2914637	0,2879087	0,1970732	0,2369578	0,1694892	0,2058341	0,2003984	0,2458459	0,1577898	0,1905293	0,1934266	1,4167	1,390489	0,2004053	0,1164989	0,2198976	0,3110375	0,2163316	0,2187967	0,2457358	0,3205897
21/10/2022 02:10:00	58	0,117218	0,1520156	0,1612942	0,1128986	1,236405	1,253067	0,1703186	0,1596021	0,1988896	0,2485251	0,1636436	0,1938844	0,2938868	0,08966073	0,1626398	0,1708788	0,1618313	0,134888	0,1676092	0,1448572	0,1801411	0,1176792	0,1458023	0,2213088	0,1613654	0,1567425	0,1866882	0,2429534	0,2053286	0,1898628	0,1428027	0,1848587	0,1979033	0,1303897	0,1802668	0,1221272	0,2273091	0,1929719	0,2821767	0,269967	0,2655511	0,1832295	0,2175405	0,1588145	0,1913929	0,1860369	0,2279402	0,1456663	0,1778607	0,1797841	1,425954	1,369544	0,1875309	0,109116	0,205657	0,28764	0,2015328	0,2042186	0,2295555	0,2960711
21/10/2022 04:10:00	60	0,1101645	0,1415586	0,1510841	0,1057073	1,227069	1,236194	0,1586974	0,1486937	0,1841248	0,2305104	0,1526762	0,1812426	0,2724346	0,08449584	0,1512542	0,158285	0,1522879	0,1267812	0,1552791	0,1344826	0,1671189	0,1107382	0,1350861	0,206368	0,1507022	0,1474041	0,1733425	0,2269882	0,1904323	0,1760137	0,1344837	0,173185	0,1833166	0,1223315	0,1685005	0,1147722	0,2113674	0,1790188	0,2621093	0,2492671	0,2463814	0,1721339	0,2016826	0,1465615	0,1771585	0,1740862	0,2109941	0,135047	0,1651877	0,167099	1,423111	1,347917	0,1763127	0,1020612	0,1922399	0,2693597	0,1887119	0,1886716	0,2137717	0,2740536
21/10/2022 06:10:00	62	0,103564	0,1317973	0,1402115	0,09883168	1,205299	1,219096	0,1496444	0,1398148	0,1730562	0,2147912	0,1421156	0,1707108	0,2540957	0,07968179	0,1420291	0,1477474	0,1416367	0,1182238	0,1433799	0,125132	0,1540453	0,1040619	0,1261182	0,1929841	0,1422911	0,137329	0,162511	0,2109332	0,1793216	0,1641264	0,1256781	0,1615362	0,1721311	0,1157434	0,1591542	0,1091063	0,1974125	0,1666241	0,2410345	0,2298096	0,2289256	0,1602644	0,187744	0,1370046	0,1659436	0,1605039	0,1964049	0,1266251	0,1550327	0,1546254	1,417031	1,320694	0,1674837	0,09683859	0,1778065	0,2507517	0,1752218	0,1774364	0,1993033	0,2539346
21/10/2022 08:10:00	64	0,09828965	0,123281	0,1313218	0,09220208	1,184419	1,196853	0,1388641	0,1312699	0,1606311	0,1981678	0,1338315	0,160818	0,2352061	0,07532632	0,132199	0,1368219	0,1314768	0,1103826	0,1330689	0,1163658	0,1444384	0,09772749	0,1180937	0,1802928	0,1323372	0,1273814	0,1501613	0,1955008	0,1678747	0,1529504	0,117012	0,1520167	0,160344	0,1079568	0,1503271	0,1019768	0,1862484	0,1538674	0,2227304	0,2114712	0,2132092	0,1481835	0,1749595	0,1292426	0,1537554	0,1497657	0,184539	0,1185015	0,145579	0,144619	1,387917	1,287904	0,1591187	0,09091771	0,16695	0,2325193	0,1638562	0,1650532	0,183997	0,234942
21/10/2022 10:10:00	66	0,09563103	0,1197889	0,1254361	0,0872499	1,158111	1,171586	0,131432	0,1256848	0,1537725	0,1865111	0,12711	0,1510514	0,222213	0,07269799	0,1258182	0,1300208	0,1246696	0,1047908	0,1251419	0,1109336	0,1386023	0,0932569	0,1110842	0,1711827	0,1259405	0,1218276	0,1420237	0,1871387	0,1583332	0,1453274	0,1105624	0,1458828	0,1531218	0,1029624	0,1440893	0,0976785	0,1764901	0,1456238	0,2100372	0,1998082	0,1986753	0,1409358	0,1665119	0,1238607	0,14496	0,1421503	0,1729896	0,1132946	0,1374281	0,1360685	1,371853	1,2603	0,1531081	0,08813664	0,1582253	0,2178568	0,1544898	0,1544468	0,1752038	0,2216148
21/10/2022 12:10:00	68	0,08961907	0,1109327	0,1167581	0,08086555	1,124264	1,134492	0,1216162	0,1159007	0,140673	0,1727404	0,1181794	0,1410114	0,2053707	0,06718235	0,1161454	0,1201978	0,1156355	0,09592414	0,1154263	0,1035631	0,1272914	0,08602886	0,1033251	0,1597089	0,1176235	0,1122675	0,1308699	0,1736079	0,1466926	0,1332067	0,1027887	0,1343361	0,1414427	0,09619316	0,1326379	0,09083591	0,1628084	0,1352874	0,1929803	0,1832836	0,1827843	0,1302147	0,1541282	0,1142116	0,13437	0,1308081	0,1598017	0,1047765	0,1271567	0,1261174	1,336476	1,217747	0,1439512	0,08201819	0,1470535	0,2023822	0,1427453	0,1429127	0,1618386	0,2042387
21/10/2022 14:10:00	70	0,08393376	0,1039104	0,1106057	0,07540899	1,085588	1,095189	0,1143828	0,1098104	0,1326769	0,1619291	0,1105093	0,131407	0,1915393	0,06331874	0,1095215	0,1117324	0,1089578	0,08911341	0,1061942	0,09666828	0,1182867	0,08085313	0,09613705	0,1506974	0,110332	0,105869	0,1227508	0,1620042	0,1363847	0,1234457	0,09644106	0,1264472	0,1332458	0,09095035	0,1242573	0,08494958	0,1534362	0,126553	0,1793801	0,1703734	0,1700406	0,1203866	0,1433821	0,1062014	0,1246546	0,1222897	0,1493592	0,09849285	0,1182567	0,1171753	1,301783	1,182026	0,1350833	0,077907	0,1381056	0,1869409	0,1335479	0,1350306	0,1505551	0,1909186
21/10/2022 16:10:00	72	0,07984522	0,09733073	0,1034964	0,07047829	1,051617	1,064731	0,1062079	0,1029396	0,1237925	0,1515165	0,1048313	0,1244102	0,1806106	0,06050791	0,1029345	0,1043695	0,102308	0,08362949	0,09976921	0,0910619	0,1112496	0,07564087	0,09046414	0,1405167	0,1038133	0,09886842	0,1154291	0,1518753	0,1278237	0,115243	0,0901858	0,1196501	0,1256473	0,08496218	0,1163144	0,08072409	0,1431599	0,1188144	0,1686951	0,1582358	0,1571809	0,1139961	0,1341927	0,1008712	0,11564	0,1150389	0,1405237	0,09140749	0,1105133	0,1095658	1,256314	1,145169	0,1278546	0,07408385	0,1300274	0,1748267	0,1250437	0,1254238	0,140467	0,1792147
