Vessel Name: 19062020_InCu_KaKr_KK1-78_P6_9
Metric: GFP Integrated Intensity / RFP Integrated Intensity
Cell Type: 
Passage: 0
Notes: 
Analysis: KaKr-A549-H2B-GFP/-RFP_DEFv10

Date Time	Elapsed	MSR1	MT1H	MT1HL1	MT1M	MT2A	MX1	MX2	MYCL	MYD88	NCOA7	NEXN	NKX3-1	NMI	NT5C3A	NUPR1	OAS1	OAS2	OAS3	OASL	OGFR	P2RY14	PALM2-AKAP2	PAQR8	PARP10	PARP11	PARP12	PARP14	PARP9	PCDH17	PDCD1LG2	PDZD2	PGAP1	PHF11	PID1	PIWIL4	PLEKHA4	PLSCR1	PLXDC2	PMAIP1	PNPT1	POLD1	POLI	PPM1K	PSMB8	PSMB9	PTAFR	RAI14	RARRES3	RASA2	RASGEF1B	RASGRP3	RGL1	RGS1	RHBDD2	RIN2	RNF213	RSAD2	RTCB	RTP4	RUFY4	S100A4	SAMD9	SAMD9L	SAMHD1	SDS	SECTM1	SERPINA1	SERPINB13	SERPINB3	SERPINB4	SERPING1	SIGLEC1	SLAMF7	SLC11A1	SLC15A3	SLC16A10	SLC1A5	SLC25A28	SLFN12L	SLFN5	SOCS1	SP100	SP110	SREK1IP1	C1 (Mx2)	C2 (STAT1)	C3 (MAVS)	C4 (BST2)	C5 (EIF2AK2)	C6 (RSAD2)	C7 (NTC1)	C8 (NTC2)	C9 (NTC3)	C10 (NTC4)	C11 (NTC5)
19.06.2020 10:52:00	0	0,00720627	0,005607156	0,004845435	0,004806619	0,003484687	0,005683159	0,005126881	0,002735091	0,002863764	0,003833783	0,003186709	0,00258273	0,007629923	0,005474364	0,005120901	0,005110038	0,005276117	0,003620555	0,006546314	0,003957626	0,005688661	0,005389434	0,002343908	0,00195717	0,007780916	0,005193154	0,003682112	0,006897713	0,003150794	0,003374702	0,003561176	0,003156838	0,006559977	0,003539344	0,002277613	0,00269134	0,007311297	0,002977284	0,003493184	0,004823523	0,005911645	0,003341574	0	0,002482152	0,7706472	0	0,1228456	0	0,008940561	0,007647255	0,00406469	0,003689986	0,005552237	0,005929501	0,002618978	0,003221639	0,002539093	0,003078657	0,001481225	0,002666697	0,006570855	0,006206211	0,003159555	0,00639027	0,01053938	0,00371304	0,06428164	0	0,03028179	0	0	0	0,009006883	0,004469052	0,002577074	0,003293758	0,003757992	0,002934713	0,00250317	0,002791509	0,001979512	0,002321773	0,003759259	0,00426597	0,004959414	0,005497366	0,003867958	0,002348789	0,00334693	0,002762044	0,002095883	0,002933945	0,002404907	0,001640753	0,002110996
19.06.2020 13:52:00	3	0,006846611	0,004145288	0,003192727	0,00430856	0,002424562	0,004390456	0,003415365	0,002215263	0,00189097	0,00309755	0,0023151	0,001917146	0,005944283	0,004560877	0,003886086	0,003877126	0,003573074	0,002964125	0,005480418	0,002716469	0,003721236	0,003778459	0,002350347	0,001719696	0,006517502	0,004420979	0,003151166	0,005271731	0,002521304	0,002600736	0,002557802	0,002168684	0,004642795	0,002499583	0,002207775	0,002091065	0,005935352	0,002668621	0,002743445	0,003733318	0,004166362	0,003422887	0	0,001422194	1,096535	0	0,05013144	1,181973	0,007657451	0,006330822	0,003065791	0,002953647	0,004181108	0,004553184	0,002356773	0,002725174	0,002090388	0,002476424	0,001556716	0,00248166	0,006112416	0,005092504	0,002583989	0,004246318	0,006410093	0,003093629	0,05548957	0	0,01835833	0	0	0	0,007146959	0,003308377	0,002035401	0,002520364	0,003028343	0,002012677	0,00202701	0,00197148	0,001949849	0,002143487	0,003052974	0,002973159	0,004154855	0,004477478	0,00377838	0,002066954	0,002500886	0,001876983	0,001455303	0,002186499	0,001647429	0,001461132	0,001443384
19.06.2020 16:52:00	6	0,01535101	0,009162602	0,01201759	0,007253976	0,01028219	0,006678929	0,006552079	0,004445579	0,007343275	0,004451979	0,005048786	0,004764093	0,005665789	0,01069906	0,008160746	0,008262607	0,007868732	0,005831815	0,007155464	0,004478748	0,008354041	0,008710813	0,005471694	0,007040684	0,01033218	0,006889049	0,008701341	0,007934755	0,004617215	0,008472952	0,004793739	0,005822533	0,01057976	0,007209332	0,007321277	0,003390132	0,01193914	0,004668267	0,005841876	0,009532958	0,006901542	0,006978845	0,01819862	0,006421714	0,7269599	0,02661494	0,04433645	1,291748	0,01157562	0,009193955	0,00544468	0,01047262	0,006692147	0,006629743	0,01024717	0,005223272	0,006031752	0,006075031	0,007501713	0,007053671	0,0156367	0,01164255	0,007941836	0,006690602	0,008351107	0,006776595	0,06503408	0	0,009422284	0	0	0,10721	0,01144307	0,007239618	0,009829122	0,004574537	0,008137241	0,007342807	0,0116194	0,007468103	0,003482159	0,009768448	0,01033904	0,01104975	0,01162638	0,01291932	0,007799026	0,01177242	0,005474672	0,006120289	0,009881918	0,004544839	0,006272877	0,0104343	0,007280867
19.06.2020 19:52:00	9	0,1252152	0,09965435	0,116854	0,05887634	0,1096641	0,08410437	0,07292834	0,06396458	0,08063121	0,03248765	0,0493558	0,05052414	0,03958441	0,09922818	0,1003227	0,07066698	0,0623787	0,05163252	0,0375692	0,02992444	0,07854131	0,08933122	0,0783341	0,09120403	0,07347102	0,1031811	0,09743074	0,06425331	0,1142985	0,09048642	0,05688846	0,06914296	0,118499	0,08903861	0,1017458	0,03134256	0,116707	0,05679673	0,08700628	0,1259075	0,06769063	0,0812128	0	0,05982092	1,44643	0	0,05677041	1,340726	0,09494539	0,0770006	0,04816515	0,1300747	0,044613	0,05145183	0,143141	0,04471264	0,09027874	0,04964974	0,1190595	0,05907629	0,1216851	0,11727	0,1402931	0,04227409	0,05813345	0,09005579	0,068103	0	0,003664067	0	0	0	0,08209036	0,05953875	0,1150946	0,04218104	0,07419851	0,1433026	0,2178095	0,08289406	0,04247339	0,1865658	0,1279426	0,1824284	0,1803094	0,1421825	0,09747903	0,1512152	0,05746418	0,06366106	0,1499701	0,04692573	0,07514554	0,2315325	0,09311789
19.06.2020 22:52:00	12	1,480437	1,620937	2,045956	1,229071	2,312146	1,150647	1,404445	1,459217	1,760318	0,7980204	1,308575	1,230313	0,6233116	1,725998	1,418823	1,180963	0,852913	0,8129763	0,6771844	0,6059178	0,8344761	1,622538	0,8986936	2,224921	1,509932	1,551338	1,649153	1,154082	1,077994	1,138066	1,00854	1,299739	1,617841	1,541293	1,652119	0,7492415	2,215598	1,326037	1,652219	2,271639	1,205005	1,127484	0,01476542	1,385049	1,093188	0	0,04230943	0	1,766571	1,540184	0,7938043	2,365464	0,8229392	1,131065	2,545213	0,9703372	1,446456	1,04497	1,711892	1,645748	2,223769	2,161091	1,669708	0,6046252	1,197929	1,799235	0,05896127	0	0,009386875	0	0	0	1,496032	1,202762	2,360893	1,335851	1,285545	1,812427	3,465266	2,353499	0,9851956	2,645838	2,01392	2,944293	2,609424	2,337691	2,518867	2,978147	1,430705	1,712232	3,391486	0,7901988	1,382099	3,233919	2,460786
20.06.2020 01:52:00	15	7,317404	8,470528	9,631592	6,577474	11,16776	7,11832	8,460963	8,969713	9,367343	6,5635	8,390738	8,454473	4,740625	8,425605	6,651495	6,726473	5,646379	5,318031	5,57907	5,241014	5,430895	7,759537	6,440997	11,07414	8,162158	7,538743	8,517289	7,15192	4,592122	6,206538	6,603203	7,113554	8,276567	7,412984	8,896038	6,728038	10,0367	7,81231	8,39659	9,549726	6,772655	5,242162	0,01654619	8,200319	2,197143	0	0,09355746	0	8,967455	8,005877	4,973116	9,804781	5,847284	6,565869	10,32598	6,288842	7,529633	5,900292	8,213407	9,805128	9,746056	9,196551	7,707	4,830587	6,528931	8,702128	0,05219239	0	0,1057075	0	0	0	8,647099	6,492022	11,18673	8,942392	8,314908	8,558567	13,06288	10,83486	5,445437	10,44041	8,497966	12,11226	10,71891	10,30847	12,25756	12,50674	7,831068	9,319058	13,67402	5,629691	7,55607	12,00617	11,54111
20.06.2020 04:52:00	18	18,56581	20,345	22,24126	17,51846	24,76188	18,67118	20,90888	21,32058	22,32702	18,41113	20,4022	21,36114	14,45657	20,44483	17,37269	18,38996	16,89216	16,3098	16,03564	15,50206	15,94938	19,22278	18,3298	24,50833	19,23098	18,68515	21,00585	18,60368	13,68973	15,52581	17,54416	17,70547	20,23312	18,40329	21,21192	18,43139	22,01737	19,46389	20,68661	21,82271	18,06001	13,61397	0	20,5746	1,777187	0	0,08315283	0	20,7308	19,12229	14,77803	21,99839	16,32513	17,95122	23,17472	16,89475	18,8764	15,18598	20,51918	22,41957	22,43531	21,51744	19,33747	13,52928	17,53449	20,57832	0,2230017	0	0,356425	0	0	0	20,52234	17,45332	24,73663	21,2731	20,75216	19,39437	26,23958	24,33292	15,6909	23,02008	19,5751	25,26781	23,22192	23,59903	27,33681	26,73188	18,62151	21,53188	27,76177	16,05024	18,83739	24,88178	25,05304
20.06.2020 07:52:00	21	32,88327	34,38419	37,47268	31,13917	39,73231	33,59146	36,09775	36,16447	37,40995	33,77341	35,43898	36,82498	27,84819	34,91793	31,61486	32,95887	31,71657	31,14102	30,07401	28,90202	30,06123	33,28137	33,29837	38,9806	33,04448	32,31935	36,7096	33,22805	27,18536	26,62567	31,91419	29,89009	35,06314	32,12553	35,79531	33,80066	35,53198	34,04974	35,34112	36,05241	32,59349	24,82632	0,02684364	35,37867	2,193133	0	0,04794156	0	35,05571	32,50494	28,70626	35,02402	29,30922	32,05476	37,31294	31,33606	32,51816	26,24084	35,24025	37,02679	37,59929	35,71613	33,22312	25,50916	31,00857	34,12752	0,4990143	0	1,112724	0	0	0	34,25706	32,56569	38,99324	35,69946	35,92929	31,57577	38,91357	38,78583	29,6867	37,21136	33,11957	38,97108	36,92517	38,96446	43,3057	41,75232	31,25185	35,52899	41,27108	30,57324	32,24197	37,79189	39,34361
20.06.2020 10:52:00	24	45,49125	44,16801	49,74945	43,05216	50,75092	46,58335	48,40823	48,29642	49,04984	47,18027	47,81131	48,63265	40,89802	46,42863	44,90446	45,55408	45,65734	45,38831	43,32113	41,09578	43,47633	45,21679	46,87489	49,67514	44,04594	43,59871	49,20773	45,09443	40,77502	35,57773	43,56244	40,39186	47,33398	43,08314	47,05009	46,84276	44,08259	45,564	47,14721	46,33156	45,21166	35,72405	0,01614496	47,35711	1,862021	0	0,08108189	0	45,18605	43,00284	42,08026	43,32859	41,06419	44,38989	47,7467	43,8653	43,78942	37,19537	47,42199	48,23391	48,51979	46,97711	44,01709	38,12935	42,23764	44,30185	0,7976881	0	1,98077	0	0	0	44,64931	45,81684	48,1287	46,33955	47,87893	40,96316	45,76849	46,89292	42,76099	47,84882	44,28028	48,13281	46,67208	49,84126	52,85683	51,75782	39,70704	45,10885	48,45432	43,90461	43,01348	45,84381	49,37508
20.06.2020 13:52:00	27	51,80494	47,18851	55,12241	49,26791	54,38626	52,80995	53,69266	52,83027	54,47258	53,95803	52,28671	52,58835	47,63185	51,19455	52,41821	51,68873	53,6885	53,16381	49,8271	47,30601	51,01322	50,52853	53,24127	52,04546	48,55997	48,49979	53,69078	49,43311	49,53723	39,36514	48,50898	45,5206	52,78844	47,70443	50,57859	52,66206	46,21702	49,58691	52,52016	49,90296	51,36831	42,40657	0,0124123	52,09808	2,309235	0	0,08126471	0	48,05698	47,14898	49,07034	45,04226	46,88774	50,65018	51,09389	50,72299	49,1725	44,48514	52,2382	52,82617	51,84893	52,33852	48,46174	47,28604	47,51509	48,0216	1,503239	0	2,549964	0	0	0,1332252	47,81009	51,64682	50,89119	49,3405	51,65826	43,63746	45,76118	47,76748	49,31998	51,87342	49,78695	50,30542	49,70448	53,10917	55,78441	54,50824	41,59809	47,91557	48,25988	50,57942	47,54208	47,42174	52,40035
20.06.2020 16:52:00	30	51,57682	45,67006	53,36844	49,50673	52,66595	51,74138	52,19546	51,747	53,38098	53,4865	50,70191	50,44004	48,07998	49,46277	53,27952	51,06311	53,85693	53,70418	49,85039	47,57169	52,1828	50,8147	52,91683	50,12753	46,95461	47,98878	51,42826	47,39998	51,57979	38,57672	47,42192	46,05867	52,31598	47,1074	48,97285	51,24506	43,92687	47,70163	52,19514	48,07291	51,05729	43,61773	0,01551691	51,27494	2,760109	0	0,08935554	0	46,07082	46,51229	49,37597	42,95031	47,29445	50,9574	49,45013	50,7736	48,99649	46,73561	51,86712	52,08699	49,86823	51,94371	47,4336	50,13376	47,17055	46,67365	2,932169	0	2,79575	0	0	0,2135253	46,1353	50,6788	48,62391	47,58162	49,12852	41,8076	42,93084	44,52269	48,57892	50,51093	49,44654	48,11845	48,51764	51,09803	54,80867	52,04319	39,56593	46,37557	44,3826	50,78308	46,69533	44,93694	50,58565
20.06.2020 19:52:00	33	47,98598	41,72094	48,86324	45,93015	47,71949	47,54775	47,85253	47,96188	49,53085	49,47061	46,28511	45,28032	45,15741	45,16856	49,91871	46,7162	49,91521	49,36442	46,14117	44,21534	48,58005	47,21193	48,7956	45,53078	42,932	44,78881	47,07735	43,10136	48,2225	35,5701	44,05125	43,67816	48,50017	43,86224	44,35649	47,27744	40,05598	43,63164	48,662	43,96458	47,05788	42,09514	0,01321504	47,74789	2,239219	0	0,03400986	 	41,91938	43,49063	46,22868	39,04099	44,08218	47,68742	44,85742	47,30442	45,63047	45,51885	48,04435	48,37079	45,56817	48,58138	43,09062	48,37373	43,77505	43,73189	6,094321	0	2,876503	0	0	0,3335159	42,46969	46,56104	44,45187	43,8372	44,76097	38,02478	39,15487	40,88336	45,28227	46,98808	46,39741	44,20254	44,64826	46,90243	51,89071	47,90711	36,82252	43,24959	40,52365	47,84988	44,00198	41,29313	46,67976
20.06.2020 22:52:00	36	43,46862	37,55308	43,80894	40,72855	42,61365	42,21767	42,51723	42,9169	45,35453	44,2641	41,5144	40,34103	40,97747	40,40023	45,1879	40,98163	44,57048	43,81184	41,36935	40,20039	43,95114	42,61872	43,70713	40,75254	38,67025	40,81176	42,70056	38,52201	43,42416	32,20516	40,45902	40,26959	43,70245	39,77205	39,83651	41,8878	36,42107	39,60186	44,30898	39,68111	42,55022	38,42382	0,01486227	42,70707	2,934221	0	0,0438751	0	37,99496	39,66786	41,97126	34,99204	39,70156	42,66853	40,56371	42,70634	41,51596	42,19503	44,46309	43,42933	40,99751	44,19713	38,59693	44,06329	39,12339	39,45446	11,51759	0,003413183	2,163554	0	0	0,3415099	38,28571	42,35485	40,29207	39,93283	39,59768	34,63486	35,50309	36,9673	40,85268	42,70385	42,04987	39,85572	40,61476	43,01245	47,7956	43,53399	34,07	39,91625	36,55381	43,96896	40,0573	37,07261	42,14632
21.06.2020 01:52:00	39	38,69634	33,84056	39,00447	35,98792	38,28651	37,93199	37,81586	38,64338	41,08399	40,13401	37,46586	35,64849	37,29508	35,87983	40,2925	36,20224	39,82106	38,72311	36,71878	35,86206	39,04844	38,16306	39,03159	36,33546	35,03565	36,88063	39,52005	34,48497	39,10983	29,15902	36,7302	36,57224	38,74002	35,75476	35,06779	37,86509	33,07931	35,61806	39,68663	35,64969	38,28345	34,94833	0,01184655	38,21402	2,798267	0	0,04192832	0	34,31631	35,74583	37,46016	31,86192	35,85198	38,19384	36,51323	38,84833	37,43861	38,18048	40,09547	39,03009	36,74482	39,9586	34,8679	39,33176	35,19859	35,40625	16,64041	0	3,146472	0	0	0,4184852	34,73002	37,62988	36,48052	36,21273	35,68113	31,35033	32,98527	33,50084	37,23171	38,79555	37,70478	36,48295	37,11526	39,67321	44,16273	39,58725	31,70382	37,23113	33,04679	40,04037	36,57534	33,83101	37,92171
21.06.2020 04:52:00	42	34,56027	30,4457	34,88496	31,98064	34,19524	33,89815	34,20532	34,95233	37,03424	36,41263	33,78339	31,73539	33,43581	31,67835	36,23864	31,73209	35,31444	33,72959	32,43311	31,43794	34,88133	34,40375	34,42434	33,17035	31,8151	33,24266	37,40205	30,64886	34,58988	26,36065	33,27543	33,07221	34,7275	32,06993	31,31141	34,63265	30,13461	32,07451	35,72911	32,16845	33,99063	31,73985	0,01983307	33,93901	2,296828	0	0,03178838	0	31,31921	32,36718	34,00752	28,54329	32,23427	34,3209	32,44096	34,9813	33,54721	34,56276	35,71834	34,85662	32,79642	36,06074	31,21444	34,64377	31,78413	31,83418	18,37521	0	5,763749	0	0	0,4661902	31,56443	34,15	33,22263	33,19162	32,46445	28,39077	30,36706	30,73072	33,99704	34,98018	33,62481	33,44669	33,52807	36,23381	40,33178	35,79686	28,93756	34,45957	30,23279	36,80536	33,37844	30,36574	34,47642
21.06.2020 07:52:00	45	31,04981	27,69758	31,30457	28,45681	30,75352	30,37727	30,90228	31,0837	33,54627	33,1238	30,47757	28,48652	30,2684	27,86305	31,93289	27,95199	31,50855	30,15702	28,96195	28,06016	31,42398	30,62177	31,02415	29,87037	29,10269	29,92051	36,02562	27,4368	31,27054	24,02223	30,55213	29,71251	30,91056	28,58182	27,88678	31,24536	27,45514	29,33658	31,87631	28,80622	30,69866	28,96254	0,01154753	30,03418	2,376314	0	0,0229202	0	28,44437	29,34458	30,73839	25,63392	29,10237	31,15783	29,0955	31,72292	30,15011	30,89981	32,24986	31,35548	29,79703	32,25193	28,09572	31,26979	28,6396	28,51635	20,75616	0	11,05347	0	0	0,557829	29,02971	30,91026	30,53416	30,6236	29,27952	26,12735	28,1034	28,43883	31,18421	32,0314	30,7368	30,5952	30,50431	33,17618	37,82912	32,91671	26,35247	32,0335	27,48953	33,78009	30,13905	28,09247	31,25644
21.06.2020 10:52:00	48	27,99455	25,07262	28,34358	25,61866	27,65572	27,43038	28,25129	27,48902	30,32619	30,14145	27,71226	26,00108	27,14129	24,91574	28,87802	25,08015	28,0323	26,59283	26,1384	24,83255	28,10082	27,69701	27,94744	27,52311	26,72336	27,20377	34,59884	24,75539	28,35394	22,10984	27,97602	26,61578	27,98952	26,35092	24,91733	28,70792	25,46053	26,72828	28,83302	26,05651	28,06986	26,51985	0,009273472	26,83102	2,669234	0	0,03202596	0	26,23807	26,76606	27,78311	23,5142	26,49693	28,23468	26,78734	29,19652	27,62499	27,77671	29,44127	28,93917	27,28772	29,43462	25,17259	27,90498	26,03276	26,28876	21,26662	0	15,96791	0	0	0,5768964	26,66262	28,21219	28,12242	28,32893	26,95158	24,11866	26,43366	26,40395	28,80032	29,39318	27,60262	28,53963	27,92606	30,59301	34,51995	30,44831	24,10408	29,65282	25,24367	30,89305	27,57244	25,77977	28,56359
21.06.2020 13:52:00	51	25,48788	23,10055	25,47563	23,326	25,39414	24,87763	25,9788	25,03123	27,33758	27,28755	25,08417	24,08328	25,03536	22,95534	26,16065	22,35385	25,08862	23,9978	23,49019	22,37282	25,63821	25,20226	25,79258	25,64199	24,82133	25,06239	33,8322	22,89995	25,61713	20,44466	26,19916	24,08635	25,42266	24,18184	22,75042	26,67839	23,34525	24,30073	26,28817	23,91935	25,33535	25,06832	0,008674652	24,31592	4,913859	0	0,0304672	0	24,32897	24,7979	25,3647	21,57695	24,4327	26,09171	24,93151	26,8252	25,29709	25,31045	27,03812	26,84865	25,13806	26,98328	22,9507	25,48731	23,77698	24,01344	20,63828	0	20,55241	0	0	0,5902423	24,90396	26,40721	26,35653	26,44413	24,9686	22,94868	24,96909	24,76927	26,86418	27,23213	24,91512	26,8224	25,61524	28,06267	31,51446	27,95589	22,04629	27,34188	23,16175	28,34769	25,3544	23,71423	26,56651
21.06.2020 16:52:00	54	23,46077	21,50094	23,38303	21,39471	23,17257	22,9434	24,0624	23,14786	25,15789	25,04914	23,27011	22,12934	23,45901	20,95326	23,80775	20,31803	22,53147	21,42732	21,5385	20,56043	23,49385	23,35808	23,86395	24,40629	23,1256	23,57312	34,23402	21,12076	23,59378	18,9103	24,97087	22,32841	23,31801	22,36165	21,06931	25,00981	21,82495	22,38882	24,17977	22,02	23,34221	23,59899	0,02288757	22,33629	3,290882	0	0,0164012	0	22,69514	22,9164	23,3929	20,32652	22,99086	24,26966	23,11836	25,00813	23,42186	23,23378	25,28575	25,09848	23,27814	25,37388	21,35116	23,0978	21,83117	22,61433	13,27608	0	23,69745	0	0	0,6407933	23,50959	25,14992	24,92612	25,10818	23,49681	21,70977	23,49795	23,78611	25,21889	25,60845	23,08245	25,5028	23,70629	26,50572	28,92702	25,55855	20,38738	25,71177	21,21592	25,99837	23,74917	22,47502	25,06314
21.06.2020 19:52:00	57	21,39227	20,21713	21,35648	19,86695	21,20534	21,44517	22,64979	21,29129	22,98922	22,81584	21,48008	20,74055	22,06915	19,67292	21,98834	18,87961	20,77568	19,98785	20,22204	18,91946	21,77789	21,94754	22,49219	23,08824	21,96183	22,39775	35,93521	19,7272	21,93108	17,83616	23,81284	20,91641	21,70192	20,79843	19,50206	23,84198	20,45909	20,59456	22,65406	20,58215	21,96223	22,88333	0,008872329	21,03016	4,225678	0	0,03290391	0,897543	21,10541	21,33143	22,01682	19,65262	21,89903	22,91026	22,06777	23,71329	21,48105	21,81839	23,64455	23,39018	21,84879	23,6187	20,21941	21,25554	20,39671	21,23976	9,717216	0	26,60535	0	0	0,6418533	22,12124	23,9033	23,92939	23,88695	22,2994	20,93935	22,42384	22,97243	24,18269	24,28428	21,95329	24,1781	22,10761	24,86989	26,41574	23,6297	18,79471	24,13281	19,75542	23,77276	22,00168	21,196	23,05229
21.06.2020 22:52:00	60	19,30952	18,96748	19,96275	18,95695	19,98261	20,26991	21,36432	19,42631	21,56444	21,18743	19,81984	19,53882	21,01067	18,62819	20,75114	17,6245	19,71431	18,80648	19,05903	17,62429	20,59436	20,84447	21,66284	22,0495	20,86764	21,33725	38,7369	18,99174	20,90211	17,24677	23,00606	19,5429	20,54376	19,70484	18,64261	22,24503	19,15655	19,41009	21,39912	19,58583	20,84241	22,08619	0,01698103	19,91672	6,332709	0	0,03198918	0	19,93084	20,32508	20,79954	18,87457	20,84701	21,7507	21,27989	22,45539	20,31642	20,51302	22,42784	22,12972	20,56742	22,35561	19,29312	19,98413	18,92665	20,30835	10,96759	0,002065536	26,88008	0	0	0,6560707	20,80836	22,91233	22,60936	22,7441	21,2601	20,11195	21,25774	22,0127	23,14204	23,42063	20,76602	23,21814	20,42006	23,15656	24,3969	21,85704	17,33161	22,32488	18,51399	21,91719	20,36014	19,7903	21,81811
22.06.2020 01:52:00	63	17,80836	17,32697	18,54985	17,62175	19,00406	19,44999	20,31091	17,81223	20,01686	19,41508	18,7168	18,40454	19,76884	17,7315	19,74201	17,09968	18,76599	17,80067	18,37543	16,57837	19,5193	19,63902	20,88087	21,09136	19,62764	20,34132	41,12006	17,83788	19,96045	16,7198	22,07425	18,26167	19,64385	18,68686	17,47027	21,34864	17,74593	18,47244	20,17669	19,01465	20,1389	21,31621	0,01041325	19,22242	3,533482	0	0,01946764	0	18,82133	19,31362	19,87639	18,29604	19,67957	20,96203	20,28221	21,2588	19,26093	19,82195	21,34375	20,96065	19,38996	21,10287	18,56709	18,79756	18,24572	19,25606	10,05983	0	22,4927	0	0	0,7060767	19,44888	21,9852	21,48121	21,74113	20,37812	19,05057	20,42284	21,09251	21,91628	22,18759	19,81009	22,21871	18,43806	21,57162	21,87865	19,88568	15,84935	20,90651	16,96728	20,15652	18,56473	18,43678	20,57243
22.06.2020 04:52:00	66	16,50513	16,1857	17,30366	16,71784	18,0968	18,50938	19,2394	16,45871	18,47871	17,45539	17,46816	17,22622	18,61852	16,75724	19,07144	16,21977	17,9894	17,18616	17,43799	15,68926	18,36885	18,74125	19,70686	19,8473	18,12621	19,4927	44,02132	17,12393	19,25647	16,48192	21,17768	17,15638	18,68819	17,70316	17,06347	19,89205	16,51935	17,4795	19,13231	17,97056	19,37848	20,9048	0,01818185	18,6744	3,448047	0	0,02006217	0	17,85268	18,44213	19,2866	17,82737	18,75145	20,14739	19,40359	20,43407	18,28077	18,95498	20,25244	19,81195	18,03751	20,17656	17,78235	17,88423	17,6921	18,42627	10,66294	0	19,36666	0	0	0,6865541	18,10335	21,16595	20,52398	20,43967	19,06856	18,22013	19,37707	19,96267	20,7608	21,22135	18,96141	21,10496	16,70583	20,05525	20,10992	18,15905	14,10564	19,01123	15,33687	18,47141	16,91417	17,01982	19,30023
22.06.2020 07:52:00	69	14,90341	14,35178	15,99037	15,91951	17,20158	17,14132	17,89213	15,1988	16,98374	16,08194	16,00818	15,88152	16,83404	15,69675	18,56686	15,77462	17,24929	16,0891	16,74629	14,80454	17,23771	17,51101	18,94082	18,48174	16,72649	18,96638	46,27619	16,14697	18,45658	15,96267	20,06155	16,33457	17,72602	16,58215	16,19477	18,53228	15,1949	16,44636	18,00198	17,09344	18,68333	19,99088	0,01947563	18,20189	3,449206	0	0,01603899	1,776366	16,56324	17,6108	18,57395	17,24781	17,85326	19,474	18,18207	19,4872	17,28241	17,96801	19,31688	18,58849	16,66174	19,01245	16,92918	16,97129	16,99378	17,59694	11,77311	0	19,77346	0	0	0,7370534	16,99151	20,43465	18,9542	18,86183	17,79033	17,41355	17,81695	19,04398	19,85244	20,02384	17,83901	19,95594	15,04617	18,27447	18,00814	16,26684	12,90053	16,95877	13,59278	16,62572	15,18891	15,5166	17,83223
