Vessel Name: 22042020_InCu_KaKr_KK1-60_P6_3
Metric: GFP Integrated Intensity / RFP Integrated Intensity
Cell Type: 
Passage: 0
Notes: 
Analysis: KaKr-A549-H2B-GFP/-RFP_DEFv10

Date Time	Elapsed	AC005013.1	ACO1	ADAM12	ADAMDEC1	ADAR	ADORA3	AIM2	AKAP2	ALOX5AP	ANKRD22	APOBEC3A	APOBEC3G	APOL1	APOL2	APOL3	APOL4	APOL6	ARAP1	ARL9	ASGR1	ATF3	ATF7IP	ATXN1	BATF	BATF2	BRD3	BST2	C19orf66	C6orf100	C9orf91	CAPN15	CASP1	CBFA2T3	CCL13	CCL2	CCL24	CCL7	CCL8	CCNA1	CCR1	CCR2	CD180	CD274	CD38	CD69	CD80	CEACAM1	CFB	CFHR1	CH25H	CHST2	CLEC5A	CLECL1	CMKLR1	CMPK2	CNP	CTAGE1	CX3CR1	CXCL10	CXCL11	CXCL3	CXCL9	CYP2J2	DCT	DDX58	DDX60	DDX60L	DEFB1	DHX58	DOK1	DOK2	DOK3	DTX3L	DUSP7	EIF2AK2	EMP1	EMR3	ENG	ENPP2	EPHB2	EPSTI1	ETV7	EVI2A	C1 (Mx2)	C2 (STAT1)	C3 (MAVS)	C4 (BST2)	C5 (EIF2AK2)	C6 (RSAD2)	NTC1	NTC2	NTC3	NTC4	NTC5
22.04.2020 18:32:00	0	0.04558501	0.03498924	0.006713775	0.004701762	0.00655316	0.00438905	0.006942118	0.004308357	0.004444897	0.002334175	0.003788887	0.003279857	0.002218788	0.03291269	0.0295355	0.004302287	0.006796216	0.006053292	0.006601159	0.005830118	0.004341309	0.003747897	0.00781539	0.02857511	0.02872594	0.006131487	0.01013743	0.005296525	0.004886939	0.006512461	0.004470618	0.003421477	0.004416399	0.005829665	0.01333246	0.0046603	0.0217982	0.004252079	0.004369567	0.004037977	0.008648989	0.005477624	0.004171401	0.005589919	0.04276535	0.00427609	0.007447923	0.003705901	0.00340757	0.004611284	0.004820367	0.005072688	0.01121966	0.004192392	0.006259009	0.006849882	0.003386772	0.005432222	0.008286431	0.003282876	0.00587487	0.02912029	0.03514816	0.03625336	0.04796338	0.004394221	0.004254857	0.004090206	0.03789996	0.005861463	0.007128809	0.009519564	0.004723697	0.005248223	0.006322954	0.00534036	0.008095033	0.005081361	0.04330125	0.005290784	0.006577489	0.007496565	0.003834073	0.003988397	0.004054498	0.007422185	0.01203662	0.00458725	0.006299412	0.003922687	0.003448842	0.002970091	0.002931009	0.00213073
22.04.2020 21:32:00	3	0.02948569	0.02254913	0.005251695	0.003964422	0.005122275	0.003824851	0.006097109	0.003763383	0.003658726	0.001876417	0.003452453	0.002722207	0.001714943	0.01777403	0.01708898	0.003432214	0.00578186	0.005055247	0.005555699	0.005237761	0.003737024	0.003166788	0.003858066	0.0184186	0.01415527	0.004994438	0.00886129	0.004547972	0.004119513	0.005083522	0.00347498	0.002802321	0.003886102	0.004497103	0.005362077	0.004096601	0.008329433	0.003761115	0.003438049	0.003191708	0.006061897	0.004899331	0.003228634	0.005107976	0.02813992	0.003893028	0.005663369	0.00341433	0.002249677	0.003610402	0.00365558	0.00431349	0.009309285	0.003462255	0.004868666	0.006029966	0.002906242	0.003244866	0.006104091	0.002682419	0.00473967	0.001978592	0.02471237	0.0251941	0.03247903	0.004161052	0.003187018	0.003527139	0.02425814	0.00501762	0.006231984	0.007949294	0.003970807	0.003809275	0.00521032	0.004860342	0.006054454	0.003584088	0.02792385	0.004378015	0.005015687	0.006434258	0.003164099	0.003166863	0.003404384	0.006523053	0.01061054	0.003978524	0.00520857	0.003062494	0.002637054	0.002193657	0.002405544	0.002173946
23.04.2020 00:32:00	6	0.004587417	0.01563166	0.005388421	0.003611387	0.004478447	0.003422327	0.005263555	0.003778412	0.003353521	0.001858707	0.003118081	0.002560471	0.001342251	0.01121091	0.01404443	0.002612414	0.004362557	0.004948832	0.004723137	0.004478386	0.003386139	0.002753024	0.00375962	0.01462563	0.009805057	0.004584562	0.007922498	0.004232628	0.003839224	0.004249477	0.003029845	0.002873932	0.003776331	0.004292365	0.003051265	0.003561256	0.004876831	0.00345153	0.003100436	0.002861059	0.006179588	0.004236329	0.00331535	0.004257922	0.02143574	0.003323274	0.006264637	0.002996042	0.001924227	0.003154444	0.003766274	0.003669746	0.009833347	0.002887411	0.004262162	0.005503241	0.003192646	0.003378365	0.005195391	0.002485519	0.004128556	0.001458031	0.01957407	0.01773866	0.02910263	0.004252055	0.002674547	0.002895786	0.01710546	0.004522092	0.005489392	0.006738971	0.004242129	0.003652117	0.004362848	0.004105831	0.005794359	0.003122824	0.02084934	0.003736964	0.004426988	0.005855748	0.003606609	0.003221105	0.003819167	0.006061372	0.01052869	0.003674782	0.004834502	0.002944261	0.002170245	0.002365155	0.001987886	0.002031658
23.04.2020 03:32:00	9	0.007185784	0.01232663	0.009806124	0.006862117	0.00401809	0.003466239	0.007098309	0.005379901	0.004411928	0.003496467	0.004135866	0.005670744	0.002072756	0.005516055	0.02007801	0.002920781	0.006219002	0.00693853	0.005561057	0.004180582	0.003093752	0.002541926	0.01196376	0.01401595	0.006245506	0.006731749	0.009582901	0.006928156	0.006229095	0.007040075	0.002966104	0.006682554	0.00500059	0.003983664	0.003740657	0.003316964	0.006848875	0.003022925	0.002817638	0.002748026	0.009743686	0.00473785	0.007017495	0.004668332	0.01672689	0.004601633	0.0130348	0.007587484	0.002903268	0.002975179	0.006456035	0.006783783	0.02667346	0.003166172	0.006407614	0.008466658	0.006311697	0.01130011	0.004658664	0.002957748	0.008515733	0.001604624	0.01737881	0.009897897	0.005021923	0.005470301	0.004929782	0.003290446	0.01458135	0.005381037	0.005333877	0.007405426	0.01121613	0.003466694	0.003838196	0.003693166	0.005703214	0.003459614	0.0176956	0.0040377	0.004480198	0.005784727	0.01182875	0.004009948	0.01145451	0.008190828	0.0185318	0.005057106	0.005120007	0.007109278	0.002840696	0.003126852	0.009322398	0.004268731
23.04.2020 06:32:00	12	0.06954556	0.009473403	0.0785893	0.05586497	0.005376965	0.008538488	0.03077794	0.03894957	0.03324812	0.02189204	0.01024738	0.06387035	0.01188365	0.05439489	0.2207836	0.02046504	0.03874191	0.08634	0.01707174	0.004904427	0.006877526	0.00249045	0.1636837	0.03342869	0.02882842	0.02330008	0.04798689	0.08006221	0.02637276	0.05011771	0.004096101	0.06488218	0.01906173	0.005124253	0.01125677	0.05502455	0.03552555	0.003247775	0.002334756	0.00272643	0.1367879	0.02022408	0.06609179	0.007818984	0.01500267	0.01972417	0.2387329	0.0690293	0.0097012	0.002611451	0.04207927	0.06217914	0.2486905	0.01001662	0.03827327	0.04732768	0.1068942	0.09125215	0.006075708	0.01674297	0.1091697	0.005979509	0.02820735	0.005808535	0.05619394	0.01772315	0.02678233	0.01156131	0.05098913	0.0283738	0.004785242	0.02552534	0.1385279	0.003189053	0.003720451	0.006710835	0.02736023	0.007315092	0.004763462	0.06398805	0.008948985	0.01190252	0.208966	0.0343199	0.2128809	0.05094586	0.1704262	0.02308176	0.01283126	0.07119304	0.01249743	0.01665396	0.1743823	0.2221861
23.04.2020 09:32:00	15	0.660471	0.0407827	0.5159318	0.4645073	0.04625131	0.07196701	0.3032656	0.2888267	0.3573465	0.4876482	0.1142889	0.9132731	0.1584884	0.2412424	1.194215	0.2457186	0.5731416	1.241639	0.2797598	0.01883624	0.07537466	0.002479531	0.8758194	0.3854913	0.2670887	0.1770095	0.5114928	0.7027382	0.2418406	0.7436154	0.1931847	0.3681332	0.196387	0.05006958	0.1093257	1.141727	0.2229896	0.0113726	0.004629249	0.00442041	0.9967008	0.4296349	0.875211	0.105104	0.0433333	0.2766893	2.547383	1.069134	0.2270674	0.004682071	0.2011335	0.4923705	1.237793	0.1492274	0.6712348	0.1734385	0.9518792	0.5611547	0.02086035	0.2696415	0.8355091	0.05918309	0.2765425	0.01074954	0.9190938	0.08490215	0.3056493	0.1883403	0.8829956	0.4238015	0.006290447	0.2929677	0.5694537	0.009962198	0.005164441	0.08041007	0.534626	0.08169115	0.06050372	1.137245	0.0920344	0.04591975	1.656281	0.8463952	1.673526	0.5162434	0.7302045	0.1587756	0.1123994	0.6794412	0.1265539	0.4029335	1.641657	2.116772
23.04.2020 12:32:00	18	3.119623	1.700517	1.832035	2.417413	0.6743857	0.657293	1.900969	1.405822	2.053485	3.663141	0.6429105	4.117135	1.048819	1.046747	4.655933	1.345513	3.867976	6.399001	2.625445	0.2012803	1.101933	0.01120969	2.443921	2.986408	1.120409	1.912702	1.889431	2.412163	1.297671	3.615924	2.818034	1.190454	1.943741	0.6485655	1.339625	6.474835	0.9335865	0.158163	0.02952239	0.0526	3.038085	2.698984	4.486199	1.180601	0.4866695	1.473492	10.24781	4.902346	1.855562	0.02376729	0.6813158	2.864289	3.751602	1.11211	3.798629	0.529484	4.024951	1.686195	0.2038632	2.4055	2.581305	0.4264095	1.974782	0.1851009	4.758533	0.5733967	2.387475	0.9376908	5.236616	3.930771	0.03359334	2.118978	1.572246	0.1675417	0.05969055	0.5271714	3.328161	0.7025265	0.8515291	6.715353	1.446458	0.207005	5.299068	5.941608	5.521956	2.791816	1.83063	0.9792615	0.7123464	2.989878	0.759822	3.360761	5.163341	7.806364
23.04.2020 15:32:00	21	8.46494	9.315252	4.838674	7.41793	4.70637	3.916611	6.477838	4.930968	5.754915	10.91891	2.394226	10.84414	4.761119	3.86529	13.10553	4.694475	11.75688	15.35554	10.35677	1.398446	6.065331	0.313301	6.950844	9.756954	4.099374	8.26961	4.794985	7.060926	5.058077	10.06436	11.4847	3.987654	8.492949	4.03902	6.631663	15.92928	4.492223	1.096769	0.2157751	0.3502921	7.208477	7.293765	12.30944	5.536715	2.662827	4.686405	21.4312	12.19407	6.774382	0.2258456	1.991421	10.71644	9.136449	3.419758	11.32001	1.248314	10.49314	4.520805	1.676427	8.259613	6.22944	3.462652	6.807857	1.528507	13.28754	2.789377	8.472363	2.483298	13.99084	12.71584	0.7485974	7.362733	4.958357	1.210038	0.6578047	1.706538	8.869978	3.178672	4.697901	17.02966	6.281821	1.020949	12.55649	14.65426	12.53314	8.348253	4.563949	4.919966	3.104948	8.574575	3.534057	9.935034	11.37899	18.00572
23.04.2020 18:32:00	24	16.80564	20.90685	11.58411	16.95245	13.37242	11.81203	14.60473	12.67553	13.75113	22.70335	6.214523	21.28299	13.06344	11.93438	24.73378	10.81002	23.14006	26.51501	21.87836	6.447122	15.11099	3.094886	14.80569	19.39863	11.64168	17.92281	11.5807	16.19429	13.52558	20.34217	24.08079	11.87447	18.36743	12.12912	16.608	28.5511	12.68084	4.882208	1.582957	2.441056	15.64457	15.79186	23.00678	13.66587	8.653405	11.82833	33.64648	23.48104	16.0382	2.507926	5.577995	22.55507	18.31331	7.98952	22.67569	3.638367	20.51763	11.83862	7.370617	17.96289	14.2893	11.36874	16.29647	6.594332	25.78477	8.814064	19.12729	7.623934	25.86528	24.82224	5.697399	16.64865	12.50947	4.00764	4.353133	5.604132	17.55052	8.75634	13.27695	29.6405	14.40617	3.889029	22.79845	25.22715	23.17424	18.0865	10.55534	12.50962	8.944297	18.68988	10.16643	20.48148	20.37797	30.33192
23.04.2020 21:32:00	27	25.35371	35.60538	20.16991	28.72272	25.69791	23.14753	25.09789	23.58761	24.27441	34.87	13.01192	31.94635	24.73102	23.35396	36.93861	20.68443	35.65271	35.34885	34.52191	15.47114	26.66158	10.40949	24.51734	31.23793	22.91119	29.09035	21.11917	27.72815	24.62443	31.72524	37.89732	22.42381	29.84674	23.72532	29.17158	39.20609	24.51383	12.85217	7.338874	9.001398	25.6872	26.5574	33.27175	25.06723	17.8396	20.75199	41.78608	34.5209	27.7734	7.518909	13.63967	36.16553	28.60311	15.51169	35.29535	10.47438	31.45134	22.36754	17.42172	29.95178	24.48113	22.53608	28.33485	15.64726	37.88951	17.66562	31.04564	16.7636	37.30941	37.72718	14.30334	27.78158	22.83966	8.249238	10.9137	13.75509	27.48621	18.3496	25.70611	40.27913	25.26427	10.20801	33.66551	33.88662	33.3055	29.32353	18.66272	22.9174	17.63746	30.74115	20.77736	30.90635	29.47469	39.99215
24.04.2020 00:32:00	30	30.76997	45.85643	29.49807	39.62696	38.67421	35.79427	35.98269	35.31116	34.98946	42.93927	21.33074	40.24717	36.42678	35.91064	43.5227	31.52624	43.98856	38.61692	42.6328	26.99719	37.25637	21.09419	33.12542	41.87418	35.99743	37.54279	30.97232	39.41198	36.2166	39.95112	46.01313	33.4442	39.44135	35.09486	39.66203	43.78561	37.27527	23.62156	16.68057	19.08447	35.54968	36.55231	38.77091	35.82932	28.51206	29.76101	43.36721	42.02681	37.9407	13.85533	24.5669	45.4656	38.14641	23.56724	44.89102	20.02433	39.60657	34.67647	30.59469	40.56217	35.40362	34.80636	38.75626	26.49039	45.81828	26.7928	39.95949	28.04598	43.38976	44.96824	26.93516	36.37183	34.23582	13.00962	20.39133	24.25968	35.02805	29.52875	38.10307	44.0602	33.86847	18.71339	41.62536	36.74751	40.65843	38.53506	28.00842	31.33256	27.10975	39.88737	32.28129	38.01266	36.32515	43.01118
24.04.2020 03:32:00	33	31.64284	47.13207	35.88681	45.58645	46.51917	43.58864	43.41164	43.26242	41.70971	44.055	29.6187	43.00399	41.15103	43.91027	43.16675	40.61258	45.01127	37.66236	44.00518	37.83359	41.73122	33.33946	36.15789	47.0298	44.92936	40.99218	36.89044	46.43776	43.0685	43.0949	46.18755	39.65208	43.1839	41.23823	42.83605	42.6405	43.55201	34.79554	29.62777	31.58366	41.3184	42.61032	38.35814	42.14212	37.69827	35.00922	40.25751	43.64346	41.72021	19.87586	35.95115	46.39688	43.61406	30.5029	47.85889	30.85255	42.51387	43.00886	41.84304	46.37943	42.74757	41.91692	42.84672	36.42683	47.29862	32.89734	42.44117	38.157	43.09598	45.67354	38.88974	40.23101	40.68302	15.55625	26.92553	34.7856	38.09651	38.10796	43.24033	41.96975	36.91764	27.37537	43.09033	35.57309	41.92628	43.00936	35.64288	33.05074	34.18159	43.17401	39.48934	39.40329	38.84723	40.59629
24.04.2020 06:32:00	36	29.54543	43.65752	37.34209	45.39347	47.54591	44.31278	45.04039	44.65804	42.35139	40.74366	34.91899	41.33798	39.85619	43.54296	39.35492	44.45271	41.81637	35.12763	40.84959	42.81388	40.48589	40.20173	34.04605	47.19217	46.36407	40.22295	37.77518	47.36406	43.52596	41.52042	41.85763	39.8723	42.07666	40.82099	40.52061	38.80357	43.41132	40.59164	40.32596	39.89668	41.69747	44.1786	34.8887	42.59945	42.33901	35.60965	36.29301	41.25763	40.05847	22.53072	42.0735	42.24765	44.05485	33.80693	45.28762	38.37486	40.96937	44.26716	46.02744	46.54201	43.31997	42.57299	41.06694	41.59237	44.92913	34.25299	39.96611	42.3711	39.05989	41.67115	43.66481	39.49702	40.93237	15.59426	26.90298	39.78456	37.08235	41.76721	41.91248	37.47369	35.95313	32.00697	39.69484	32.50523	38.57456	43.07	39.15107	30.59445	36.02183	41.72284	39.64738	36.60226	37.66871	35.91451
24.04.2020 09:32:00	39	26.49253	38.65277	35.39164	41.29655	44.05599	40.82717	43.15739	42.20334	39.13461	35.76331	35.68176	37.47478	36.15087	39.49595	34.65464	42.74285	37.2004	31.9193	36.41171	42.59385	36.68334	40.35402	30.07283	44.1137	43.32578	37.14537	34.90038	44.20241	40.31605	37.35985	36.78706	36.65369	38.05417	37.19477	36.26448	34.42501	40.21259	40.38181	43.38854	41.41385	39.05472	41.46793	30.9162	39.82761	41.89003	32.98975	31.5806	37.38383	36.35475	22.19304	41.69999	36.64452	41.79505	33.13459	40.76635	39.8673	37.11471	41.21524	44.44085	44.06832	40.40455	39.37859	36.51498	41.52274	40.515	32.60182	35.76524	40.51821	34.165	36.7774	42.86589	35.67118	37.67396	14.21918	24.42905	38.57333	33.52611	40.56074	37.30709	32.8678	33.33686	31.93427	35.13579	29.13259	34.34812	39.92485	38.52267	27.35621	34.22881	37.52947	35.82545	32.07255	34.08604	31.73577
24.04.2020 12:32:00	42	23.10432	33.97068	32.04316	36.53659	39.44708	36.37092	39.76416	38.60054	34.66808	31.73571	33.7132	33.02532	32.43512	34.4507	30.72284	38.80828	31.92823	29.04513	32.06295	39.07235	31.84772	36.61471	26.31935	40.51355	38.83484	33.08876	31.00522	39.59281	36.2947	32.82999	31.91395	32.43328	33.42788	32.65643	31.62532	30.37461	35.85397	37.45136	41.18163	38.62223	35.52822	37.71185	27.73991	35.6681	38.8964	29.84766	28.19616	33.42616	32.0198	20.31572	37.75106	31.79578	37.68959	30.55107	35.61826	38.00691	32.87881	36.38996	40.12091	40.68906	35.9986	35.15921	32.05593	38.20397	36.32418	29.31743	31.43751	35.95454	29.91005	32.10522	39.29865	31.18771	33.39511	12.50489	21.15067	34.66006	29.84109	37.01173	32.50697	28.58124	30.24711	29.0553	31.02101	26.07018	30.50007	36.29837	35.71692	24.35759	30.97198	33.33504	31.85289	27.86265	30.77919	28.2525
24.04.2020 15:32:00	45	20.83716	30.12539	28.73169	32.22843	35.01259	32.10387	35.75634	35.30066	30.38819	28.37316	30.61021	29.6156	29.28062	30.06032	27.81794	34.60303	28.2429	26.34056	27.85673	35.05059	28.0239	32.45113	23.23034	36.57021	34.39214	29.37392	27.24091	34.79557	32.31835	29.02965	28.03574	28.45733	29.55822	28.51049	27.30936	26.69019	32.33858	33.20163	37.10008	34.83179	31.74989	33.47274	24.95882	31.96218	35.41597	26.53229	24.71795	30.01257	28.43756	18.21728	33.45023	28.01511	33.62204	27.22009	31.115	34.39846	28.89673	31.92033	35.35455	36.95039	32.12617	31.0731	27.97312	34.64465	32.13717	26.32106	27.61648	31.69722	25.65625	27.92457	35.02697	27.25653	29.62519	11.01814	18.8084	30.54934	26.17524	33.14663	28.33047	25.17556	27.4367	25.60875	28.17456	23.23932	27.65159	32.88557	32.78294	21.67035	28.18926	29.94849	28.33704	24.43233	27.6531	25.62093
24.04.2020 18:32:00	48	18.22507	26.53742	25.84832	27.75509	31.03366	27.8176	31.78057	31.44752	26.74628	25.19187	27.21865	26.07644	26.05288	26.41406	24.96993	30.49109	25.01513	23.6524	24.49514	31.01477	24.45114	27.96558	20.51975	32.84072	30.336	26.04802	24.2536	30.83844	28.71426	25.46135	24.19541	24.66655	26.13876	24.75608	24.34898	23.47216	28.3561	29.50925	32.58105	30.63293	28.14378	29.80415	22.45403	28.06091	31.54586	23.27165	22.08627	26.5453	25.17588	15.87993	29.21227	24.63902	29.82729	24.0531	27.30443	30.65588	25.59178	27.74226	30.98572	33.61248	28.35799	27.10962	24.49976	30.61181	28.35299	22.99594	24.04047	27.67143	22.14735	24.63207	30.56534	23.84675	26.00056	9.749233	16.27987	26.56232	22.86472	28.85795	24.49264	22.25444	24.40684	22.32101	25.00434	20.63243	24.52759	29.13059	29.40373	19.11695	24.96335	26.5108	25.18716	21.59935	24.63326	22.7153
24.04.2020 21:32:00	51	16.18644	23.46509	23.36269	24.16004	27.54831	24.43597	28.1797	27.86561	23.49748	22.25327	24.12221	23.21252	23.17731	23.129	22.46092	26.7168	22.05588	21.33329	21.79521	26.90337	21.4613	24.2919	18.19178	29.45483	27.01389	22.86886	21.60531	27.08688	25.56645	22.52422	21.40461	21.81161	23.04656	21.26672	21.47278	20.77187	24.65763	25.93834	28.51447	27.04364	24.67876	26.40644	20.30259	24.74459	27.73745	20.50361	19.8215	23.79375	22.23092	13.81109	25.56611	21.74747	26.40829	21.20108	24.00369	26.85954	22.56795	24.27191	27.45895	30.48486	25.03026	23.94005	21.65686	26.63578	24.98294	20.3694	21.40237	24.09351	19.44763	21.82603	26.87549	21.05022	23.03731	8.554376	14.18529	23.34742	20.03525	25.47206	21.51205	20.05588	22.10943	19.47917	22.22367	18.62069	22.20567	26.06478	25.86071	17.1124	21.68872	23.75165	22.67665	19.26431	21.89457	20.75792
25.04.2020 00:32:00	54	14.81439	21.33761	20.88506	21.45491	24.39452	21.46276	24.86061	24.63495	20.67836	19.95785	21.06895	20.81796	20.96786	20.34407	20.64008	23.1671	20.00734	19.59447	19.39383	23.6336	19.39237	21.04068	16.4663	26.60455	23.92806	20.08386	19.64362	24.14429	22.80416	20.23934	19.42274	19.40098	20.42791	18.94552	19.38496	18.66188	22.10606	22.74377	24.88088	23.65708	21.78025	23.09219	18.7139	21.93268	24.25138	18.17217	18.20658	21.10625	19.77786	12.1144	22.31095	19.67579	23.52604	18.89646	20.98973	23.98686	20.31993	21.5818	24.28501	27.71031	22.21167	21.32632	19.16286	22.98613	22.70381	18.06558	19.0662	21.24574	17.26157	19.52817	23.24959	19.03785	20.69304	7.566137	12.55881	20.38368	18.16129	22.59951	19.06046	18.14877	20.09803	17.08484	20.2445	16.94055	20.41577	23.26836	22.78587	15.37484	19.23652	21.50887	20.37438	17.49	19.74523	19.3665
25.04.2020 03:32:00	57	13.6013	19.23543	18.81585	19.18062	21.69394	18.94772	22.23627	21.9487	18.32603	18.01323	18.32478	18.81409	19.20146	18.27891	19.24897	20.47588	18.31287	18.12373	17.86727	20.92473	17.42222	18.61406	14.88135	24.23113	21.72527	18.03475	17.79883	21.4126	20.75652	18.50616	18.04852	17.29222	18.51069	16.94865	17.72004	17.01745	20.11822	19.76615	21.79808	20.91784	19.71858	20.51432	17.27205	19.51159	21.38757	16.319	16.81893	19.37282	17.79202	10.67486	19.71604	18.04361	21.11596	16.80339	18.98697	21.005	18.65963	19.55327	21.82259	25.045	20.05069	18.94363	17.18561	20.4002	20.62584	16.22671	17.6332	18.69084	15.7311	17.67522	20.47997	17.31504	18.8763	6.753831	11.37014	18.07247	16.45605	20.21947	17.22828	16.56583	18.46638	15.21027	18.83906	15.35182	18.78035	20.73218	20.27342	14.1238	16.95099	19.73469	18.4874	15.90902	17.69333	18.16788
25.04.2020 06:32:00	60	12.52827	17.78102	17.24513	17.53876	19.86809	16.88003	20.02118	19.72686	16.75503	16.61093	16.06104	17.50968	17.65983	16.73808	18.03837	18.68991	17.12863	16.8702	16.54309	18.98828	15.80928	16.73572	14.20011	22.10234	19.92397	16.92197	16.47454	19.40497	19.28219	17.23152	16.88154	15.69257	17.38978	15.41525	16.59388	15.89198	18.54913	17.55101	19.24977	18.89232	18.18738	18.83727	15.82095	17.93742	19.28157	14.85499	15.6925	17.71431	16.49667	9.540569	17.75831	16.93338	19.30977	15.1447	17.51533	18.58737	17.52319	18.02682	19.85292	23.00191	18.54113	17.17125	15.59231	17.80726	19.45263	14.96377	16.54626	16.61475	14.60498	16.29636	18.62194	15.95677	17.42745	6.111474	10.3297	16.28358	15.19868	18.44584	16.05613	15.7934	17.07475	13.67605	17.63962	14.15647	17.67627	19.08613	18.4047	13.46346	15.28954	18.16057	17.10423	14.88271	16.50371	17.16546
25.04.2020 09:32:00	63	11.47998	16.60415	15.72538	16.35463	18.1652	15.34942	18.19249	17.87259	15.43568	15.68751	14.43088	16.29807	16.54054	15.81666	17.00539	17.24158	16.1422	15.75098	15.61181	17.32596	14.4438	15.33535	13.07346	20.418	18.68552	15.30725	15.35779	18.18224	18.14266	16.41796	16.2222	14.64318	16.38709	14.60702	15.55542	14.9236	17.40378	15.87408	17.26858	17.22934	17.0111	17.70471	14.62099	16.52055	17.23542	13.65105	14.82625	16.20958	15.49836	8.5657	16.01462	16.41561	17.91261	13.69294	16.6733	16.59748	16.60737	16.7013	18.23308	21.59502	17.27702	15.75037	14.54857	15.91947	18.49889	13.67246	15.51663	15.09332	13.93648	15.524	16.89013	14.81935	16.2594	5.648819	9.558492	14.97123	14.36938	17.21424	15.13194	15.09387	15.93866	12.49005	16.73426	13.06767	16.75978	17.70668	16.80339	12.72974	14.00968	16.9432	15.85608	13.94373	15.28946	16.29361
25.04.2020 12:32:00	66	10.53839	15.54586	14.34897	15.36009	16.88052	14.11141	16.66899	16.18429	14.28911	14.7419	13.17798	15.51289	15.67025	15.14015	16.06312	15.91882	15.40427	14.72524	14.658	16.37721	13.58043	14.16656	12.41648	18.99732	17.90601	14.16472	14.40083	16.96015	17.30719	15.87988	15.70579	13.82089	15.88375	14.04624	14.67743	13.96939	16.66371	14.77067	16.22142	16.07854	15.8993	16.69212	13.69402	15.40679	15.92574	12.77871	13.99352	15.29016	14.90984	7.940557	14.99187	15.58507	17.0968	12.73025	16.04384	15.24684	15.84132	15.83648	16.8874	20.16188	16.20876	14.98858	13.66749	14.78557	17.48378	12.93251	14.85633	14.31062	13.32526	14.79856	15.75437	13.78717	15.57911	5.22718	9.334641	14.14832	13.59986	16.25964	14.60676	14.62185	15.19948	11.77706	15.81452	12.22214	15.88818	16.68866	15.56545	12.33834	12.98181	15.78468	15.00529	12.93452	14.53841	15.29057
25.04.2020 15:32:00	69	9.818035	14.45211	12.91593	14.44229	15.71573	13.07938	15.18092	15.03992	13.1706	13.86451	11.8796	14.51778	14.70247	14.62258	15.24023	14.71599	14.60203	13.87251	13.98254	15.65248	12.74706	13.55989	11.78252	17.42648	17.15853	13.22401	13.71501	16.06092	16.38392	15.16309	15.30872	13.26928	15.23681	13.52061	13.82947	12.97586	15.89027	13.86551	15.31371	15.07547	14.95664	16.21048	12.89762	14.60858	14.86821	12.08024	13.10171	14.28796	14.43742	7.374016	14.27389	15.09747	16.33292	12.05862	15.53252	14.36532	15.08868	15.00698	15.92165	18.66218	15.49114	14.41965	13.0694	14.01976	16.44972	12.27222	14.20118	13.55701	12.86778	14.3068	14.67899	12.70953	14.73345	4.891277	9.101247	13.5841	12.93838	15.6926	14.19049	14.07559	14.46344	11.05277	14.91015	11.37289	14.78529	15.68739	14.35737	11.65274	12.22297	14.55465	14.21863	12.28803	13.61588	14.58954
