Vessel Name: 23052020_InCu_KaKr_KK1-71_P6_6
Metric: GFP Integrated Intensity / RFP Integrated Intensity
Cell Type: 
Passage: 0
Notes: 
Analysis: KaKr-A549-H2B-GFP/-RFP_DEFv10

Date Time	Elapsed	EZH1	FABP4	FAM105A	FAM107A	FAM110A	FAM20A	FAM46A	FAM72A	FBXO6	FCAR	FFAR2	FGL2	FOS	FPR2	GBP1	GBP3	GBP4	GBP5	GLIPR2	GLS	GMPR	GPC4	GPR141	GPR155	HAPLN3	HAVCR2	HELZ2	HERC5	HERC6	HES4	HESX1	HLA-B	HLA-C	HMHA1	HSH2D	IDO1	IFI16	IFI27	IFI35	IFI44	IFI44L	IFI6	IFIH1	IFIT1	IFIT2	IFIT3	IFIT5	IFITM1	IFITM2	IFITM3	IFNE	IFNG	IGF2BP3	IL15	IL15RA	IL1A	IL1RN	IL4I1	IRF1	IRF7	IRF9	IRG1	ISG15	ISG20	ITPKB	KCNE3	KLF7	LAG3	LAMP3	LAP3	LGALS3BP	LGALS9B	LILRA1	LILRA5	LRCH2	LRRC25	LY6D	LY6E	MAP3K1	MBD4	MCM2	BORCS8	MNDA	MS4A4A	C1 (Mx2)	C2 (STAT1)	C3 (MAVS)	C4 (BST2)	C5 (EIF2AK2)	C6 (RSAD2)	NTC1	NTC2	NTC3	NTC4	NTC5
23.05.2020 10:31:00	0	0.02362889	0.006934795	0.00696809	0.007789553	0.006016968	0.007339927	0.01130066	0.005318178	0.004621908	0.007200621	0.007330564	0.004810984	0.005649155	0.008807192	0.006746091	0.008794618	0.006195719	0.00776747	0.0409817	0.008956947	0.006437426	0.006465246	0.01030934	0.004264974	0.01118914	0.008031848	0.007209306	0.02314882	0.006633739	0.005510904	0.02750771	0.006485578	0.01589179	0.01097127	0.02156696	0.0393851	0.00676547	0.01011596	0.00682111	0.007137323	0.009342319	0.0250433	0.009799789	0.02661791	0.008734291	0.0078277	0.009529865	0.008645731	0.01127577	0.01063224	0.007324089	0.00970166	0.008302113	0.00925781	0.009858566	0.008504355	0.007044726	0.00739291	0.009083972	0.007662374	0.009227254	0.009920632	0.01223203	0.01088766	0.008566324	0.009083068	0.006806178	0.04069461	0.007226126	0.007300697	0.007128342	0.01211057	0.01029976	0.004486542	0.02427663	0.006155715	0.007265241	0.008052756	0.007610914	0.006967157	0.009989709	0.03172169	0.02612045	0.05193477	0.009314234	0.02276493	0.02944711	0.01291554	0.03993709	0.0266446	0.0320148	0.009169968	0.005964383	0.005964474	0.005127566
23.05.2020 13:31:00	3	0.01335174	0.00530403	0.006037562	0.006573193	0.005359887	0.004834129	0.005073329	0.004048721	0.003915553	0.005732534	0.0053078	0.004353456	0.00495443	0.007877563	0.005549864	0.007577468	0.005216897	0.006808097	0.02418576	0.006175716	0.005048436	0.005151357	0.007957483	0.003666759	0.00909463	0.006208694	0.005868315	0.01496508	0.004773876	0.005369339	0.01807865	0.006193388	0.01140313	0.006003744	0.01693838	0.02002639	0.004945606	0.007771618	0.005758047	0.00630506	0.007350149	0.01420396	0.00838282	0.01761254	0.006915881	0.006607351	0.006350585	0.006249079	0.008654552	0.007791152	0.00612044	0.008437533	0.006595989	0.007534192	0.00781634	0.005991322	0.005900074	0.006814093	0.006926544	0.00603988	0.007535369	0.007127497	0.008685788	0.008762247	0.006971264	0.007917008	0.005310471	0.0269117	0.005200741	0.005852538	0.005364065	0.01028164	0.008966293	0.003821901	0.01156701	0.004868705	0.005759673	0.006448357	0.006342975	0.004956122	0.007525659	0.01542029	0.01480931	0.03779383	0.007461525	0.00863332	0.02025609	0.00983261	0.02703686	0.01331164	0.02118091	0.005984217	0.00455999	0.005919172	0.00450997
23.05.2020 16:31:00	6	0.01006195	0.004931239	0.005170376	0.004967945	0.004760608	0.005183734	0.003042374	0.004783112	0.00487099	0.005161527	0.004761504	0.004543118	0.004816202	0.006204668	0.005639564	0.007097519	0.005420201	0.00680968	0.008993717	0.005372356	0.005264254	0.004382381	0.007554025	0.003756805	0.00804368	0.007551011	0.006042565	0.007836976	0.00517367	0.004472108	0.01089753	0.004877608	0.00610128	0.004310923	0.01298892	0.007854825	0.004671936	0.006232199	0.005948171	0.005512425	0.006776959	0.009024593	0.009212629	0.01230098	0.006491655	0.00555573	0.005849164	0.00624852	0.007875422	0.008093246	0.005808819	0.008904703	0.006221925	0.006944463	0.007814129	0.005253339	0.005145781	0.006594466	0.005729	0.005306904	0.007926311	0.005803209	0.008289484	0.007742168	0.006105154	0.008178555	0.004339881	0.01930094	0.004892836	0.00660437	0.005907795	0.009741471	0.009263188	0.003650429	0.006907067	0.004965241	0.005113355	0.00727005	0.005732529	0.004309591	0.005973766	0.008884783	0.009159343	0.03063649	0.007238605	0.006592084	0.01659203	0.007854641	0.01425916	0.008104973	0.01429326	0.005870447	0.003382602	0.005561596	0.003969856
23.05.2020 19:31:00	9	0.01941599	0.006647942	0.006756861	0.0066769	0.0104406	0.01620091	0.004404702	0.01537382	0.02178632	0.005413311	0.005492623	0.01425242	0.006339895	0.0069948	0.01790744	0.008350266	0.01179688	0.009406826	0.01074307	0.007059545	0.01136263	0.004238758	0.01761249	0.01172621	0.008761696	0.03118069	0.01778853	0.004610779	0.0140586	0.005240125	0.00815341	0.007181618	0.006657143	0.006537949	0.009932428	0.004145307	0.009671725	0.0128483	0.01858449	0.01167958	0.01722411	0.01924046	0.03131535	0.01307433	0.008007163	0.007882972	0.006721466	0.01734737	0.009486052	0.008876494	0.01576884	0.01720081	0.009471214	0.007179632	0.01970647	0.005992955	0.008442891	0.01256977	0.005869337	0.008789523	0.03343508	0.007097356	0.01143618	0.007414298	0.01209262	0.01597278	0.006147741	0.01886316	0.0081595	0.01677414	0.02570077	0.01460094	0.01758485	0.006994643	0.005404666	0.00759987	0.01252943	0.01584881	0.01107176	0.004175984	0.01065402	0.008203904	0.005623696	0.02923135	0.009453236	0.02678537	0.01986282	0.007746532	0.00802146	0.009556249	0.01081472	0.008050646	0.006097475	0.02035701	0.006935063
23.05.2020 22:31:00	12	0.1757594	0.02961673	0.03894996	0.02976675	0.1802873	0.2338753	0.01876781	0.1968318	0.3670752	0.01434125	0.02353049	0.09569494	0.02484234	0.0344452	0.3865961	0.02450274	0.1606551	0.0804369	0.1059586	0.02805028	0.1009174	0.007317378	0.2761514	0.2500951	0.02104389	0.4632809	0.2578217	0.01408931	0.2225423	0.01792156	0.04771502	0.05617272	0.1306224	0.04392862	0.03373013	0.01951581	0.04900999	0.2009823	0.2642401	0.1992421	0.1791847	0.1601881	0.2449209	0.1107718	0.04305724	0.05564931	0.02569383	0.2375013	0.04361479	0.05460946	0.2151641	0.09712046	0.09565631	0.04027476	0.2898922	0.04784874	0.02799812	0.1603472	0.01904025	0.04381938	0.5245665	0.0473129	0.08288544	0.008996679	0.1791634	0.1179357	0.03858358	0.06467108	0.04348858	0.06346176	0.1928231	0.1028829	0.2406123	0.05539482	0.01406725	0.09722926	0.0648313	0.1034338	0.1243783	0.01007388	0.07880788	0.06504534	0.0238174	0.09158649	0.1434298	0.4213145	0.1552424	0.01005957	0.01187612	0.03208826	0.05224523	0.1306999	0.05330365	0.335719	0.03936192
24.05.2020 01:31:00	15	1.704985	1.095366	0.449411	0.5661291	1.369951	1.889811	0.4021446	1.814742	2.13372	0.1617667	0.49419	0.5783359	0.5077597	0.5210665	2.312202	0.1754951	1.195339	1.122797	1.529299	0.3863681	0.8675164	0.2551225	1.973776	2.76646	0.2068149	2.710354	1.304305	0.4907777	2.01371	0.3572806	0.530968	0.7942333	1.781075	0.5059468	0.3501235	0.5318841	0.8207281	2.036721	1.340729	2.135456	1.495314	0.6065888	1.015445	0.6914483	0.510033	0.7601987	0.4447608	2.709886	0.4103735	0.5671676	1.485995	0.7552333	1.129734	0.4776179	2.383997	0.3054381	0.2622878	1.274636	0.09458452	0.9199762	3.72415	0.886804	0.6912484	0.02529122	1.440813	0.6619171	0.7553285	0.7148687	0.5174553	0.3160626	0.8290659	0.6991785	2.398093	0.78893	0.1737558	0.7004443	0.4943941	0.4907879	0.7457934	0.11744	0.5271516	0.7548279	0.4487502	0.7560757	1.803812	2.701154	0.7405967	0.03717392	0.09829427	0.2012097	0.306567	1.13231	0.2822079	2.283504	0.627887
24.05.2020 04:31:00	18	7.229158	7.156074	3.326678	3.915235	4.530498	7.431097	4.023225	6.963278	6.176145	1.21614	4.011332	1.772637	5.006883	2.876066	6.672767	1.122674	4.736788	5.225092	7.638135	2.200774	3.808185	2.59301	7.25701	10.09353	0.9601336	6.977126	3.080498	3.907798	7.081287	3.33795	2.184776	4.343088	8.62717	2.674277	1.489091	4.515389	5.43255	8.395916	3.356314	7.288574	5.526185	1.877623	2.96873	1.877531	3.20496	4.8086	2.949072	10.43111	3.269317	2.888047	5.563294	3.746097	6.003011	1.978735	8.798089	1.121091	1.632002	5.268088	0.6836851	5.151928	11.32959	5.705971	3.073871	0.09641784	5.840255	2.530361	5.421896	2.60474	1.994927	1.467446	2.891278	3.768006	8.702156	5.088597	0.9094405	2.593084	1.893747	1.735139	2.389032	1.553006	2.231107	3.240235	2.753247	3.35008	7.604377	8.691187	2.24215	0.1388321	0.8960744	1.714736	1.008874	4.437361	1.727349	7.566833	3.60095
24.05.2020 07:31:00	21	16.45234	16.68344	10.56776	11.68209	11.07195	16.54674	11.64008	16.1762	14.0718	5.930098	11.69869	5.794761	14.0857	7.559819	14.17393	4.906147	13.36038	12.84502	17.28319	5.861744	10.23102	9.130371	16.38284	20.60384	2.570462	14.62253	7.714961	10.85673	15.93768	11.29222	5.066716	10.99444	19.52667	8.513922	4.949014	12.81211	14.52943	18.36501	7.009341	16.10815	12.90012	5.344801	7.681519	4.922266	10.3224	13.15442	9.773211	21.41196	10.08259	8.3006	13.03799	10.28374	14.75542	5.165888	18.60715	4.344522	6.087787	13.64797	2.812688	13.10859	22.57661	15.07433	9.158602	0.5213741	13.4808	6.637597	15.28658	7.142697	5.201389	5.85622	7.734471	11.25969	17.92115	13.88534	3.114731	6.387907	5.207069	5.789917	6.571886	7.744856	6.924177	8.200764	7.938266	10.93149	17.20732	18.89778	6.197102	0.8531638	4.189636	8.174626	5.221373	11.00216	6.537776	16.67843	9.169784
24.05.2020 10:31:00	24	27.9663	27.50506	20.42471	22.72009	20.96702	27.94629	21.76184	28.08906	23.72613	14.36385	21.8965	13.97204	26.29279	15.11973	24.2068	13.12654	24.92375	24.12733	29.42839	12.77321	19.9701	19.26129	27.51775	33.3793	7.026273	23.21665	16.8545	20.39237	26.86749	22.20864	8.612566	20.31453	32.28456	18.24406	11.54555	24.18268	26.29121	30.09887	14.51666	27.29035	21.91895	11.12435	15.34027	12.21681	19.4756	23.80423	19.66699	34.00199	20.5882	17.44888	23.49197	20.70993	26.38148	11.83695	29.23829	11.00296	15.04004	24.78913	8.276453	24.452	34.5883	27.36598	17.93463	3.027336	23.18299	14.10078	28.28647	15.68585	11.77269	14.21123	16.3309	21.56539	28.51249	25.42899	8.561687	13.52632	12.38453	14.56104	15.3534	17.56755	15.98365	15.87006	14.82199	21.95097	28.69625	30.75484	15.13984	3.886104	11.4969	18.1855	14.13232	20.25142	15.42452	27.66393	17.02446
24.05.2020 13:31:00	27	38.92467	36.8906	31.37828	34.88688	31.88327	39.15773	31.9961	39.58395	33.50405	26.13705	32.52185	24.70758	37.66339	24.1137	34.16847	24.35624	37.3278	35.85287	40.33763	21.5012	30.35063	30.93943	38.51289	44.09429	14.96618	31.31741	27.74722	30.23333	36.89295	33.94892	11.62389	30.67253	42.1899	29.4309	19.60596	36.25301	37.64491	40.03078	24.18624	37.56924	30.01216	17.93299	24.33324	22.15343	29.17642	34.69204	30.77426	44.05777	32.94627	28.29859	34.23053	32.33923	37.85659	21.27154	38.09792	19.8979	26.52135	36.11636	16.72249	36.50998	43.8292	39.43945	28.18417	9.234892	33.23804	23.46975	41.26107	26.52241	20.22584	25.13394	26.55174	33.08464	37.37189	36.76863	16.93759	23.21677	21.95468	25.43812	26.14848	29.65392	26.77949	25.2875	21.81744	34.22284	38.75145	40.70217	26.73596	10.53836	22.63152	29.80136	25.82485	29.91362	26.42868	37.93593	24.84311
24.05.2020 16:31:00	30	45.27256	42.36102	39.51049	44.05764	41.7723	46.56268	38.71453	46.73219	40.29668	37.73517	39.84698	36.32204	44.15012	32.2632	41.76025	35.88387	46.38971	44.42063	46.72571	29.40528	37.38339	40.40975	46.31848	50.09521	24.21141	36.91366	38.37718	37.29445	43.87855	42.63068	13.48886	38.5228	46.68311	39.57346	28.12181	44.52565	44.98478	45.3266	34.12202	44.14196	35.21878	24.56685	32.97047	33.15996	36.61622	42.52677	39.79216	49.17964	43.08419	38.01768	41.97841	41.41394	45.64266	32.05179	43.24583	29.20649	37.95322	44.41661	26.14358	45.99478	48.58838	46.90479	37.15252	18.21291	41.31981	33.09806	49.88351	37.5759	29.28721	36.08331	36.65142	42.02663	43.2445	44.52878	26.41216	32.71951	31.6481	36.58476	36.2454	39.86948	36.69287	33.86957	26.33442	43.83648	43.90975	46.31609	38.13503	20.2853	35.13136	40.16982	37.92916	37.1633	36.10254	44.47847	29.50914
24.05.2020 19:31:00	33	46.80683	44.106	43.3089	48.31778	47.75898	49.28398	40.7639	49.21251	42.95247	45.02093	43.22759	44.3676	45.89108	38.09996	45.78085	43.09037	50.05693	48.26953	48.80817	34.74023	39.70452	45.641	49.75338	51.58035	33.20025	39.31087	45.23891	40.66865	46.70614	47.18575	14.11779	42.82742	46.76712	45.67519	34.39315	47.62292	47.69605	46.5975	41.81048	46.62059	37.2799	29.37325	38.41626	41.85194	40.05764	45.89113	44.7361	50.59789	48.13292	44.06853	45.9903	46.95336	48.74076	40.79158	44.9914	36.09668	45.68596	48.20884	34.10253	51.21267	49.43411	49.76	42.23101	28.85784	45.98987	40.53107	53.17436	45.1162	36.37788	43.71269	43.17893	47.18503	45.31678	47.51727	34.76736	40.40816	39.26664	44.5537	42.79398	44.60164	42.95147	39.75973	27.9825	48.91108	44.81422	47.0951	45.83149	31.20328	45.11018	45.76572	45.83262	40.76354	41.73595	46.91663	31.24085
24.05.2020 22:31:00	36	45.55455	43.19361	43.74426	48.32041	49.65998	49.09706	40.16036	48.44666	42.4579	47.47023	43.61229	47.11357	44.61019	40.6769	46.45007	45.88518	49.8266	48.1143	48.10686	36.91154	39.10232	46.81912	50.00442	50.44744	39.46416	39.29674	47.62645	41.27466	46.35439	48.18615	13.98713	44.27253	44.73854	47.57103	37.24306	47.16166	46.84914	45.28915	45.24757	45.69711	37.35756	31.76309	40.66143	46.30424	40.50125	45.7864	45.54838	48.86701	49.09756	46.33041	46.29103	48.91352	48.41731	45.78206	44.27241	39.53896	48.67368	48.42144	38.82008	52.52896	47.95874	48.96305	43.86064	37.38949	47.63328	44.2896	52.82476	47.83979	40.1912	46.53177	46.04579	48.32328	44.58491	46.72208	39.98839	45.37646	43.1478	48.21738	45.43764	44.94935	45.26369	42.68756	27.56433	49.68678	43.24836	45.29839	48.77014	39.87567	48.93601	47.27717	48.40011	40.89838	42.96515	46.0511	30.85005
25.05.2020 01:31:00	39	43.27799	41.39799	41.80118	46.23536	48.73785	47.39423	38.54384	46.09293	40.819	46.62911	42.45365	46.54782	42.34636	40.6827	44.83645	45.581	47.81762	46.64739	45.66661	36.18089	37.46092	45.84331	48.30151	47.75296	42.04141	37.94513	46.62614	40.15553	44.50347	46.74533	13.49252	43.75487	42.13757	46.72696	37.64071	45.2727	44.39631	42.55901	45.60583	43.32409	35.78156	32.33178	40.44389	46.97306	38.93032	43.92991	43.862	46.08569	47.81448	45.72145	44.70436	48.01078	46.36142	46.65215	42.09113	40.08457	48.54028	46.38931	40.29818	51.35906	45.1272	46.68905	42.68764	41.82156	46.84589	45.06749	50.4099	47.2708	41.03405	46.38698	46.08776	46.93842	42.49594	44.28168	41.72853	47.15197	43.26243	47.91557	45.01973	43.2259	44.28512	42.66306	26.19107	48.18321	40.75312	42.20321	48.94501	44.184	48.43735	46.35085	47.22235	39.42409	42.08728	43.88208	29.65207
25.05.2020 04:31:00	42	40.32959	38.85352	39.44915	43.43535	46.15192	44.8296	36.53758	43.25979	38.68717	44.33596	39.93646	44.35656	39.19027	39.15438	42.11373	43.47174	44.85182	44.2354	42.49074	34.02987	35.31359	43.4554	45.43618	44.6706	41.89068	35.7282	44.40283	37.97284	41.75946	44.56886	12.59884	41.72656	39.36163	44.23273	36.58802	42.69406	41.25974	39.66566	43.70679	40.46589	33.52084	31.39726	39.07992	45.51846	36.4113	41.3965	41.30564	42.87195	44.88725	43.38471	41.97554	46.15235	43.30008	45.54789	38.70109	38.81732	46.45415	43.56658	39.50914	48.70151	41.5226	43.46347	40.554	42.89418	44.35752	43.98185	47.06583	45.07943	40.15241	44.34188	44.27149	44.27718	39.03345	41.17032	41.1497	46.38882	41.88672	46.06202	42.81815	40.42897	41.96889	40.5157	24.18147	45.33229	37.47865	38.80045	47.04955	44.57088	46.05982	43.97997	44.33391	37.18167	40.14113	40.91736	28.05161
25.05.2020 10:31:00	48	33.7016	32.92322	33.64864	36.84824	39.92641	38.10084	31.11042	36.50536	32.8329	37.38041	34.10677	37.92329	32.51211	33.87874	35.73156	37.04121	37.54174	37.97921	35.2298	27.68741	30.43813	37.54374	38.88532	37.79999	37.467	30.30469	37.60844	32.47091	35.25214	38.71706	10.82702	35.94556	33.6314	37.53986	32.81879	35.98855	34.50691	32.88147	37.18827	34.06678	28.11828	28.05436	34.45943	39.28901	30.50974	34.94818	35.01324	35.83775	38.127	36.37558	35.18012	39.60968	36.44571	39.56773	32.17534	34.05502	40.01424	35.87223	35.07334	40.8807	33.72611	36.37261	34.691	39.37029	38.13544	39.58769	39.02925	38.27673	35.83444	37.96918	37.86476	36.81705	31.74558	34.29618	36.4815	41.04158	36.56083	39.17668	36.70399	34.14605	35.41256	33.54355	20.4018	38.40223	30.72147	32.00091	40.6491	39.86609	39.10311	36.82624	37.50137	31.9403	34.74857	34.87376	23.78672
25.05.2020 13:31:00	51	30.79668	30.1232	30.70196	33.32872	36.20548	34.94352	28.19563	33.1248	29.89551	34.04113	31.59324	34.69979	29.57238	31.06827	32.80703	33.94326	34.18816	34.36813	32.00243	24.85987	28.37765	33.77849	35.54895	34.28265	34.57908	27.77283	34.40594	29.5139	32.26649	36.05533	10.03222	32.83177	30.97689	34.07449	30.25019	32.83016	30.92947	30.14944	33.45596	31.09855	25.81905	25.97923	31.49659	35.76471	27.48838	31.81367	31.52806	32.28148	34.51888	32.94099	31.70662	36.19363	33.01547	36.19652	28.7584	31.16491	36.33237	32.09764	32.24844	36.81481	30.33247	32.78574	31.48138	36.3899	34.80278	36.68658	35.70406	34.90805	33.22799	34.42516	34.17155	33.0941	28.92457	31.39192	33.68593	37.65391	33.6949	35.76482	33.54552	31.02964	31.82141	29.9361	18.52886	35.33452	27.78176	29.05371	37.4752	36.50211	35.37007	33.63826	33.5196	29.34254	31.7686	31.21937	21.02418
25.05.2020 16:31:00	54	28.49454	28.57048	28.46803	30.2611	33.75868	32.14391	25.97167	30.12119	27.38569	31.14432	28.99381	31.98764	27.13832	28.77733	30.2975	30.90422	31.34963	31.47668	29.36566	22.40576	26.40701	30.93426	32.60885	31.49558	32.00271	25.57838	31.8082	26.84173	29.77124	33.75249	9.35078	30.07604	29.24868	31.10572	27.93109	29.85966	28.56309	28.05498	30.47177	28.51339	23.6141	24.60613	29.17762	32.56656	25.23455	29.14702	28.68203	29.88241	31.32557	30.16741	29.12155	32.99846	30.24397	33.20348	26.54436	28.55239	33.31564	29.2962	30.08739	33.60378	27.87289	29.78169	29.06809	33.32661	32.08064	34.69415	32.71155	31.99743	30.98645	31.47968	31.10771	30.0796	26.09861	28.8931	30.60188	35.03633	31.5483	33.05377	31.13811	28.7302	29.38159	26.96217	16.61467	32.45755	25.54983	26.61909	34.33355	33.71532	32.24355	30.39223	30.62759	26.76684	29.33344	28.80239	19.84251
25.05.2020 19:31:00	57	25.86432	26.06855	25.75124	27.17704	30.99854	29.19027	23.72371	26.83925	24.981	28.41743	26.54073	28.96155	24.68171	26.23	27.33713	27.83408	28.21759	28.55903	26.81819	19.884	24.54721	28.2873	30.00159	28.72168	29.21286	23.88855	28.86874	24.36107	27.1372	30.8887	8.547709	26.95354	26.68369	28.22958	25.53697	27.32449	26.07422	25.78842	27.28834	25.88506	21.67883	22.66528	26.71221	29.54857	22.57306	26.45765	26.0954	27.30594	27.96176	27.29397	26.06545	29.94226	27.3497	29.75689	24.12287	25.63841	29.89913	26.08089	27.25967	29.85613	25.05095	27.05586	26.20801	29.69352	29.23061	32.09836	29.75087	28.82639	28.4516	28.52491	27.69224	26.97075	23.58729	25.98742	27.33684	32.27831	28.86185	29.82375	28.67251	25.69906	26.35819	23.84105	15.25587	29.08592	23.24377	23.95792	31.03575	30.76058	29.17027	27.49269	27.62072	24.23039	26.90703	26.14715	17.93924
25.05.2020 22:31:00	60	23.4407	24.02639	23.44523	24.79202	28.26661	26.19897	22.16381	24.23802	23.0308	25.83098	24.22149	26.3713	22.72548	23.92949	25.1127	25.73854	25.83994	26.43323	25.10199	18.16478	22.86823	25.84131	27.43963	26.50333	26.64058	22.30548	26.13477	22.16217	24.9199	28.33361	8.133475	24.21066	24.776	25.73296	23.47532	25.33114	24.27712	23.76249	24.64625	24.01793	20.27988	21.15626	24.71585	26.93143	20.75567	24.17814	23.98575	25.17879	25.53608	24.67396	23.78887	27.24608	24.9068	27.25751	22.35637	23.25502	27.34395	23.84794	24.85802	26.44311	23.19031	25.17333	23.76715	26.63285	27.06939	29.6318	27.37661	25.88251	26.28592	25.83104	25.31985	24.60951	21.44654	23.74173	24.5283	29.53236	26.71259	27.27164	26.40602	23.37645	23.8612	21.54164	13.62299	26.39332	21.22698	21.86049	28.17851	28.16486	26.18183	25.01874	25.17624	22.10429	24.80055	23.8575	15.82268
26.05.2020 01:31:00	63	21.39793	22.07891	21.55972	22.52932	25.96539	24.20704	20.48229	21.97854	21.12959	23.17313	22.20953	23.88562	21.32956	21.8412	23.02714	23.35885	23.6497	24.40487	23.28426	16.78176	21.57408	23.72002	25.24325	24.6556	24.35954	20.82844	23.8896	20.37109	22.72009	26.30177	7.448873	21.74875	23.34477	23.42472	21.68189	23.34629	22.01463	22.3199	22.51514	22.21604	18.87091	19.70001	22.8032	24.61118	19.1462	22.3159	22.16988	23.37003	23.41783	22.64465	21.77755	24.88388	22.90724	25.11649	20.8702	21.392	25.18674	21.96108	22.18168	24.30005	21.48298	23.15602	22.00855	24.00515	24.68031	27.38044	25.79441	23.64338	24.29539	23.41101	23.09936	22.28251	19.73337	22.12759	22.3404	26.94698	24.8934	25.12698	24.43833	21.51524	21.76337	19.2104	12.62007	24.07742	19.2512	20.24132	25.81823	25.50101	23.4448	23.07977	22.91445	20.03871	23.11399	22.03118	14.76108
26.05.2020 04:31:00	66	19.63451	20.42138	19.87486	20.66234	23.6044	22.20733	19.08596	19.87124	19.34064	21.34574	20.44412	21.90168	19.64038	20.29716	21.29703	21.78158	21.66401	22.68293	21.75424	15.72344	20.13399	22.03613	23.17697	22.82087	22.27943	19.27268	22.29502	18.76123	21.08191	24.59167	6.907001	19.9843	21.61619	21.5411	20.19519	21.65019	20.82716	20.77765	20.87976	20.66856	17.66098	18.49826	21.01149	22.54914	17.82751	21.03388	20.49617	21.40211	21.54795	20.7454	20.18168	22.9455	21.24593	23.34044	19.38314	19.69308	23.29177	20.34698	20.23232	22.23645	20.08421	21.67463	20.29123	21.60681	22.80369	25.25621	24.66108	21.82504	22.47006	21.37542	21.35891	20.4404	18.16246	20.72887	20.35576	24.58851	22.91688	23.12951	23.06483	19.61963	20.12046	17.31801	11.763	22.19543	17.57349	18.61364	23.62821	23.422	21.39258	21.08309	21.04855	18.4849	21.10266	20.08248	13.15179
26.05.2020 07:31:00	69	18.19115	18.87446	18.23337	19.09596	21.82882	20.21415	17.84575	18.03078	17.66258	19.36868	18.78033	19.88038	18.07876	41.57982	19.76167	20.16118	20.05002	21.14388	20.094	14.66632	18.83874	20.35227	21.27084	21.29103	20.67667	17.94229	20.792	17.46612	20.16585	23.19642	6.538102	18.17718	20.19284	19.93243	18.5775	20.09102	19.60611	19.24519	19.43379	19.23968	16.3136	17.37739	19.50505	20.78028	16.6311	19.57034	19.11045	20.10917	19.86238	19.14103	18.80238	21.28821	20.05166	21.52566	18.11156	18.21747	21.6985	19.03278	18.78074	20.71976	18.75962	20.00609	18.88278	20.01693	20.98079	23.57752	23.22221	20.16731	20.86506	19.82952	20.13374	19.10301	17.27596	19.31053	18.64911	22.37967	21.21057	21.48954	21.83134	18.18675	18.69213	15.8432	10.85829	20.4021	16.03849	17.12604	21.48532	21.82806	19.84441	19.46492	19.46307	16.76	19.29256	18.45247	11.92756
