Vessel Name: 25-10-2022_KaKr_KK1-81_Screen_S4/4-B3/5_P6_11
Metric: GFP  Integrated Intensity / RFP  Integrated Intensity
Cell Type: 
Passage: 0
Notes: 
Analysis: KaKr-A549-H2B-GFP/-RFP_DEFv10

Date Time	Elapsed	SSB	ST14	STAB1	STAP1	STAT1	STAT2	TAP1	TAP2	TDO2	TDRD7	TIFA	TLR3	TLR7	TMEM140	TMEM217	TMEM62	TNFRSF1B	TNFSF10	TNFSF13B	TNFSF18	TNFSF8	TRAF3IP3	TRANK1	TRIM21	TRIM22	TRIM25	TRIM38	TRIM5	TRIM69	TYMP	UBA7	UBN2	UBQLNL	VCAN	WARS1	XAF1	ZADH2	ZBP1	ZBTB48	ZC3HAV1	ZMAT3	ZNF44	ZNF516	ZNFX1	NTC1	NTC2	NTC3	NTC4	NTC5	C1 (Mx2)	C2 (STAT1)	C3 (MAVS)	C4 (BST2)	C5 (EIF2AK2)	C6 (RSAD2)	NTC1	NTC2	NTC3	NTC4	NTC5
25/10/2022 15:35:00	0	0.0080715	0.004370494	0.004594815	0.005315871	0.005842127	0.006558594	0.006899898	0.003818511	0.00544709	0.003712536	0.003766713	0.003450607	0.006537773	0.007914273	0.004741563	0.005709195	0.006739129	0.003286047	0.006239807	0.004683762	0.003500324	0.006808018	0.007633464	0.0180028	0.007558953	0.005824979	0.005323648	0.007654082	0.006510659	0.00623281	0.006855962	0.004789004	0.005985513	0.004515163	0.007409596	0.008492365	0.004818534	0.006358366	0.006158771	0.002540434	0.005165111	0.008705862	0.007042912	0.004748927	0.005171713	0.008708642	0.007078334	0.005435709	0.005450432	0.007359864	0.004998555	0.006117158	0.007290393	0.005545332	0.006113153	0.004678087	0.003757565	0.003493871	0.005453368	0.003995489
25/10/2022 17:35:00	2	0.007464868	0.003682563	0.0040917	0.004346558	0.005027531	0.005458389	0.006602907	0.003196997	0.004577345	0.003162043	0.003476075	0.002216373	0.00555138	0.006555931	0.003698688	0.004466631	0.005629999	0.003031182	0.005165474	0.003542906	0.002927164	0.005604991	0.006310759	0.01191828	0.006644568	0.004796561	0.003625767	0.005566063	0.004608311	0.004835677	0.005909977	0.003718313	0.004864725	0.003471775	0.005894667	0.007132734	0.004116307	0.00490544	0.004081407	0.001527718	0.004540306	0.006613783	0.006139029	0.00391916	0.004990831	0.006118776	0.00611325	0.004637574	0.003472719	0.005816191	0.00400923	0.005195417	0.005654379	0.004456277	0.004294428	0.004272154	0.00273115	0.002533709	0.004884236	0.003049192
25/10/2022 19:35:00	4	0.006365425	0.00352776	0.00353341	0.003786214	0.003752667	0.004909301	0.006140068	0.002957584	0.004057164	0.002640692	0.002934325	0.002276248	0.004233349	0.005298184	0.002679197	0.003783461	0.004390568	0.002027926	0.004318303	0.003019152	0.002688032	0.004715349	0.00565113	0.009520568	0.005732866	0.004053649	0.002612695	0.00469322	0.004581861	0.004035616	0.005118371	0.003192779	0.003789315	0.002867748	0.004513668	0.00525777	0.00328451	0.003800737	0.003367148	0.001468724	0.00340688	0.004690835	0.005226105	0.003726573	0.004082296	0.005103316	0.004757902	0.003749568	0.003310052	0.004255609	0.003398898	0.00425065	0.006106879	0.004151986	0.003329187	0.003760371	0.002601329	0.002469735	0.004090148	0.002672306
25/10/2022 21:35:00	6	0.0057833	0.003507945	0.004560497	0.004480056	0.005094523	0.004945813	0.007257234	0.003674565	0.004838067	0.003691927	0.003080992	0.003254422	0.004549967	0.004687893	0.002669275	0.003483071	0.004750002	0.003850072	0.00420158	0.003733735	0.002765114	0.00327232	0.005823365	0.007339679	0.005733579	0.004401163	0.004055595	0.004288798	0.004490382	0.003759714	0.005063457	0.00391543	0.004095413	0.003205377	0.004790967	0.006446919	0.004162943	0.00383242	0.00395493	0.001649836	0.002667306	0.005141571	0.005312201	0.003465333	0.00444156	0.004550637	0.004487914	0.003577905	0.003664806	0.004930772	0.004570267	0.003927624	0.004776841	0.004467973	0.004008383	0.004688183	0.004439504	0.003674303	0.003909175	0.002912167
25/10/2022 23:35:00	8	0.006167115	0.006761364	0.01472535	0.01193668	0.01160878	0.01128645	0.01245145	0.009261983	0.01119489	0.01376083	0.008745705	0.01096405	0.009794918	0.004228088	0.006786872	0.006216918	0.00578039	0.01392719	0.004535709	0.007787829	0.004973521	0.006953	0.009699783	0.007998704	0.01140851	0.007117352	0.01438643	0.007356627	0.00658313	0.007083428	0.008662166	0.008607596	0.006851311	0.009136997	0.01054096	0.009744675	0.01089378	0.008873976	0.006936718	0.004434901	0.003625792	0.007626921	0.01059775	0.005826967	0.01061576	0.007792174	0.007259465	0.006589286	0.01016923	0.01037772	0.01007445	0.004812527	0.008203338	0.01002253	0.01261264	0.01344393	0.01274234	0.01542093	0.008202207	0.007325722
26/10/2022 01:35:00	10	0.01041911	0.03378509	0.07302619	0.04385608	0.0597581	0.05097047	0.03443026	0.04626976	0.03587617	0.06538363	0.03443853	0.04541102	0.0377153	0.007885898	0.02204802	0.01764937	0.01162368	0.106186	0.008457503	0.02966432	0.01530829	0.02601869	0.02873402	0.02162887	0.03834775	0.01972562	0.07926441	0.02307256	0.01908899	0.03074688	0.02468162	0.05668749	0.02286684	0.04057188	0.03433007	0.04555948	0.03785964	0.02857566	0.02268653	0.01807282	0.01054369	0.03146933	0.04479834	0.0231374	0.04233618	0.02214971	0.02360359	0.02336763	0.0426836	0.07316238	0.04865397	0.01103966	0.02215925	0.04276637	0.07112312	0.07115365	0.07041285	0.07809803	0.02365317	0.02475086
26/10/2022 03:35:00	12	0.02873818	0.2573477	0.5682437	0.2553799	0.4021192	0.329951	0.2527032	0.2467791	0.1797134	0.5453737	0.2382167	0.2785753	0.1832558	0.06864178	0.1451679	0.0866598	0.06825172	0.7199098	0.03184289	0.1729537	0.08754158	0.1727146	0.1964464	0.1607548	0.215497	0.08588811	0.4539772	0.149771	0.09662347	0.2473523	0.2112991	0.3612912	0.1331166	0.2526684	0.2255626	0.2971357	0.16145	0.1412516	0.1440954	0.07961246	0.04087679	0.1925617	0.2789569	0.141841	0.206635	0.1313164	0.1370355	0.1383916	0.322973	0.4768066	0.3077548	0.1082067	0.1273479	0.2773927	0.452967	0.5528694	0.4293074	0.5751358	0.1259551	0.140991
26/10/2022 05:35:00	14	0.1256122	1.403519	2.590847	1.36789	1.83717	1.409756	1.34695	1.04961	0.9557105	2.301308	1.474123	1.254038	0.7232814	0.7069079	0.726042	0.4366421	0.4402133	2.651186	0.1468782	0.8578714	0.4461246	0.9989346	1.039122	1.181104	1.157348	0.3993568	1.646204	0.8511822	0.5648515	1.414739	0.9398648	1.44619	0.7896858	1.433095	1.101628	1.336142	0.7188693	0.6381022	0.9340615	0.477318	0.2765592	0.8765739	1.571851	0.8335327	0.8669011	0.7551914	0.8679004	0.8476942	1.554427	1.7672	1.138927	0.9323928	0.875705	1.355418	2.122307	2.612028	1.455009	2.301045	0.9544591	0.9487023
26/10/2022 07:35:00	16	0.6383523	4.579819	6.508082	4.172188	5.164731	3.680351	4.049782	3.125299	3.126108	5.887937	4.575436	3.673055	2.143186	3.217724	2.398916	1.49469	1.740098	6.372612	0.601645	2.686594	1.550071	3.33592	3.395593	4.310435	3.829483	1.550975	4.173255	2.827575	2.147575	4.422357	2.659749	4.006187	2.800672	4.492916	3.511578	4.027287	2.478649	1.978148	3.144674	2.079406	1.168017	2.626956	4.839463	3.194868	2.438636	2.844243	3.286531	3.038016	4.293171	4.617813	3.180189	3.635645	3.509079	3.713613	6.044013	6.901952	3.534124	5.886762	3.811781	3.499771
26/10/2022 09:35:00	18	2.226537	9.845984	12.21827	8.74528	10.52748	7.607934	8.458517	6.947155	7.269877	11.88057	9.701008	8.095133	5.134912	7.893317	5.734267	3.953499	4.730708	12.26073	1.96572	6.088704	3.840768	7.874588	7.841932	9.674545	8.567486	4.302057	8.352174	6.31479	5.703671	9.558079	5.957356	8.638787	6.608302	9.751339	7.91623	8.893737	6.401941	4.894156	6.918364	6.065238	3.334926	6.052773	10.26527	7.774689	5.28124	7.17399	8.02449	7.193847	8.993274	9.694746	7.479548	8.464173	8.487615	7.673771	12.2223	13.47656	7.698689	11.56701	9.183989	8.391739
26/10/2022 11:35:00	20	5.375758	16.90121	19.89008	15.12584	18.16621	14.02663	14.51113	12.89185	13.71702	20.60796	17.13714	15.05082	10.12139	14.72365	11.26107	8.378555	9.583915	20.15732	4.75092	11.09082	8.011802	14.60896	14.03718	17.33682	15.15306	9.333264	14.56082	11.71524	11.24378	16.64919	11.39744	15.8433	12.11126	17.12744	13.93046	15.67064	12.13454	10.04511	12.1441	12.73723	7.388373	11.72864	17.89623	14.37797	9.851106	13.7996	15.09756	13.41341	15.93008	17.12079	14.07034	15.46407	15.11664	13.94687	20.22825	21.87251	14.52683	18.88268	16.78007	15.46715
26/10/2022 13:35:00	22	10.02919	26.0665	28.94456	23.08898	28.15516	21.95556	22.27564	20.63455	22.07506	30.56332	26.42549	23.84666	16.77534	23.78709	19.0489	15.04891	16.87313	29.05621	9.336641	18.95138	13.99025	23.37194	21.78189	26.38585	23.48813	16.09598	22.30949	18.97599	18.71546	25.02852	18.95913	24.71311	19.89924	25.90583	21.13077	23.94967	20.02538	17.14967	19.48261	21.48078	13.44937	19.17417	27.16654	23.0484	16.32152	22.06551	23.77352	22.14414	24.35874	25.56558	22.17174	24.37834	23.57448	21.63375	29.02051	31.02449	22.58408	27.69668	25.34768	23.98913
26/10/2022 15:35:00	24	16.28234	36.11494	37.75602	31.14418	38.12199	30.78124	30.97676	29.75718	31.9229	40.56461	36.28342	33.58368	24.85773	34.16594	28.60072	23.78237	26.1405	37.6171	15.69869	28.15446	21.57835	33.31683	30.54495	36.10078	32.49576	24.57956	30.81195	27.08743	27.72165	33.94513	27.96161	34.6728	29.33531	35.15725	29.34797	33.19942	29.81519	25.63019	27.89681	32.4453	21.4599	28.28263	37.11301	33.1526	24.72251	31.46693	33.27098	32.07876	33.61136	34.94982	31.52684	33.69576	32.93866	29.74542	37.59084	39.61345	31.68522	36.45772	34.32725	33.4623
26/10/2022 17:35:00	26	23.25017	44.30791	44.33728	37.47403	45.88057	38.96676	38.22872	38.30874	40.66632	48.34081	44.56427	42.59818	33.2114	42.79921	37.66344	33.049	35.73785	44.27889	23.37285	37.27243	29.13942	41.77838	38.55782	43.78122	40.53537	33.09537	38.21828	34.67405	36.5836	41.67913	36.75455	43.35492	38.49265	43.32623	37.3087	41.23983	39.54558	34.62524	35.7151	42.8838	30.63155	37.06085	45.32218	42.00725	33.0602	40.42082	41.47047	41.10748	41.41707	42.96713	40.2365	41.87798	41.43814	36.48293	44.83537	45.81229	40.02546	43.88379	41.56352	41.60624
26/10/2022 19:35:00	28	30.19635	49.84679	48.2337	41.57974	51.09371	45.55579	43.53399	44.9114	47.04546	53.51182	49.9499	49.16315	40.34053	49.06582	44.71984	41.40599	43.82051	48.3757	31.60169	44.76134	36.36318	48.13292	44.48757	49.52035	46.40337	40.53128	44.26227	41.15081	44.09236	47.65825	44.23121	49.92757	45.81995	49.11523	43.91663	47.41252	47.51294	42.84422	41.6078	51.67466	39.24982	44.11912	51.18888	48.73963	40.99197	47.62587	48.16381	47.83565	47.50235	49.38877	47.11825	48.43217	48.01316	41.3649	49.61832	49.65699	46.78064	48.83894	47.14355	47.66901
26/10/2022 21:35:00	30	36.01081	52.9869	50.63739	43.77044	54.16648	50.04333	46.68618	49.60809	51.08896	56.17181	52.58354	53.87723	45.5291	52.62038	49.48239	47.7793	49.62665	51.14074	38.96851	49.90018	42.28608	52.18346	48.06468	53.16813	50.73995	45.96044	48.55894	45.93264	49.51692	51.79361	49.81135	54.46522	50.9105	53.13727	48.84186	51.32073	52.80191	48.81083	45.94416	57.96207	46.06754	49.33153	54.7733	53.29082	47.55048	52.26765	52.67595	52.49861	51.26956	53.27658	52.07774	52.95023	52.09589	44.30566	53.13002	52.08526	50.99858	52.13191	50.25222	51.27619
26/10/2022 23:35:00	32	40.50712	54.06366	51.12759	44.37891	55.36908	52.58442	47.96812	51.75173	53.00595	57.07525	53.39117	56.25576	48.3684	54.64517	52.20721	51.63005	53.17667	52.17948	44.54457	52.63423	46.25376	53.99352	50.06584	54.73881	52.81583	49.56551	50.79745	49.09976	52.78413	54.17663	53.02428	56.3866	53.96692	55.06375	52.08063	53.52946	55.97373	52.30589	48.2635	62.14322	50.2616	52.05658	56.42306	55.68213	52.10005	55.18165	55.21558	54.96404	52.99322	55.5341	54.91888	55.5924	54.12223	45.93979	54.8035	52.97989	53.70529	53.47839	51.46482	53.5014
27/10/2022 01:35:00	34	43.18883	54.06619	50.86939	44.29198	55.27685	53.2215	48.05498	52.2291	53.63851	56.88021	53.17483	56.84991	49.62441	54.89389	53.30883	53.28203	54.50728	51.91494	47.63546	54.01566	48.38891	54.10772	50.36894	54.86805	53.5037	51.34103	51.84705	50.54846	54.04009	55.00393	54.01274	56.90661	55.02974	55.69005	53.88086	54.18589	56.96774	54.16348	49.34273	63.62178	52.32117	53.24652	56.1233	56.20049	54.44995	55.99627	55.97075	55.2798	53.41066	56.24368	56.14997	56.78993	54.67882	46.24086	54.86093	52.75491	54.45254	53.44263	51.87966	53.89143
27/10/2022 03:35:00	36	44.55469	53.51037	49.97496	43.3466	54.04037	52.64525	47.22538	51.90459	53.04947	55.62091	51.84784	56.5494	50.00636	53.72907	52.88546	53.71033	54.3536	50.82692	49.09626	53.79898	48.86224	52.87163	49.70745	53.95413	52.88262	51.74806	51.42026	50.45866	53.84255	54.56663	53.96524	56.17693	54.96773	54.79205	54.29917	53.5337	56.56726	54.25774	49.22699	63.27518	52.60788	52.84658	54.83694	55.7778	54.94907	56.02709	55.71582	54.74922	52.35884	55.58271	56.38338	56.69171	53.94143	45.56354	54.20029	51.49221	54.1017	52.87501	51.35057	53.70743
27/10/2022 05:35:00	38	44.747	51.8298	48.30893	41.89217	51.98808	51.36617	45.76877	50.75488	51.50975	53.96497	50.05441	55.43089	49.27468	51.94987	51.54325	52.697	53.22452	48.86098	48.87214	52.49027	47.92838	51.49839	48.29562	52.39198	51.59123	51.22808	49.95557	49.26493	52.92304	53.122	52.86729	54.31387	53.6986	53.19246	53.7295	52.16428	55.12912	53.77858	48.19717	62.00395	51.83419	51.61103	52.97098	54.09862	54.19603	54.49738	54.84592	53.48854	50.75542	54.34748	55.47776	55.86072	52.83673	44.22147	52.48248	49.80338	53.13103	51.50707	50.33105	52.45574
27/10/2022 07:35:00	40	44.77658	50.59152	46.80547	40.85173	50.14981	49.97094	44.83661	49.59314	50.4263	52.67924	48.26981	53.89098	48.7325	50.41565	50.4226	51.80958	52.34255	47.59678	48.61832	51.1158	47.23914	50.42984	46.80889	50.97288	50.32423	50.51587	48.78452	48.16005	52.00835	51.96973	51.39639	52.788	52.58712	52.29018	53.18174	50.61512	53.40805	52.55552	47.0408	60.86239	51.29427	50.36624	51.13692	52.67253	53.31133	53.61583	53.83813	51.9743	49.07097	53.45173	54.29293	55.07634	51.89617	43.00305	50.9861	48.42498	52.09073	50.10727	49.16249	51.53762
27/10/2022 09:35:00	42	43.15466	47.71347	43.74743	38.35184	46.68669	46.76992	42.22009	46.58767	48.08671	49.25497	45.30993	50.76238	46.1619	47.38731	47.50692	48.97993	49.33337	44.00232	46.38495	48.08841	45.03162	47.3812	43.77893	48.1518	47.47857	48.00159	45.99998	45.44855	49.25113	49.27173	48.56094	49.38268	49.60828	49.40763	50.99646	47.75881	50.06071	49.98793	44.41656	57.24576	48.69043	47.2783	47.51383	49.82975	50.46805	50.43539	51.06017	48.92607	46.23043	50.64544	51.80884	52.82832	49.13295	40.66207	48.138	45.59121	49.52196	47.52246	46.65076	48.4267
27/10/2022 11:35:00	44	41.4354	44.61579	40.88702	36.03848	43.73343	44.1628	39.67967	43.84011	45.13781	45.93869	42.06682	47.85746	43.73262	44.23907	44.68615	46.71478	46.50268	41.10344	44.29868	44.64143	42.70017	44.46572	40.90456	45.5924	44.85214	45.52839	43.19291	42.64073	46.37744	46.3992	45.80666	45.9393	46.60669	46.8149	48.36525	44.89606	46.88269	47.40568	41.70424	53.57098	45.96943	44.63432	43.69672	46.57531	47.79582	47.41641	48.0999	45.61231	43.18596	47.88792	49.00509	50.11866	46.18987	37.86806	45.23814	43.37382	47.34342	44.46328	44.07754	45.64771
27/10/2022 13:35:00	46	39.79552	42.00115	38.61561	34.10638	41.17573	42.04343	37.73186	41.92404	42.35867	43.707	39.5022	45.23016	41.59553	42.05071	42.44336	43.93541	44.04173	38.85244	42.47423	42.60154	40.83055	41.93752	38.30348	42.63768	42.53347	43.86791	41.28484	40.19869	43.85668	43.89129	43.30079	43.15943	44.06821	44.64919	46.09075	42.11855	44.22598	45.12754	39.58754	50.71675	43.81293	42.36831	40.91547	44.0203	45.84099	45.18039	46.28686	43.21374	40.7543	45.71981	47.01402	48.81044	43.6827	35.82909	42.55732	41.4958	45.44	42.5375	42.29686	43.38348
27/10/2022 15:35:00	48	37.28933	38.83724	35.48002	31.75621	37.98485	38.58648	35.09139	38.50212	39.24733	40.2267	36.38536	41.73216	38.61591	38.84622	39.25817	40.69978	40.98231	35.62817	39.73837	39.55116	37.78677	39.00147	35.48195	39.11045	39.44641	40.50146	38.5971	37.50067	40.84648	40.65674	39.98651	39.52359	40.7199	41.58265	43.32749	38.65293	40.63956	41.73498	36.46518	46.95851	40.35814	39.01674	37.26926	40.62891	42.48055	41.75471	43.37383	40.68287	37.68842	42.86783	43.73703	45.73143	40.54569	33.19936	39.63911	38.81147	42.4091	39.54124	39.57589	40.45588
27/10/2022 17:35:00	50	34.90887	36.07808	33.36849	29.57495	35.07409	36.36209	32.97965	35.78125	36.44183	37.38815	33.9167	38.87214	36.61182	36.70159	36.71474	37.99633	37.83732	33.67754	37.10395	36.94411	35.0667	36.59962	32.94402	36.59104	36.81697	38.35845	35.67607	34.9094	38.49625	37.72438	37.53593	36.65107	37.88335	38.66473	40.64207	35.86876	37.60151	38.96415	33.57919	43.97034	37.48098	36.48573	34.53033	37.99992	39.66056	39.00757	40.72357	37.65196	35.06504	40.16764	41.61118	43.73134	38.26054	31.28697	37.52348	36.72521	40.07112	36.85845	37.16717	38.03863
27/10/2022 19:35:00	52	32.07061	32.85321	30.5968	27.18865	31.69672	33.4221	30.35992	32.54885	33.34924	33.71328	31.01711	35.21671	33.60444	33.6562	33.42534	35.05836	34.73006	30.74188	33.82816	33.68516	32.48805	33.59972	29.85562	33.02238	33.65203	35.63808	32.80107	31.86394	35.21322	34.62512	34.05182	33.39841	34.6373	35.2805	37.37573	32.83809	34.25907	35.21993	30.91413	39.90045	34.41946	33.06707	31.2869	34.69413	35.98501	35.43676	37.25717	34.42958	31.77361	37.12587	38.17637	40.56762	35.09846	28.92508	34.51988	34.11366	37.31077	33.79129	34.78109	34.83953
27/10/2022 21:35:00	54	29.52406	30.04987	28.0229	24.90467	29.13013	30.72137	27.60308	29.78038	30.55693	30.60804	28.16718	31.81504	30.97215	31.15747	30.64947	31.9311	31.91984	28.47575	31.23945	30.96221	29.70548	31.17701	27.52402	30.47837	30.90011	33.0686	30.24639	29.28871	32.17912	31.54599	31.17241	30.51477	32.04251	32.56724	34.42971	29.91746	31.37075	32.10011	28.48639	36.41884	31.57464	30.39832	28.56644	31.58447	33.05516	32.53188	34.13116	31.60393	29.36629	34.38689	35.28754	37.81581	32.39568	26.47072	32.11805	31.69399	34.624	31.04055	32.08094	32.06501
27/10/2022 23:35:00	56	27.09637	27.57897	26.02559	23.2182	27.11934	28.45805	25.40648	27.3651	27.64581	27.89132	25.5657	29.04774	28.68795	28.87686	28.15151	29.07705	29.34641	26.50736	28.96578	28.60403	27.10962	28.79053	25.30954	28.09154	28.40096	31.06263	28.08855	26.94596	29.90302	29.04861	28.69534	28.05303	29.85168	30.28113	31.91224	27.87402	29.12272	29.47871	26.18635	33.50594	29.112	27.84362	26.21237	29.0131	30.18996	29.86675	31.30231	28.89976	27.09084	31.73748	32.81666	35.30852	30.19101	24.27777	29.75841	29.60622	32.33807	28.74674	29.91338	29.54291
28/10/2022 01:35:00	58	24.82151	25.58559	24.20383	21.29146	25.04071	26.30271	23.51394	25.253	25.40992	25.47031	23.5368	26.55126	26.50663	26.96996	25.79174	26.60876	27.06894	24.78748	26.53276	26.6171	25.08342	26.95682	23.3246	26.04968	26.37231	29.08931	26.15981	25.16797	27.74647	26.97654	26.5899	26.24549	27.87288	27.93991	29.38953	25.95487	26.92087	27.18643	24.12765	30.99602	26.71274	25.61059	24.33535	27.12723	27.68746	27.14198	28.98926	26.8231	25.02225	29.24673	30.24057	33.28673	27.91658	22.33036	27.48652	27.50911	30.17017	26.9191	27.78533	27.56987
28/10/2022 03:35:00	60	22.74865	23.49777	22.57945	19.60205	23.02768	24.30428	21.75819	23.40476	23.19339	23.06267	21.79903	24.37852	24.58993	25.32561	24.0439	24.45827	25.20748	23.11953	24.56331	24.67702	23.24607	25.23737	21.69556	24.52662	24.19916	27.28648	24.75741	23.7789	25.99743	25.02856	24.60622	24.46121	25.91333	25.97833	27.10793	24.20203	25.0542	25.322	22.64513	28.97054	24.96186	23.73833	22.71835	25.38724	25.66385	24.99859	27.10219	24.65883	23.12614	27.1837	27.72319	30.92219	26.32887	20.93585	25.61161	25.90534	28.19588	25.248	25.94818	25.72503
28/10/2022 05:35:00	62	20.90485	21.75658	21.25636	18.28254	21.40413	22.44479	20.45191	21.83331	21.40442	21.01608	19.83794	22.34171	22.66283	23.96071	22.39762	22.78953	23.44367	21.75313	22.65024	23.12383	21.67813	23.6493	20.25071	22.41506	22.53365	25.61656	23.40552	22.2087	24.47206	23.67537	23.05155	22.97778	24.1982	24.31848	25.2006	22.69863	23.46437	23.52916	21.18583	26.942	23.42233	22.17634	21.3092	23.77992	23.70191	23.07895	24.93126	23.07314	21.41813	25.36528	25.72553	29.15674	24.83565	19.48616	23.42897	24.87157	26.86178	23.71632	24.6665	23.75003
28/10/2022 07:35:00	64	19.89119	20.64408	20.23297	17.52828	20.53063	21.588	19.51055	20.55197	20.3097	19.77276	18.61326	20.87396	21.76498	23.23348	21.46952	21.66844	22.24046	20.64732	21.76386	22.43437	20.7787	22.90494	19.52833	21.20023	21.39477	24.81471	22.73359	21.39954	23.32384	22.62288	22.08097	22.27289	23.33623	23.35802	23.84253	21.89898	22.40086	22.38652	20.14492	25.7473	22.45525	21.24567	20.5554	23.0036	22.38428	21.76344	23.37549	22.08586	20.36502	24.12285	24.34144	27.96487	23.93542	18.55684	22.4151	23.74966	25.65903	22.74942	23.64767	22.48387
28/10/2022 09:35:00	66	18.04659	18.97256	18.76587	16.30051	18.95423	19.89745	17.84187	18.89519	18.3198	18.10339	16.83147	18.56428	19.98607	21.8271	20.16242	20.13707	20.60293	19.33304	20.41946	20.78634	19.27772	21.26609	18.12298	19.47476	19.80943	23.11865	21.26784	20.03233	21.83429	21.27032	20.54918	21.00969	21.77397	21.70572	21.42959	20.51084	20.96536	21.01719	18.58183	24.03338	20.88367	20.12339	19.2438	21.22117	20.82548	20.1085	21.4676	20.52822	18.78598	22.25476	22.71622	25.4631	22.30785	17.24466	20.81003	21.98794	23.49706	21.17581	22.15557	20.83165
28/10/2022 11:35:00	68	16.7302	17.85068	17.9527	15.25993	17.94567	18.77256	16.79795	18.20613	17.02236	16.80177	15.59127	17.04797	18.9381	20.98226	19.25725	19.18036	19.6157	18.34985	19.70649	19.97376	18.43987	20.28831	17.49638	18.38387	18.29337	22.33828	20.16886	19.20734	20.88433	20.3271	19.89847	20.39575	20.65708	20.3727	20.7697	19.4228	20.05294	20.13787	17.86325	23.09766	20.29651	19.32596	18.45415	20.26493	19.82772	18.70479	19.82948	19.31215	17.96612	20.90051	21.47244	23.79614	21.16044	16.25297	19.70544	20.87438	21.92163	19.19168	21.00553	19.97173
28/10/2022 13:35:00	70	15.96378	17.05599	17.28022	14.52674	17.21016	17.70166	15.90288	16.85566	16.02871	15.83113	14.65122	15.79579	18.24822	20.34772	18.67282	18.50526	18.81652	17.91315	19.16837	19.27964	17.68129	19.40206	16.98331	17.22858	18.04969	21.70668	19.54167	18.28801	20.05554	19.43255	19.03644	19.73016	19.82569	19.08014	19.57897	18.72241	19.30252	19.29761	17.07053	22.0241	19.59612	18.36947	17.71621	19.50088	19.37157	17.49749	19.2164	18.26429	17.16044	19.885	20.68692	22.35555	20.19839	15.02414	18.59389	19.6891	20.72587	18.61855	19.94019	18.62119
28/10/2022 15:35:00	72	14.67243	15.69155	15.98542	13.49178	16.11116	16.37485	14.7227	15.67598	14.7811	14.68419	13.63811	14.20803	16.94197	19.31322	17.70913	17.48792	17.59541	16.87867	18.12733	18.05134	16.82336	18.12301	15.82321	15.84066	16.85892	20.68063	18.38993	17.27583	18.92564	18.26097	18.0708	18.60204	18.43589	17.76334	18.23229	17.81751	18.29468	18.12433	16.07654	20.62394	18.4339	17.11636	16.80087	18.17802	18.10595	16.21129	18.08091	17.32367	16.25871	18.23079	19.20987	20.67352	19.04259	14.03578	17.32781	18.69999	19.31882	17.41586	18.67024	17.47067
