Vessel Name: 16042020_InCu_KaKr_KK1-58_P6_1
Metric: GFP Integrated Intensity / RFP Integrated Intensity
Cell Type: 
Passage: 0
Notes: 
Analysis: KaKr-A549-H2B-GFP/-RFP_DEFv10

Date Time	Elapsed	AC005013.1	ACO1	ADAM12	ADAMDEC1	ADAR	ADORA3	AIM2	AKAP2	ALOX5AP	ANKRD22	APOBEC3A	APOBEC3G	APOL1	APOL2	APOL3	APOL4	APOL6	ARAP1	ARL9	ASGR1	ATF3	ATF7IP	ATXN1	BATF	BATF2	BRD3	C19orf66	C6orf100	C9orf91	CAPN15	CASP1	CBFA2T3	CCL13	CCL2	CCL24	CCL7	CCL8	CCNA1	CCR1	CCR2	CD180	CD274	CD38	CD69	CD80	CEACAM1	CFB	CFHR1	CH25H	CHST2	CLEC5A	CLECL1	CMKLR1	CMPK2	CNP	CTAGE1	CX3CR1	CXCL10	CXCL11	CXCL3	CXCL9	CYP2J2	DCT	DDX58	DDX60	DDX60L	DEFB1	DHX58	DOK1	DOK2	DOK3	DTX3L	DUSP7	EMP1	EMR3	ENG	ENPP2	EPHB2	EPSTI1	ETV7	EVI2A	Mx2	STAT1	MAVS	BST2	EIF2AK2	RSAD2	NTC1	NTC2	NTC3	NTC4	NTC5
16.04.2020 18:25:00	0	0.01138365	0.007369075	0.009603926	0.01095591	0.01157014	0.01223396	0.01212518	0.01343709	0.008071645	0.009065409	0.0168338	0.01246525	0.008376801	0.009193889	0.01001545	0.009235702	0.01183475	0.01112668	0.0114859	0.01417781	0.009898159	0.008941942	0.008515776	0.01154883	0.009035829	0.009484866	0.0116229	0.009876968	0.01288366	0.008048161	0.0111149	0.008860863	0.01047511	0.007356105	0.01054083	0.02372304	0.007687211	0.006863809	0.008912898	0.01582083	0.007192893	0.009557429	0.00839296	0.01046925	0.009341222	0.02277181	0.01053656	0.006563047	0.009420432	0.01713542	0.007443937	0.009422975	0.009222106	0.006826341	0.008084862	0.006949564	0.006849448	0.00868828	0.004458113	0.009312608	0.006220831	0.007127466	0.00658321	0.009326372	0.004790963	0.006521978	0.006190369	0.005903067	0.01078584	0.01247234	0.01210623	0.01040338	0.009468501	0.01092017	0.01064896	0.008025794	0.008091947	0.008400528	0.007255677	0.0128405	0.01163169	0.01340764	0.0126686	0.01519444	0.01632542	0.01234979	0.01098898	0.007417979	0.008787053	0.007745572	0.008155824	0.007134092
16.04.2020 21:25:00	3	0.008587065	0.005904183	0.008184269	0.009450668	0.009781549	0.01088164	0.01035432	0.01186708	0.006616129	0.007549489	0.01476889	0.009428405	0.007215282	0.007782812	0.008459813	0.007781515	0.009823512	0.009516794	0.009625007	0.01067599	0.00811555	0.00739022	0.00692541	0.008836663	0.007399949	0.007444865	0.009387451	0.008073712	0.01034969	0.006090439	0.00774502	0.006985839	0.008222684	0.006281013	0.008642652	0.02163919	0.006174697	0.005004961	0.00707674	0.01109154	0.005912791	0.007016577	0.006745857	0.007170155	0.007531976	0.01719442	0.007646425	0.005277755	0.006807693	0.0125736	0.006094894	0.00759209	0.00786736	0.005519359	0.006588781	0.00556241	0.005456401	0.007237475	0.003723959	0.006154092	0.004918775	0.00581979	0.004916754	0.008042607	0.003675947	0.005013298	0.005334375	0.004472498	0.008970333	0.01055515	0.009662297	0.008408322	0.00790554	0.008630545	0.009143449	0.006695132	0.006398197	0.006640449	0.005385884	0.01023291	0.009516173	0.01201862	0.01067714	0.01266845	0.01351988	0.01081632	0.009011744	0.006228745	0.007996335	0.006327947	0.006975465	0.006016238
17.04.2020 00:25:00	6	0.008372263	0.005436428	0.007732998	0.008217538	0.008911727	0.00991783	0.01059625	0.0111963	0.006928425	0.007194203	0.01436501	0.008374053	0.006856428	0.006777405	0.008180167	0.00668562	0.00885051	0.008730078	0.009523021	0.0097959	0.007558474	0.006477859	0.006548118	0.008138407	0.007544208	0.007225984	0.008765899	0.007413083	0.009291393	0.006764024	0.00698071	0.006725249	0.007578688	0.005369281	0.008042982	0.02007035	0.005930288	0.005175946	0.006517334	0.01006966	0.005698598	0.006842868	0.00681167	0.006305046	0.007203039	0.01515162	0.007309141	0.004862076	0.006913336	0.01000282	0.00565395	0.00769415	0.007503745	0.006586216	0.006394347	0.005242873	0.005315392	0.007126329	0.003414922	0.005262579	0.005147289	0.005410405	0.004922048	0.007453259	0.004478887	0.005075171	0.004849744	0.004545172	0.008923912	0.009927874	0.009100107	0.008193053	0.007380474	0.008666274	0.008595698	0.006285966	0.005857743	0.005992926	0.004792876	0.008961897	0.00972815	0.01087161	0.0103775	0.01150609	0.01331685	0.01017367	0.008152411	0.005958225	0.007586821	0.005786196	0.00704253	0.005847748
17.04.2020 03:25:00	9	0.007833998	0.01058574	0.009856887	0.01124509	0.01039603	0.01085929	0.04086611	0.01291873	0.01496707	0.01407614	0.01629434	0.009568748	0.01093913	0.006001181	0.01254343	0.00653432	0.01086658	0.00841822	0.01132727	0.01291396	0.01271862	0.007291825	0.009279455	0.009417787	0.01547411	0.009694464	0.01186056	0.008129242	0.009683973	0.01494591	0.01598133	0.01172212	0.01069549	0.01023584	0.01533923	0.02195588	0.00921864	0.01078429	0.006308179	0.01079553	0.006710417	0.0196728	0.01151086	0.008018777	0.01279271	0.01866373	0.009683933	0.007508529	0.01585028	0.00983421	0.00727847	0.01256654	0.01041049	0.01413959	0.009483728	0.00507681	0.009280439	0.01510114	0.01103737	0.008425848	0.01141306	0.01161243	0.01109196	0.008312821	0.0151481	0.008865189	0.007416143	0.01045861	0.0147076	0.01272332	0.01049649	0.01552003	0.01153875	0.01341635	0.009178721	0.01091354	0.008029194	0.007698099	0.005740586	0.01159235	0.01661173	0.01580664	0.01269681	0.0113766	0.01588258	0.01008825	0.008702879	0.01093417	0.009047433	0.005788419	0.01623984	0.01539158
17.04.2020 06:25:00	12	0.0195897	0.06147308	0.03633964	0.03949502	0.04124674	0.02850356	0.4589288	0.03440744	0.133513	0.1024483	0.03432247	0.0706388	0.04323076	0.007283986	0.1042511	0.01510958	0.03216084	0.01232821	0.03916151	0.05612715	0.05411401	0.01693979	0.03986534	0.06675366	0.1085467	0.07306871	0.04149825	0.0195772	0.01582473	0.1151864	0.1686555	0.05685054	0.05091356	0.08282322	0.105633	0.09056311	0.04422981	0.0639	0.01358885	0.0345937	0.01823821	0.2745681	0.1517057	0.04581579	0.07257611	0.09458736	0.04049008	0.03031995	0.1743961	0.08975023	0.05895462	0.07346246	0.06849862	0.1358108	0.04261688	0.03211023	0.1074397	0.139968	0.1604517	0.1318084	0.1669302	0.1319519	0.08836342	0.02371913	0.154753	0.06623634	0.04834644	0.09172443	0.09894861	0.04248868	0.03297227	0.2308326	0.05301825	0.09096415	0.03098406	0.07926647	0.04850021	0.03458952	0.03316092	0.05918351	0.1522269	0.07165992	0.07636774	0.01284388	0.132675	0.01839757	0.02091893	0.07420029	0.03526856	0.01401371	0.2591909	0.130986
17.04.2020 09:25:00	15	0.1231496	0.59476	0.2964126	0.4934697	0.4160283	0.2503856	2.413602	0.4174012	0.6634772	1.133863	0.3314472	0.9969233	0.2710666	0.02847779	0.9301306	0.128546	0.279804	0.07562386	0.4407354	0.4694094	0.8466448	0.3460576	0.9360273	0.7394259	1.158669	0.8544128	0.3887064	0.2670186	0.1550317	0.822276	0.9273405	0.5021899	0.3808725	1.043699	1.214536	0.8301033	0.4881599	0.4334001	0.1454174	0.3299907	0.1457154	1.775458	1.166726	0.3815863	0.611755	0.9031389	0.6117886	0.3331044	1.180397	1.115041	0.8055656	0.4340449	0.8760227	0.6920513	0.4606838	0.3266535	1.03294	1.414261	1.568267	0.757804	1.715479	1.08981	0.6207904	0.2356695	1.218462	0.391055	0.2871952	0.5414855	0.4576365	0.2007739	0.3571395	2.020382	0.4638627	0.4225843	0.1397736	0.9459584	0.3258525	0.4965849	0.1310257	0.4391533	0.8975027	0.8806843	0.5452455	0.04345169	0.8317971	0.1138335	0.2903385	1.378922	0.3612314	0.07505995	1.682249	1.38807
17.04.2020 12:25:00	18	0.9926765	3.522275	1.669586	3.407683	2.473316	1.203904	6.594259	3.200619	2.090636	4.592319	2.059427	4.643899	1.373126	0.4251263	3.294534	0.879293	1.628888	0.7662687	2.269493	2.11399	4.066944	2.033654	5.599308	3.143072	5.263975	3.9083	2.018923	2.392709	0.8092573	3.845907	2.908322	2.088531	2.032278	3.674359	5.208488	4.35115	3.011338	2.110004	1.263471	1.368043	1.168637	5.983099	4.22452	1.583266	2.499908	4.330889	2.841383	1.477912	4.255488	4.487288	3.824912	1.703527	3.751747	2.924957	2.341122	1.483632	3.868921	5.907976	5.682638	2.715415	6.784305	3.507027	2.489136	1.29087	4.691305	1.339284	1.241058	1.462336	1.393836	0.9576376	2.130088	6.615125	1.814894	1.916328	0.4436085	4.781952	1.651837	2.40878	0.5190272	1.990791	3.437395	4.050592	2.249856	0.5339907	2.93448	1.037183	1.431582	6.640257	2.163926	0.6822076	5.463799	5.399746
17.04.2020 15:25:00	21	4.305966	9.857965	5.29861	9.734128	7.501625	3.772196	13.33127	9.094834	5.763717	10.6486	6.551795	10.92604	4.89711	2.999297	7.614574	3.416583	5.511972	3.448408	7.890915	6.236772	9.645649	5.964493	13.33867	7.903305	12.50806	9.326964	5.751402	8.049462	3.198083	10.18155	7.365223	5.496146	6.666053	8.607862	11.37103	11.39151	8.996482	6.427001	5.986538	3.431625	5.317112	13.26013	10.31254	3.806974	7.149906	10.25758	6.775411	4.197361	9.406711	10.05314	9.243103	4.695723	9.017236	8.836309	6.53985	4.575733	9.296327	13.38433	12.11069	7.411496	13.82533	6.410282	6.157525	4.620663	11.65986	4.799873	4.113386	3.420175	3.601583	4.01016	6.482167	13.12563	4.531993	5.802062	1.363709	11.86397	5.5579	6.106695	2.632165	6.058356	8.966539	10.38828	6.421339	4.404056	8.74731	4.696585	4.433388	14.68837	8.187219	3.422745	13.05852	12.48185
17.04.2020 18:25:00	24	9.982051	18.19789	11.75039	17.54961	14.73765	8.616411	20.90361	17.04642	12.08269	17.84729	12.81572	17.9868	11.19398	9.118843	13.52949	9.21523	11.84073	9.331375	16.21796	13.20108	16.20546	12.84422	22.29894	14.4411	20.58247	16.44748	11.2949	16.55589	9.225784	17.68818	13.78459	11.84286	13.19484	15.70525	17.87413	19.5043	16.5201	13.18976	13.35363	7.56222	12.05428	21.22808	18.16895	7.919878	14.14122	17.32757	12.72196	9.311305	15.33967	16.27603	16.28265	10.5939	16.20785	16.10912	12.88708	10.10617	16.50669	21.62677	19.92637	14.56196	21.29595	9.294821	12.25343	11.75387	20.47515	11.50091	9.930189	8.101043	8.19506	9.586098	12.91702	19.96345	9.439068	12.24747	4.727293	20.84472	12.07797	11.55669	7.505991	12.38751	16.0484	17.99261	13.19331	12.40953	16.46288	13.10393	11.48265	24.11947	17.07143	9.863129	22.30243	21.68134
17.04.2020 21:25:00	27	16.49014	26.36478	19.82647	24.82502	22.40459	14.63038	27.02525	24.89911	19.36569	24.03703	19.4899	23.33011	18.95404	16.94636	19.40126	16.90613	18.892	16.88881	25.14564	21.1866	22.04614	20.36567	29.23075	21.13437	26.81085	23.13299	17.10467	24.81928	17.09026	24.5137	20.70425	19.26099	19.70323	22.21045	23.12302	25.69504	23.434	20.85142	21.39735	13.31555	19.32853	27.90083	25.1661	13.51735	21.39156	23.62497	19.18556	15.70522	20.29638	21.51408	22.23618	17.82898	22.85798	23.28478	19.16939	16.33259	23.03064	27.82235	26.00945	21.53866	26.19794	11.76156	18.95449	20.75212	28.05945	19.57789	17.57902	14.56891	13.81625	16.5708	19.55588	24.72285	15.63559	19.40984	10.84536	27.66767	19.36352	17.62218	13.80858	19.20747	22.54134	24.73266	20.79092	21.49685	22.99067	23.62955	20.1384	31.39	26.49038	18.28461	30.06753	29.53502
18.04.2020 00:25:00	30	21.64107	31.73911	27.01293	29.24741	28.36718	20.41612	30.52186	30.31312	26.27001	27.55442	24.84137	25.13842	25.61058	24.2117	23.52717	24.29804	24.57644	23.93491	30.44595	26.97534	25.44506	26.27049	31.78232	25.80979	28.73958	26.97131	21.61393	30.44673	24.83283	28.06572	26.33062	25.51385	24.36274	25.88113	25.12789	27.56901	27.12706	26.72537	26.8063	18.77356	23.93785	30.91505	28.54808	18.91997	25.37179	26.72028	23.61377	21.65191	23.18102	24.33095	25.34227	24.71561	26.95989	27.16662	23.51579	20.88564	26.84532	29.62415	29.0415	26.33706	26.90775	13.36747	24.31572	28.15495	31.24297	26.19265	24.92593	20.70495	18.69013	22.83948	23.9507	26.55538	21.18	24.9176	18.12924	29.99864	24.4277	22.18932	19.61438	23.70702	26.37299	28.73593	27.00517	28.51529	25.64332	31.5907	27.41892	34.12804	31.83327	26.89745	33.23101	34.49323
18.04.2020 03:25:00	33	24.13214	33.13926	31.32129	29.78076	30.38525	24.29665	30.82201	32.13073	30.2783	28.15387	27.09263	24.27371	28.70114	28.28391	25.39585	28.36149	27.19036	27.46494	31.2979	29.69174	25.8719	28.7209	30.79696	27.12623	27.76137	27.64327	23.66445	31.85768	28.61292	28.28213	29.11649	28.28016	25.45117	25.97888	24.64674	26.65839	27.36208	28.80849	28.03101	22.36269	24.57563	30.40911	29.30664	23.24353	25.4781	26.84772	25.51687	24.83568	24.12183	24.50551	25.48733	28.26401	27.64979	27.29175	25.33367	22.44296	27.43379	29.05153	29.64035	27.67079	25.6771	13.82854	26.07568	31.21946	30.03904	28.34269	28.47271	24.73907	21.49153	26.40763	24.89287	26.20605	23.94098	27.36673	23.66667	28.50797	25.41896	23.88147	22.12504	25.17775	26.70449	29.92686	30.61822	31.58738	25.05861	33.76437	30.67337	33.77325	32.09326	32.19387	32.40178	35.60465
18.04.2020 06:25:00	36	23.73528	32.13318	31.92672	28.29828	29.6148	25.29781	28.80368	30.98757	31.12778	27.01915	26.94148	22.32083	28.62461	28.16802	25.2158	28.5557	27.33591	27.82792	29.5763	28.82847	24.91911	27.88924	28.30165	26.28792	25.40598	26.2073	23.36307	30.08886	28.81297	26.48781	28.5748	27.37308	24.5015	23.81065	22.5154	24.80453	25.62547	27.49845	26.13051	23.2567	23.07787	28.38279	27.34222	25.14319	23.47657	25.31559	24.95403	24.44755	23.83624	23.42661	23.89574	28.04365	26.23366	25.4893	25.16639	21.59916	25.39594	26.59499	28.32824	26.33168	23.54049	13.30248	25.03848	30.73975	27.49141	26.98138	27.86405	25.46725	21.47495	26.94983	23.5223	24.22989	23.0755	27.33762	25.57288	25.70861	24.15639	23.11652	21.20256	23.63661	24.67659	29.03664	31.08741	32.21589	23.64136	32.59907	29.98714	31.96342	30.28149	32.52357	30.12242	34.29087
18.04.2020 09:25:00	39	22.26667	29.56532	29.8217	25.71783	27.61108	24.40081	26.30408	28.53061	29.3284	24.92058	25.12962	19.97544	26.67673	26.08965	23.61865	26.39084	25.68764	26.26502	27.01565	26.80692	23.20702	25.5467	25.84407	24.12973	22.971	24.007	21.78374	27.50191	26.85869	24.23315	26.86069	24.88162	22.74037	21.48215	20.34807	22.26713	22.87659	25.04919	23.58109	22.22813	21.33099	25.96576	24.89034	24.85249	21.39366	23.10886	22.50704	22.65889	22.4351	21.95407	21.62796	25.96558	24.05621	22.87707	23.25396	19.49958	23.13873	24.03534	26.45237	24.26692	21.38512	12.46016	22.50504	28.31763	24.79183	23.65899	25.28472	23.82664	20.10488	24.92674	21.10514	22.19104	20.86739	25.46865	24.21089	22.94071	21.84711	21.12436	18.99174	21.04893	21.94822	27.64467	29.52107	31.15886	21.45179	29.9232	27.60365	29.68559	28.16743	31.06321	28.23531	31.9996
18.04.2020 12:25:00	42	20.19486	26.75542	26.61467	22.72935	25.15454	22.60011	23.96604	26.03478	26.56537	22.84486	22.99311	18.07332	23.87353	23.42631	21.66568	23.6238	23.2884	24.1069	24.55639	23.94292	21.36625	23.01787	23.48	21.63198	20.55067	21.41827	19.77547	24.544	24.24966	21.8537	24.53905	22.05465	21.05588	19.37178	18.2329	20.26762	20.45631	22.38206	21.07223	20.45172	19.52398	23.37892	22.44751	23.50793	19.10137	21.23522	19.9902	20.4077	20.95345	20.36532	19.59589	23.00966	21.6086	20.44493	20.97618	17.60415	20.60456	21.8954	24.60176	21.9034	19.40088	11.68053	20.34667	25.40574	22.4487	20.94221	22.60299	21.52731	18.08131	22.35921	19.07201	20.05963	18.35323	22.90064	21.63854	20.63523	19.70941	18.83859	16.85237	18.3396	19.82355	25.83015	27.73406	29.25884	19.392	27.67487	24.80706	27.63021	26.15021	28.98844	26.4584	29.4579
18.04.2020 15:25:00	45	18.42475	24.51045	23.96454	20.92618	22.91375	20.72355	22.29082	23.92827	24.21351	21.30446	21.31003	16.45213	21.72131	21.36909	20.15893	21.6821	21.51288	22.12752	22.9056	22.09052	19.98267	21.07926	21.60618	19.87125	18.97121	19.52283	18.40186	22.233	22.1518	20.05189	22.92822	19.78717	19.18201	17.73587	16.86591	18.80191	18.72937	20.27095	19.13331	18.77508	18.123	21.6142	20.72484	22.16394	17.33541	19.44027	18.24509	18.54063	19.72438	19.10406	18.00331	21.10245	19.86199	18.6197	19.39284	16.13114	18.72965	20.17372	23.16732	20.0848	18.06113	11.17942	18.53183	23.26587	20.92025	18.91734	20.14393	19.79185	16.35659	20.04906	17.41539	18.6577	16.61376	21.12386	19.43131	18.969	18.0742	17.36527	15.31908	16.70646	18.03538	24.46608	26.21169	27.43087	18.05945	25.65841	22.58947	26.27103	24.77434	26.96098	24.97367	28.09709
18.04.2020 18:25:00	48	16.30959	22.03009	20.94073	18.73387	20.13225	18.87534	20.09399	21.54647	21.65619	18.8569	19.13763	14.84571	19.71313	19.21508	18.13608	19.10975	19.22258	20.08825	20.77433	19.72104	18.12219	18.84146	19.3695	17.64278	16.9179	17.31698	16.58938	19.85764	19.55428	17.73283	20.8265	17.40594	17.35625	16.0128	15.12197	17.28712	16.91942	17.95697	17.06701	17.26291	16.47597	19.53168	18.65421	20.09418	15.69006	17.42188	16.35515	16.45462	17.67782	17.4329	16.28297	18.76376	17.72248	16.64118	17.36448	14.25341	16.75015	18.20828	21.31639	17.85546	16.28287	10.1428	16.749	20.64473	18.81006	16.77224	17.663	17.5173	14.47727	17.68664	15.52004	16.73852	14.7982	19.00886	17.07405	17.21896	16.23461	15.49377	13.42791	14.65942	16.144	22.70466	23.92301	24.8627	16.16811	23.5228	19.94645	24.24474	23.04616	24.66898	23.23506	25.79178
18.04.2020 21:25:00	51	14.64982	20.12557	18.88144	17.09203	18.31326	17.2858	18.4212	19.9261	19.90342	17.31244	17.51528	13.5424	17.9812	17.44923	16.44595	17.2369	17.216	18.46475	19.08047	18.10893	16.59817	16.8855	17.60182	15.80934	15.4466	15.85012	15.21998	17.96084	17.62432	16.05627	19.213	15.4747	15.90934	14.6873	13.85102	15.90553	15.28217	16.11276	15.57063	15.82072	15.25294	17.89112	17.0664	18.36344	14.16836	15.77067	14.8335	14.88295	15.94794	15.95328	14.6198	16.80875	16.43007	15.17497	15.8182	12.9937	15.18068	16.68983	19.8197	16.24894	15.05993	9.345181	15.40503	18.43811	17.30754	15.23912	15.76269	15.73737	13.12678	15.98157	14.01019	15.28922	13.41825	17.36714	15.10524	15.71998	14.84164	13.99845	12.2022	13.26517	14.79782	21.1396	21.92133	22.86149	14.753	22.14357	18.12347	22.38666	21.55067	22.92989	21.75916	23.99409
19.04.2020 00:25:00	54	13.3303	18.36953	16.95526	15.51147	16.64088	15.70703	16.84577	18.34196	18.10207	15.93559	16.11019	12.44569	16.52523	16.02774	15.03181	15.73363	15.79069	16.98235	17.59257	16.68211	15.34464	15.3273	16.07603	14.38766	14.47654	14.1004	13.89336	16.36652	15.91266	14.5617	17.77372	13.82699	14.76856	13.16085	12.7581	14.50184	13.98447	14.64969	14.20206	14.56963	14.00765	16.51239	15.53861	16.80228	12.96491	14.32769	13.68484	13.52774	14.72065	14.66331	13.25848	15.14785	15.20252	13.86484	14.19598	11.89686	13.80095	15.51055	18.49624	14.80334	13.96676	8.843219	14.15795	16.577	15.74048	13.99964	13.99028	14.22148	11.8512	14.43371	12.63949	14.04507	12.37089	15.9728	13.63549	14.43404	13.67935	12.73223	11.17519	12.20961	13.43279	19.65544	20.25688	21.20646	13.4841	20.53972	16.63101	20.97274	19.9503	21.19063	20.24037	22.35077
19.04.2020 03:25:00	57	12.24518	16.82661	15.11897	14.08821	15.21973	14.3141	15.50504	16.53934	16.45259	14.4839	14.61779	11.55538	15.40463	14.60574	13.84446	14.41033	14.33882	15.53959	16.02935	15.17515	14.11629	14.11901	14.80186	13.18782	13.25204	12.73307	12.75061	14.88945	14.57882	13.24758	16.40855	12.7228	13.57919	12.11054	11.79881	13.60928	12.86976	13.41199	12.84603	13.50936	12.84646	15.40253	14.26465	15.34425	12.01585	13.03022	12.56973	12.39314	13.23697	13.48026	12.19177	13.79142	14.03438	12.51605	12.87957	10.99331	12.7479	14.30677	17.26064	13.66686	12.83431	8.172312	12.86588	15.04083	14.73065	12.99184	12.54747	12.72865	10.84138	12.96449	11.34397	13.06262	11.36912	14.75985	12.59272	13.31878	12.54674	11.69617	10.20208	11.0912	12.42045	18.07664	19.03487	19.58003	12.27363	19.13565	15.34083	19.49805	18.53189	19.80875	18.91199	20.86642
19.04.2020 06:25:00	60	11.20846	15.55772	13.74354	12.76819	14.18952	13.12554	14.08204	14.80679	15.167	13.39246	13.32999	10.69479	14.06131	13.39791	12.70052	13.09322	13.1994	14.43395	14.66205	13.99469	12.97683	12.73511	13.57001	11.95041	12.33791	11.60496	11.65255	13.76243	13.37881	12.25412	15.21098	11.73837	12.60027	11.08543	10.78885	12.53563	11.91603	12.36892	12.01987	12.55923	11.84869	14.35145	13.28595	14.16211	11.13688	12.11555	11.46201	11.49616	11.74704	12.39952	11.22699	12.57621	13.09408	11.41779	11.76285	10.29688	11.68486	13.11992	16.14121	12.82211	12.06659	7.695055	11.927	13.83027	13.79209	12.00384	11.47083	11.45761	9.926852	11.61511	10.42258	12.18764	10.59181	13.72174	11.66216	12.51333	11.79819	10.94373	9.236573	10.19275	11.26941	16.67268	17.41615	18.01237	11.41168	17.95165	14.24414	17.93487	17.16412	18.57137	17.4669	19.10537
19.04.2020 09:25:00	63	10.09517	14.30096	12.3609	11.76239	13.11649	12.14279	13.01377	13.43359	13.74354	12.33092	12.12122	9.918232	13.03499	12.23269	11.80299	11.89416	11.94756	13.51106	13.59186	12.91963	12.04821	11.73486	12.55359	11.02471	11.4884	10.49255	10.72775	12.81781	12.39966	11.40478	14.25245	10.85684	11.77351	10.20692	9.896897	11.55715	10.99451	11.35464	11.17735	11.74458	10.97897	13.46708	12.45495	13.18557	10.42031	11.01067	10.50192	10.63586	10.64761	11.54492	10.48038	11.64798	12.34478	10.52958	10.91664	9.641679	10.68214	12.00543	15.02213	11.89328	11.33315	7.325581	11.04205	12.96287	13.10772	11.15331	10.58436	10.4327	9.025847	10.65324	9.477215	11.36925	9.932794	12.65722	10.6151	11.75107	11.15465	10.16963	8.421717	9.309016	10.39444	15.67053	16.35653	16.81687	10.5373	16.94503	13.05004	16.58674	15.82526	17.5727	16.36898	17.72561
19.04.2020 12:25:00	66	9.302932	13.15408	11.30825	10.89064	12.19688	11.23438	12.01367	12.13013	12.54582	11.32815	10.95164	9.059468	12.14632	11.60998	10.81335	11.07029	11.06404	12.64327	12.78682	12.0469	11.30581	10.75597	11.78828	10.22733	10.65959	9.575346	10.05873	11.98107	11.45183	10.5471	13.08387	10.0613	10.87039	9.485045	9.206411	10.80153	10.39348	10.4452	10.43696	10.94492	10.15845	12.65344	11.80225	12.11362	9.741156	9.977614	9.826251	9.880509	9.642923	10.77067	9.761682	10.94643	11.61142	9.738847	9.893175	8.882435	9.990408	11.20637	14.05183	11.0273	10.51101	6.935611	10.23621	12.15313	12.48034	10.43485	9.784953	9.485266	8.380077	9.737439	8.744679	10.56398	9.239409	11.79565	9.936789	10.96342	10.42348	9.478889	7.841586	8.635035	9.651379	14.33407	15.24418	15.38883	9.763008	15.62905	12.32079	15.46936	14.80738	16.47885	14.99114	16.53372
19.04.2020 15:25:00	69	8.555193	12.17083	10.31016	10.00337	11.4228	10.33858	11.14352	11.03781	11.47346	10.25884	9.878973	8.373743	11.4356	10.70464	9.980688	10.13544	10.21922	11.80651	11.75134	11.37143	10.56865	9.957071	10.99643	9.27844	10.05394	8.953159	9.419546	11.11841	10.61776	9.888636	12.28688	9.317889	10.09001	8.712316	8.633466	10.15292	9.697159	9.904424	9.848136	10.21144	9.366626	11.673	11.11856	11.20745	9.070495	9.214691	9.112996	9.217925	8.842978	9.917272	9.0802	10.20475	10.91869	9.08724	9.190815	8.278129	9.447073	10.4745	12.99796	10.46293	9.832297	6.569559	9.470839	11.42617	11.89149	9.828974	9.137063	8.937228	7.78673	8.929263	8.099446	9.691558	8.761475	10.8146	9.321253	10.16693	9.772064	8.935862	7.243108	8.014778	8.942575	13.22411	14.181	14.06429	8.986461	14.48159	11.48003	14.14571	13.87877	15.07567	13.91687	15.55962
