Vessel Name: 19042020_InCu_KaKr_KK1-59_P6_2
Metric: GFP Integrated Intensity / RFP Integrated Intensity
Cell Type: 
Passage: 0
Notes: 
Analysis: KaKr-A549-H2B-GFP/-RFP_DEFv10

Date Time	Elapsed	AC005013.1	ACO1	ADAM12	ADAMDEC1	ADAR	ADORA3	AIM2	AKAP2	ALOX5AP	ANKRD22	APOBEC3A	APOBEC3G	APOL1	APOL2	APOL3	APOL4	APOL6	ARAP1	ARL9	ASGR1	ATF3	ATF7IP	ATXN1	BATF	BATF2	BRD3	C19orf66	C6orf100	C9orf91	CAPN15	CASP1	CBFA2T3	CCL13	CCL2	CCL24	CCL7	CCL8	CCNA1	CCR1	CCR2	CD180	CD274	CD38	CD69	CD80	CEACAM1	CFB	CFHR1	CH25H	CHST2	CLEC5A	CLECL1	CMKLR1	CMPK2	CNP	CTAGE1	CX3CR1	CXCL10	CXCL11	CXCL3	CXCL9	CYP2J2	DCT	DDX58	DDX60	DDX60L	DEFB1	DHX58	DOK1	DOK2	DOK3	DTX3L	DUSP7	EMP1	EMR3	ENG	ENPP2	EPHB2	EPSTI1	ETV7	EVI2A	STAT1	MAVS	BST2	EIF2AK2	RSAD2	NTC1	NTC2	NTC3	NTC4	NTC5
19.04.2020 18:22:00	0	0.01220137	0.00637311	0.01582679	0.01042196	0.009566513	0.006077036	0.03221266	0.01002207	0.006322798	0.005029934	0.005648051	0.01304082	0.008465968	0.006024291	0.01086669	0.006215991	0.01192322	0.008785906	0.01417374	0.02502748	0.007568949	0.006879403	0.007205068	0.00797643	0.01020705	0.01210406	0.01105106	0.00963295	0.0125685	0.008099698	0.007972572	0.009001131	0.01935698	0.006015665	0.03776024	0.01035777	0.0164201	0.007801893	0.00603905	0.01096746	0.0091241	0.006968915	0.02684114	0.005081007	0.0357027	0.009940044	0.0157873	0.01665147	0.009166229	0.006996831	0.006681628	0.008323633	0.007714914	0.008831951	0.01342451	0.01238383	0.005317981	0.007104179	0.009245494	0.006218259	0.01873872	0.004764828	0.004907736	0.008396709	0.005215628	0.02262555	0.006642761	0.006611665	0.01528162	0.03349127	0.0106424	0.007296522	0.008135744	0.007381962	0.008129576	0.007726972	0.005840128	0.01218647	0.006258884	0.009767001	0.00934795	0.007161741	0.012016	0.01769413	0.007181913	0.008222119	0.004548064	0.005775855	0.005557318	0.005868759	0.004888395
19.04.2020 21:22:00	3	0.009334552	0.005095249	0.009921851	0.008630347	0.007019937	0.004721276	0.02218778	0.00895941	0.005177725	0.003837582	0.005229387	0.01132186	0.006303651	0.005068647	0.009777267	0.00511268	0.0101479	0.007209772	0.01238633	0.01648594	0.006336503	0.006301983	0.006091894	0.00671841	0.007532904	0.009190732	0.008707151	0.006608929	0.0104565	0.006817382	0.006247411	0.007116615	0.01664806	0.005313311	0.00839094	0.008926963	0.007647827	0.006301837	0.004852466	0.009530638	0.007672504	0.006303993	0.01962941	0.004593997	0.02705415	0.00832995	0.01320717	0.01080745	0.007476774	0.005740644	0.005611359	0.006971164	0.006561845	0.007722231	0.01094481	0.01100864	0.004378604	0.005604881	0.008025682	0.004796757	0.01012545	0.003851806	0.003995992	0.007038984	0.004508812	0.02081922	0.005388777	0.005222391	0.01075894	0.07875469	0.009123432	0.005658975	0.006275915	0.006156254	0.007342903	0.006529109	0.004788144	0.0110882	0.005099607	0.007837244	0.007164945	0.006566502	0.01042856	0.01584064	0.005931527	0.007049968	0.003834917	0.004777242	0.005060175	0.005333738	0.004000001
20.04.2020 00:22:00	6	0.00747661	0.005865384	0.007574105	0.009198827	0.006356086	0.0046188	0.01555335	0.009654526	0.004585145	0.003771039	0.005152842	0.01100624	0.005814373	0.00469155	0.008302671	0.005190941	0.009735421	0.00649201	0.01132871	0.01213722	0.006884042	0.005225501	0.006864578	0.005250702	0.007419838	0.008035747	0.007297227	0.006440743	0.009336211	0.007062424	0.006090325	0.006417417	0.01542027	0.004789114	0.007049273	0.007624294	0.00721836	0.005395325	0.004911146	0.009292439	0.006883618	0.004952232	0.01560907	0.004168699	0.02446532	0.007708138	0.01186044	0.007836641	0.007201567	0.005202786	0.005545537	0.006443657	0.006388359	0.006972809	0.009402244	0.01067354	0.003292281	0.007060741	0.006904678	0.004560082	0.004560136	0.004702059	0.002932725	0.006572449	0.004259684	0.01910079	0.004824238	0.005218364	0.009971433	0.1358085	0.008214796	0.004974415	0.005941752	0.005508868	0.006661491	0.005546699	0.005504258	0.006862237	0.006417848	0.006533252	0.007136341	0.006847362	0.009749221	0.01464017	0.006292967	0.006491115	0.003571173	0.004316082	0.004700295	0.005070563	0.004397738
20.04.2020 03:22:00	9	0.008319947	0.02360517	0.01254579	0.0205956	0.008315915	0.006177834	0.01326068	0.01691337	0.006169577	0.008519121	0.0101376	0.02994817	0.00586273	0.009581882	0.007669473	0.01342477	0.02084367	0.007225306	0.01444757	0.01596279	0.02021396	0.007756396	0.01135287	0.0114176	0.01449168	0.007901072	0.01246906	0.007440069	0.009922443	0.02256111	0.01351996	0.007824813	0.02222968	0.009586978	0.009302584	0.009041659	0.006465584	0.009866606	0.007249588	0.01411045	0.008328987	0.005294971	0.02206166	0.01043023	0.02271321	0.007500625	0.01069805	0.009165984	0.008302225	0.00628089	0.01290573	0.00796091	0.01389621	0.00726754	0.01503034	0.01760974	0.003595647	0.03087318	0.01134798	0.01057197	0.009638734	0.01501481	0.004822805	0.009505573	0.00472185	0.01841674	0.006907857	0.01226026	0.01006122	0.1945392	0.009655748	0.004709235	0.006137775	0.008988735	0.007744257	0.005694774	0.01748645	0.009484339	0.01794798	0.006659188	0.01751694	0.02425194	0.01280887	0.01350454	0.01129733	0.00720869	0.005843381	0.00604714	0.008538244	0.008622298	0.0134115
20.04.2020 06:22:00	12	0.01619339	0.2912129	0.06652236	0.1470426	0.05413306	0.02675158	0.09470915	0.1316988	0.01752989	0.07340445	0.08563748	0.3498287	0.01636135	0.0680704	0.05012939	0.1723697	0.2117222	0.02213715	0.04821146	0.1057998	0.3252798	0.04724842	0.05973808	0.09570049	0.1579107	0.01229133	0.1089592	0.0446252	0.02828565	0.1266061	0.0854902	0.02512535	0.1518054	0.0574006	0.1357246	0.02466336	0.007522695	0.07643421	0.07802831	0.08907016	0.06796224	0.01323732	0.1575268	0.08923989	0.1614016	0.01391658	0.01946093	0.0888305	0.02529	0.02708803	0.05333891	0.02663826	0.2228962	0.02339342	0.1360877	0.1216629	0.005173235	0.3489572	0.1136033	0.0776981	0.1789619	0.1301676	0.02205031	0.07654075	0.02832758	0.02421205	0.02090597	0.08928686	0.02315629	0.3163309	0.02284621	0.0124866	0.01632922	0.03122101	0.0261426	0.008271326	0.2294936	0.06735666	0.232742	0.01299067	0.2014953	0.2134728	0.05169886	0.02683183	0.1545604	0.02475384	0.02623043	0.03429194	0.1106049	0.05898891	0.2088742
20.04.2020 09:22:00	15	0.3130875	2.752243	0.7977979	0.9622628	0.7705135	0.3685514	0.8041258	0.8946357	0.3471156	0.9911415	1.375539	2.247334	0.1401318	0.8301927	0.4760352	1.111665	1.53807	0.2228548	0.5652519	1.263218	2.71854	0.4044324	0.5940597	1.113572	1.300898	0.09861333	0.8796291	0.3773446	0.3579121	0.5831223	0.4022123	0.4182425	1.220877	0.6461509	0.8096536	0.2818233	0.02528459	0.7638454	0.5980671	0.5764398	0.5303857	0.07000081	0.901273	0.8349137	1.369143	0.167668	0.331626	0.9805093	0.3185326	0.1414842	0.2898543	0.1677038	1.971121	0.3156276	1.130065	0.4999906	0.02749711	1.530083	1.03573	0.7356398	1.088085	1.178513	0.3657775	0.7175465	0.2988189	0.138248	0.1112481	0.5837072	0.2502353	1.078191	0.2508312	0.2438338	0.2351741	0.249394	0.415258	0.1468115	1.378718	0.4371542	1.278767	0.09075429	1.387862	0.9791192	0.300247	0.3685571	1.533142	0.3817018	0.1733644	0.5035368	1.382688	0.4677595	2.190403
20.04.2020 12:22:00	18	2.477293	9.30135	3.991634	3.933545	3.479557	1.915622	3.965978	4.003665	2.081666	4.94453	6.443074	6.363891	1.524645	4.73949	2.155814	5.106306	4.967425	1.353923	4.225894	5.250876	8.583443	2.666163	4.561467	5.69389	6.471113	0.5790335	3.901935	1.788529	2.421101	2.151828	1.200345	2.509751	4.873975	3.458435	3.006475	2.229118	0.2738007	3.618498	2.414884	1.722556	2.34221	0.6083685	3.672182	3.60631	5.033423	2.093755	2.538662	4.966383	1.883088	0.6773648	1.571368	0.872627	7.358279	2.89098	4.547322	1.588713	0.1674785	4.786098	4.789145	3.292668	4.051513	5.101669	2.710146	3.032848	1.392253	1.236471	0.9063045	1.805785	1.806087	4.331601	1.610163	1.523149	1.976181	1.799836	2.599081	0.9342272	3.778149	1.577518	3.718668	0.8854833	4.099958	3.190068	2.206317	2.818053	6.72466	3.277881	1.264973	3.399865	5.176126	2.878589	8.439189
20.04.2020 15:22:00	21	7.241301	18.85334	11.11445	11.24561	8.449009	6.045784	11.3007	11.52449	5.984043	12.0647	14.55254	14.18829	6.551725	13.36119	7.053102	12.74889	11.32104	5.260694	12.4629	12.29197	16.34471	9.951926	13.69939	13.76809	15.50207	2.347767	9.833858	5.796627	7.972411	7.049356	3.91578	7.202177	10.39037	9.18133	9.109475	8.01482	1.205415	10.04739	7.442635	4.65687	7.845436	3.009273	10.90767	8.323437	10.22377	7.515696	7.708633	12.16613	5.481124	2.442931	5.918616	4.093616	16.14908	8.627606	11.55621	4.587419	1.125276	10.1517	12.30136	8.743072	10.6311	12.55015	8.035856	7.981799	4.655291	4.47352	4.19223	4.256776	5.916626	10.23258	4.683275	5.531284	7.710052	6.566646	9.087845	2.698781	7.629233	4.719686	8.234199	5.41057	9.631387	9.19492	8.750844	9.508953	16.10406	9.992432	5.068089	9.321343	11.56613	9.34735	17.97674
20.04.2020 18:22:00	24	14.8484	28.81915	21.28787	20.70935	16.97584	13.58962	21.15015	21.52959	13.83174	20.89562	23.89487	24.11175	14.54805	24.07354	15.23867	22.19646	19.96457	13.00266	22.78916	21.65912	24.08838	19.98927	24.79063	23.36001	25.20395	7.798631	18.6644	13.89968	16.79448	15.89543	10.77332	14.30956	17.30914	17.6667	18.59593	16.90148	4.923809	19.60139	15.60383	12.28229	15.79465	9.371011	20.27416	13.48857	17.67681	15.69759	15.68308	21.42709	11.10381	6.687335	13.46975	12.09427	25.58907	17.5237	20.74063	11.51838	5.958855	16.14975	22.02356	16.83639	19.96359	21.84321	15.67148	15.90183	11.48381	10.9498	10.80143	10.23983	13.26985	17.54065	10.15608	13.4801	16.93802	14.64265	18.618	5.950925	14.46673	10.88901	14.41725	13.81713	18.35209	18.96675	18.99592	18.42493	28.36255	19.51768	12.58783	17.82339	20.45583	18.8051	28.20293
20.04.2020 21:22:00	27	23.36858	34.80619	30.51997	29.2976	25.7367	22.21648	29.84421	30.52345	23.37599	27.39952	30.53312	32.31271	23.32063	32.57856	24.50428	29.76033	27.44398	22.52614	31.40139	29.12917	28.9977	30.07444	33.41645	30.42629	32.18678	16.62481	27.73152	23.0911	26.69207	25.54881	19.64726	21.67614	22.91618	25.86161	28.43546	26.46156	13.25597	29.17203	23.78929	21.98439	24.44247	19.2966	28.95275	17.70752	24.97961	24.31901	23.87397	28.77131	18.10157	13.69566	22.06375	22.33134	33.01619	26.68742	29.31592	20.58421	14.52989	20.85306	31.24762	24.7687	28.75904	28.63177	23.26101	25.57193	20.74515	19.99944	20.35177	18.67352	21.90832	24.19258	18.11244	22.99143	27.31403	23.48131	27.93206	12.16436	22.40475	18.99463	20.47179	23.06885	26.82941	29.00008	29.5463	26.64819	37.02673	29.24413	22.64453	26.80194	28.11221	29.7713	34.39114
21.04.2020 00:22:00	30	29.77241	35.80708	35.12878	33.70504	31.62165	28.65366	33.94347	34.65419	31.32284	29.306	32.32199	36.46837	28.83999	34.75487	30.98522	32.37403	31.21673	30.78914	35.10698	32.37965	30.00738	34.54327	34.56149	32.59341	33.53956	25.89597	32.84108	30.52534	33.65613	32.61357	28.49674	26.96455	25.1418	30.45255	34.07528	32.57502	23.37956	35.04089	28.31096	30.97681	31.10838	29.56122	33.1937	19.72291	29.66907	29.58791	28.54217	30.79751	23.71808	22.35671	28.8188	31.70293	35.62361	32.60008	34.06413	29.08196	24.85827	22.47558	35.56934	29.11033	33.2291	29.6433	27.40539	33.53513	29.62447	28.39957	28.78938	27.04126	28.21106	29.01551	25.56534	30.80413	33.83614	29.85412	33.44717	19.93383	29.59262	26.60072	24.01472	29.69526	32.40578	34.07959	35.97894	30.57403	38.58002	35.3379	30.75152	31.46541	32.30455	36.60023	34.0196
21.04.2020 03:22:00	33	31.70105	32.73436	33.97047	32.48529	33.54924	30.47216	33.24753	33.32443	35.35764	26.7646	30.4365	35.048	29.10318	32.13015	32.66709	30.14855	30.72555	34.2331	33.64198	31.70408	28.14114	32.89794	30.79025	30.9259	30.90563	32.00848	33.56178	33.25299	35.01351	33.36173	33.72094	28.40907	24.6104	30.1831	33.58131	33.63879	31.97053	34.92343	27.63674	34.96091	33.63733	34.66461	32.3766	19.27846	30.67303	30.29947	29.32352	28.56482	26.04229	29.05029	30.30235	35.54645	33.83437	33.07938	33.92615	33.34427	32.45805	21.64352	33.73286	28.70646	32.42348	26.35736	27.56009	36.81942	34.12875	32.78706	32.53152	31.77815	30.10357	30.08563	29.92369	32.79713	34.20864	31.05505	33.9238	27.6458	33.0419	30.90577	23.74007	31.51926	33.15467	33.06041	36.82975	29.61075	36.09741	36.49214	33.00185	31.72156	31.96902	37.05093	30.19079
21.04.2020 06:22:00	36	29.98596	28.27722	29.72942	28.3893	31.24187	28.52812	29.52851	29.29827	33.64551	22.89194	26.16297	30.7018	26.16396	26.89456	30.05328	26.23686	26.88697	33.50624	30.08788	28.5771	24.78163	27.92075	25.62296	26.63202	26.81243	31.90628	30.29042	30.80627	32.08315	29.51975	33.59087	26.28914	22.60405	27.42283	29.6807	30.98034	34.37532	31.40655	24.14444	32.84095	32.84146	33.31786	29.02661	17.59128	28.57535	27.25123	27.15572	24.86722	25.2639	30.61562	28.02748	34.15458	30.09293	29.99936	30.42992	31.56406	32.80496	18.98551	29.35752	25.62621	28.65448	22.66919	24.94035	35.48051	33.18674	32.13241	30.77695	31.19962	28.43585	28.94061	30.0139	29.87894	30.20538	28.34915	30.95977	32.02181	31.04808	30.49618	21.47117	28.82293	29.59475	28.64218	34.59641	26.4795	30.93242	33.57325	30.30208	28.80733	28.8801	33.98304	25.60354
21.04.2020 09:22:00	39	26.28708	24.16432	25.33293	24.21992	26.76977	24.6727	25.49847	25.31936	29.22934	19.69686	22.10443	25.87108	22.59192	22.57947	25.70045	22.05075	22.42849	30.51065	26.1629	24.63942	21.5157	22.89232	21.64807	22.6985	22.97703	27.81185	26.39938	26.31151	28.18158	25.17036	30.89265	22.94235	19.88902	23.55337	25.3755	26.99853	32.18687	26.51974	20.64586	28.76504	29.9572	29.38175	24.69816	15.8309	24.36362	23.00635	24.09147	21.42929	22.54484	27.89186	24.57794	29.8581	26.28424	25.57312	26.14404	27.57643	29.34019	16.8196	25.1736	22.29088	24.44629	19.50078	21.59113	32.31361	29.32078	28.76789	26.87344	27.29705	24.96943	26.3377	26.67859	25.43595	25.66681	24.41968	26.57419	31.16277	27.03484	27.12629	18.53431	24.6406	25.4428	23.75825	31.31577	23.49755	26.40059	29.6785	26.21137	25.23454	25.0169	30.03271	21.83524
21.04.2020 12:22:00	42	22.52683	20.5708	21.41821	20.71488	22.71193	20.87105	21.88228	22.18701	25.16689	17.07217	18.74568	21.86411	19.23838	19.2609	21.54695	18.58864	18.77122	26.5672	22.58444	21.39004	18.72721	18.90175	18.03944	19.54311	20.21385	22.99146	22.80682	21.95483	24.12587	20.98669	26.96879	19.97319	17.31056	20.20543	21.48186	23.2048	27.88172	22.33728	17.75807	24.0055	27.05167	25.28613	21.059	14.20147	20.72547	19.2195	21.12212	18.41145	19.80064	23.72316	21.42652	25.17191	22.8432	21.86683	22.04557	23.77851	24.4676	14.49869	21.66169	19.11498	20.76097	16.98513	18.44449	28.49745	24.95621	24.55117	23.05203	23.62658	20.92621	23.13348	22.6407	21.54189	21.76776	20.73182	22.73024	27.85851	22.88566	23.45613	16.01908	20.85366	21.75278	19.87444	27.92529	20.4045	22.68405	25.56591	22.63878	22.07722	21.64191	26.16563	19.13669
21.04.2020 15:22:00	45	19.60239	18.47961	18.81408	18.55952	19.86767	18.20193	19.64008	19.3957	21.74712	15.25349	16.22615	19.07074	17.11827	17.19817	18.50436	16.61812	16.63034	23.60729	20.47595	18.94078	17.05332	16.8043	16.22801	17.31975	18.19132	18.64252	19.80633	18.80313	21.11818	17.91317	23.07408	17.72883	15.61363	17.90927	18.90202	20.56165	24.41895	19.23705	15.66192	20.80802	24.48629	22.39338	18.50466	13.00694	18.05586	16.5516	18.84282	16.14596	17.41015	20.81901	19.06346	22.16986	20.49221	19.02024	19.54741	20.39365	20.67396	13.17777	19.24739	17.10895	18.18695	15.28922	16.31884	25.15102	21.79178	21.11179	20.09607	20.48676	18.34647	20.84461	19.19188	18.68352	19.12185	18.33149	19.93439	24.38877	20.15006	20.59124	13.99844	18.12849	18.81134	17.32444	25.17986	18.87932	20.09575	22.53627	20.34351	20.13412	19.5431	23.11199	16.97115
21.04.2020 18:22:00	48	16.50448	16.33781	16.37244	16.32931	17.0853	15.86765	17.27123	16.73418	18.55454	13.30663	14.5701	16.25469	14.82914	15.38693	15.92797	14.80306	14.50704	20.84319	17.44724	16.33594	15.22983	14.44134	14.2666	15.24713	16.06814	15.79437	17.11979	15.93231	18.00216	15.30987	19.7107	15.37167	13.82277	15.25878	16.33842	17.91833	20.80958	16.33491	13.4807	17.36035	21.47275	19.07357	16.21584	11.54864	15.47915	14.32984	16.30959	13.93215	14.81378	17.36426	16.63417	18.76865	17.99279	16.10556	16.88615	17.41615	17.33853	11.68935	16.91821	14.8171	15.84545	13.55019	14.23945	21.98412	18.61953	17.94381	17.26043	17.32263	15.81894	18.3335	16.28531	15.99576	16.43053	15.81196	17.40073	20.88779	17.28038	17.47586	12.18765	15.45234	16.42007	15.02537	21.80865	16.75891	17.54459	19.25487	17.50142	17.3545	17.1073	19.84976	14.8157
21.04.2020 21:22:00	51	14.66123	14.76971	14.7023	14.80124	15.00408	14.10167	15.56099	15.05071	16.37311	12.16872	13.28642	14.51557	12.96857	13.61738	14.19826	13.58749	13.26935	18.41987	15.92569	14.74036	13.79401	12.87132	12.81983	13.58694	14.5042	13.77597	15.10548	13.93196	15.65283	13.45851	17.24308	13.73931	12.21028	13.5746	14.7949	15.95105	17.79166	14.50488	11.98488	14.93173	19.12944	16.74249	14.57726	10.54095	13.63573	12.67018	14.65602	12.28117	13.09774	15.10594	14.6753	16.61412	16.11642	14.03766	14.91864	15.3555	14.64879	10.85115	15.00137	13.14542	13.90879	12.27136	12.5473	19.18591	16.34167	15.57459	14.94132	14.97581	13.94359	16.98544	14.13303	14.09482	14.49286	14.13621	15.52274	18.19705	15.13972	15.05391	10.81359	13.28378	14.83609	13.61572	19.40467	15.60032	15.88999	16.8577	15.46599	15.67045	15.10632	17.8942	13.6115
22.04.2020 00:22:00	54	12.81275	13.54327	13.35057	13.80903	13.58715	12.75795	14.1753	13.96437	14.44722	11.29263	12.21169	13.28736	11.84828	12.48607	12.83367	12.72812	12.44454	16.69864	14.42723	13.33752	12.85223	11.92219	11.92893	12.43709	13.43706	12.15106	13.38192	12.42717	14.01199	11.69566	15.27361	12.40778	11.39551	12.43791	13.62307	14.32649	15.83691	12.98181	10.94762	13.2844	17.08548	14.83067	13.11009	9.48928	12.4363	11.90469	13.28262	11.22213	11.4956	13.00642	13.14748	14.85047	14.62785	12.49255	13.40885	13.60595	12.5817	9.972756	13.5011	11.8128	12.7141	11.21476	11.17835	17.06226	14.36377	13.76137	13.32818	13.03827	12.56741	15.64012	12.4504	12.71385	12.98701	12.66287	14.28551	15.73835	13.68278	13.21151	9.865429	11.81398	13.58391	12.51424	17.58737	14.56691	14.25178	14.91798	13.99352	14.11249	13.77213	16.34153	12.64885
22.04.2020 03:22:00	57	11.51082	12.55375	12.4146	13.04074	12.46664	11.54374	12.98124	12.88929	13.10897	10.60113	11.53241	12.49614	10.90834	11.74435	11.81045	12.25062	11.67404	15.4132	13.34503	12.43626	12.05001	11.1516	11.33192	11.52376	12.5222	10.9643	12.13915	11.1436	12.69382	10.64052	13.77064	11.40166	10.66854	11.70875	12.87572	12.93436	14.08729	11.84523	10.25126	12.05139	15.57234	13.41111	12.00142	8.73077	11.27312	11.04273	12.29135	10.23952	10.34448	11.3269	11.79071	13.32201	13.48898	11.35859	12.36486	12.07629	11.2108	9.274363	12.56415	10.93455	11.4246	10.44586	10.14997	15.51127	12.84109	12.30667	11.87191	11.57758	11.54762	14.3957	11.22223	11.72756	11.96184	11.50668	13.10044	13.90576	12.29204	11.92919	8.940959	10.76471	12.63624	11.64939	16.009	13.75538	13.50918	13.59224	12.74583	12.66077	12.68864	15.13676	11.79897
22.04.2020 06:22:00	60	10.67047	11.75541	11.46429	12.29594	11.50466	10.55194	12.15619	12.18529	11.94001	10.09975	10.87756	11.90786	10.28335	11.11907	11.22833	11.7216	11.14275	14.64653	12.75806	11.40949	11.46624	10.73347	10.83709	10.91148	11.88777	9.876819	11.42328	10.34409	11.65245	9.964799	12.59519	10.48363	9.955009	11.20865	12.52524	11.87248	12.70697	10.93891	9.734186	11.06386	14.19904	12.19901	11.1585	8.150414	10.42964	10.5391	11.48171	9.656341	9.445298	10.26632	10.91008	12.02794	12.7274	10.44845	11.57276	11.07263	10.22348	8.675235	11.84045	10.00734	10.63565	9.965728	9.248173	14.26084	11.72	11.35631	10.83287	10.4257	10.89211	13.15808	10.34185	11.08132	11.17484	10.63887	12.26784	12.35616	11.42037	10.92798	8.388314	9.934162	11.99603	10.98549	14.82104	12.75328	12.84493	12.76362	11.80196	11.60795	11.79716	13.96198	11.14931
22.04.2020 09:22:00	63	10.04797	11.13293	10.8043	11.46473	10.88593	9.682359	11.07548	11.27499	10.83862	9.527998	10.41373	11.52149	9.852859	10.57312	10.62667	11.26454	10.67605	13.81869	11.67747	10.91931	10.7917	10.34956	10.50605	10.26602	11.24379	9.145779	10.87576	9.843626	10.95469	9.413584	11.80435	9.759985	9.43799	10.77478	11.97151	11.1339	11.76633	10.37289	9.366253	10.24809	13.02646	11.46702	10.54126	7.549078	10.07511	10.09349	10.70789	9.086654	8.767819	9.427175	10.26609	11.15919	12.0607	9.894264	10.94962	10.15308	9.541634	8.241914	11.24632	9.428749	10.20708	9.415674	8.784506	13.14335	10.74997	10.6129	10.04262	9.482413	10.24856	12.13768	9.74433	10.44634	10.49825	9.992409	11.64789	11.26872	10.73062	10.12177	7.780717	9.353767	11.24768	10.61668	14.06607	12.01721	12.45185	11.7869	11.12166	10.66559	11.18724	12.87169	10.60027
22.04.2020 12:22:00	66	9.461137	10.31746	10.23798	10.729	10.17344	9.010986	10.2893	10.64577	10.15696	8.923129	9.742909	11.05203	9.36326	10.26156	10.30766	10.7136	9.950436	13.03329	11.06726	10.4073	10.18649	10.11891	9.890958	9.712481	10.60698	8.558563	10.45303	9.292089	10.13212	8.799369	11.29955	9.108915	9.015336	10.34169	11.35163	10.52416	11.15719	10.00952	8.941412	9.784621	12.24794	10.98742	10.05166	7.108945	9.810042	9.561681	10.04265	8.632122	8.277454	8.700061	9.511859	10.45356	11.63865	9.371214	10.41476	9.606443	8.901261	7.738924	10.72368	8.943985	9.713301	8.898006	8.267538	12.52757	9.954989	10.04719	9.44022	8.781414	9.645104	11.23302	9.294236	9.893424	9.943667	9.528214	10.87886	10.35376	9.953728	9.516225	7.382061	8.818195	10.70161	10.2272	13.23346	11.10214	12.32213	11.05245	10.55198	9.943668	10.67853	12.15625	9.963528
22.04.2020 15:22:00	69	8.877737	9.69954	9.55261	10.01668	9.4122	8.564619	9.538447	9.830068	9.561468	8.47322	9.026359	10.50893	8.876118	9.968032	9.948319	10.12554	9.451221	12.38714	10.53622	9.998206	9.494061	9.846334	9.517931	9.264649	10.11118	7.949696	9.938002	8.939368	9.751807	8.450932	10.4296	8.60875	8.707147	9.72815	10.66742	9.96962	10.52046	9.832815	8.546604	9.412772	11.72338	10.7393	9.645211	6.714814	9.541265	9.086447	9.489933	8.1696	7.893943	8.271488	8.873142	9.979896	10.93452	9.066906	9.886607	9.144403	8.413966	7.284552	10.21815	8.546423	9.105091	8.455813	7.861125	12.07561	9.501992	9.618146	8.928425	8.371235	9.329362	10.4344	8.611118	9.434254	9.523178	9.207195	10.45552	9.782577	9.552207	9.157991	6.914604	8.456446	10.16393	9.828419	12.56975	10.43381	11.93337	10.45199	9.950101	9.403286	10.19381	11.54869	9.59309
