Vessel Name: 19042020_InCu_KaKr_KK1-59_P7_2
Metric: RFP Integrated Intensity / GFP Integrated Intensity
Cell Type: 
Passage: 0
Notes: 
Analysis: KaKr-A549-H2B-GFP/-RFP_DEFv10

Date Time	Elapsed	AC005013.1	ACO1	ADAM12	ADAMDEC1	ADAR	ADORA3	AIM2	AKAP2	ALOX5AP	ANKRD22	APOBEC3A	APOBEC3G	APOL1	APOL2	APOL3	APOL4	APOL6	ARAP1	ARL9	ASGR1	ATF3	ATF7IP	ATXN1	BATF	BATF2	BRD3	C19orf66	C6orf100	C9orf91	CAPN15	CASP1	CBFA2T3	CCL13	CCL2	CCL24	CCL7	CCL8	CCNA1	CCR1	CCR2	CD180	CD274	CD38	CD69	CD80	CEACAM1	CFB	CFHR1	CH25H	CHST2	CLEC5A	CLECL1	CMKLR1	CMPK2	CNP	CTAGE1	CX3CR1	CXCL10	CXCL11	CXCL3	CXCL9	CYP2J2	DCT	DDX58	DDX60	DDX60L	DEFB1	DHX58	DOK1	DOK2	DOK3	DTX3L	DUSP7	EMP1	EMR3	ENG	ENPP2	EPHB2	EPSTI1	ETV7	EVI2A	Mx2	STAT1	MAVS	BST2	EIF2AK2	RSAD2	NTC1	NTC2	NTC3	NTC4	NTC5
19.04.2020 18:22:00	0	0.0006268074	2.844788e-05	5.207722e-05	0.0	9.399722e-05	0.0	0.0	0.0	0.0001995373	0.0	0.0	0.0004053289	3.293476e-05	2.740695e-05	4.109161e-05	0.0	0.0	6.422785e-05	3.451374e-05	3.519985e-05	0.0	6.213904e-05	0.0	5.93945e-05	0.0	3.389576e-05	0.0	4.551441e-05	0.0	0.0	0.0	0.0	0.0	0.0	0.0	0.0	0.0	5.693968e-05	0.0	0.0	6.007702e-05	0.0	0.0	0.0	0.0002319657	0.001607847	0.001911884	0.0	0.0	0.0	0.0	0.0	0.000247107	0.0002591106	0.0	9.396113e-05	0.0	0.0	0.0	0.0	0.0	0.0	0.0	0.0	0.0	4.946626e-05	0.0	0.0	0.0	0.0	0.0	0.0	2.713318e-05	2.075036e-05	0.004452462	0.0	0.0	0.0	0.01341947	6.893258e-05	0.0	0.0	0.0	0.0	0.0	3.741007e-05	0.0	0.0	0.0001504273	0.001054593	0.0	0.0
19.04.2020 21:22:00	3	0.0005415256	1.791935e-05	2.468454e-05	1.735243e-05	0.0001139336	1.531915e-05	2.257271e-05	1.792539e-05	0.0002104529	2.1247e-05	1.855035e-05	0.0003361368	2.592938e-05	2.13187e-05	2.222125e-05	2.119243e-05	2.195291e-05	7.514336e-05	5.252316e-05	2.379154e-05	2.628281e-05	6.493248e-05	2.381074e-05	7.274249e-05	2.357479e-05	2.509808e-05	2.19767e-05	6.270623e-05	2.417922e-05	2.364759e-05	2.130673e-05	2.212813e-05	2.523561e-05	1.773528e-05	0.0002815964	2.144595e-05	2.358327e-05	2.259892e-05	2.129907e-05	2.359853e-05	7.400785e-05	2.53235e-05	2.511073e-05	2.502653e-05	0.0002392632	0.0009834578	0.002434239	2.245816e-05	2.362451e-05	2.324341e-05	2.329842e-05	2.277013e-05	0.0003844251	0.0002079865	2.837036e-05	0.0001482839	2.67686e-05	0.0001656593	1.774019e-05	2.577841e-05	2.149633e-05	2.501083e-05	2.311819e-05	2.203354e-05	1.900101e-05	6.930561e-05	2.443436e-05	2.225974e-05	2.353097e-05	2.58027e-05	2.16604e-05	1.77332e-05	4.283496e-05	4.272969e-05	0.004318897	1.615149e-05	2.239171e-05	1.785188e-05	0.01253631	9.262849e-05	2.137224e-05	1.896744e-05	1.914654e-05	2.482084e-05	1.716291e-05	2.129889e-05	1.894499e-05	2.13477e-05	0.0001785902	0.0009397794	2.620104e-05	2.054201e-05
20.04.2020 00:22:00	6	0.0005202471	0.0	0.0	0.0	8.201411e-05	0.0	0.0	0.0	0.0001789109	0.0	0.0	0.0003148434	0.0	0.0	0.0	0.0	0.0	0.0	0.0	0.0	0.0	2.786591e-05	0.0	5.054807e-05	0.0	0.0	0.0	4.08428e-05	0.0	0.0	0.0	0.0	0.0	0.0	0.0	0.0	0.0	0.0	0.0	0.0001404501	5.733221e-05	7.411257e-05	0.0	0.0	0.0002678562	0.0008118378	0.002058207	0.0	0.0	0.0	4.082041e-05	0.0	0.0003288484	0.0001035823	0.0	0.0001067234	5.686577e-05	3.329648e-05	0.0	0.0001083046	0.0	0.0	0.0	0.0	0.0	3.76544e-05	0.0	0.0001035001	0.0	0.000132935	0.0	0.0	2.208272e-05	1.981111e-05	0.00407083	5.841359e-05	0.0	0.0	0.01177906	6.690156e-05	0.0	0.0	0.0	0.0	0.0	0.0001045888	0.0	0.0	7.974082e-05	0.0008936123	0.0	0.0
20.04.2020 03:22:00	9	0.0005887187	0.000225244	9.101366e-05	4.521837e-05	0.0002031461	5.585769e-05	0.0002200386	0.0006829655	0.0001552277	0.0001986449	0.000188152	0.000574623	0.0002951336	0.0006539527	0.0004194218	0.0004376711	0.0001334891	2.461554e-05	0.0001960174	0.0001096316	0.0003777911	0.0001512313	0.0	0.0002390567	0.000399007	0.0002238312	0.0002411632	0.0004731059	0.0003771687	0.0003361466	0.0	0.0002282349	0.000316045	0.0002996664	0.0003069591	0.000481438	0.0005106116	0.0003415502	0.0002360278	0.0009454282	0.00029397	0.0001506479	9.856499e-05	0.0003161557	0.0006423003	0.0008618225	0.00274135	0.0002630214	0.0002822671	0.0004073851	0.0002820753	0.0003569797	0.000979351	0.0005176166	0.0005034672	0.0001624499	0.0007382842	0.0007992553	0.000539429	0.0005754596	0.0008711776	0.0004788644	8.508782e-05	0.0005551744	0.0001341691	0.0001901781	0.0005846976	0.0005992838	0.00100484	0.0004674611	0.0001684466	0.0001565833	0.0002043602	0.0004642234	0.004187502	0.0009059313	0.0001274554	0.0002087639	0.01149667	0.0005532525	0.0001426318	0.0004470831	0.001748949	0.0007192763	0.0003753124	0.002364125	0.0004371373	0.0001813913	0.0003155418	0.0008292139	0.0002750142	0.0004329162
20.04.2020 06:22:00	12	0.001192915	0.00144049	0.0007570466	0.001000514	0.000869391	0.001254181	0.001240836	0.002049657	0.001085461	0.00185834	0.001106738	0.002228581	0.001440624	0.002687359	0.001946253	0.002127182	0.001923013	0.0003672889	0.0007598589	0.001421573	0.001782796	0.001606667	0.00112027	0.001444939	0.001351578	0.001662591	0.001194322	0.002062113	0.002740627	0.002163408	0.001681544	0.002377963	0.001872299	0.001784452	0.001695463	0.002478531	0.003125219	0.002630162	0.002501189	0.003874219	0.0007266836	0.001980827	0.00264504	0.001605363	0.002252275	0.002472717	0.003921978	0.001480221	0.001465552	0.001811049	0.001343115	0.002152148	0.003062428	0.002867678	0.002296465	0.0008695198	0.003377854	0.003572074	0.002011988	0.002298947	0.002592886	0.002047667	0.001766857	0.002673797	0.00112476	0.00124492	0.003283586	0.002699846	0.004182171	0.003056528	0.001143644	0.001251995	0.001187829	0.002224983	0.005423806	0.002772812	0.001249139	0.001370408	0.01251315	0.002452852	0.001740102	0.001248905	0.006929258	0.003162939	0.002573861	0.01227311	0.001657342	0.001484388	0.001673135	0.00134645	0.001131912	0.001497782
20.04.2020 09:22:00	15	0.003199704	0.004145665	0.004962449	0.003437211	0.002804721	0.004305749	0.00335252	0.004875816	0.002961691	0.005418004	0.003118614	0.005868922	0.005627156	0.005790694	0.00615922	0.005392353	0.004918999	0.001873825	0.002170057	0.005341118	0.006208736	0.003843593	0.003041155	0.004117311	0.004133393	0.005483154	0.004457993	0.004664053	0.007290754	0.006658664	0.005570852	0.006642855	0.005431076	0.004176746	0.004992298	0.005917415	0.008149297	0.006331347	0.006393761	0.008300984	0.003037936	0.004756862	0.006892153	0.004877302	0.006901201	0.00499023	0.00752644	0.003625582	0.00433377	0.004687306	0.003638703	0.005642117	0.006736308	0.006856196	0.007532323	0.003432165	0.00769783	0.008904833	0.004818744	0.00755033	0.006509813	0.005596265	0.004723914	0.008260558	0.00425547	0.003918067	0.00822258	0.00684243	0.009208502	0.007882054	0.002788091	0.004347212	0.004230507	0.005665989	0.008547761	0.007784522	0.004183746	0.00440199	0.01661866	0.006147546	0.005430345	0.003320625	0.01573527	0.01052347	0.006525309	0.02515866	0.004032097	0.004304226	0.004138546	0.003403626	0.003100335	0.005480696
20.04.2020 12:22:00	18	0.006670441	0.008009102	0.009623334	0.005723901	0.005880923	0.009416481	0.00681416	0.00769118	0.007406005	0.0114741	0.005758181	0.01147574	0.01165493	0.00972762	0.01205536	0.01036437	0.009400074	0.004348123	0.005164943	0.01072327	0.01118353	0.007450888	0.005874888	0.008245669	0.009172663	0.008940089	0.009364363	0.009506237	0.01426992	0.0126332	0.01032127	0.01274507	0.01165613	0.01013368	0.01017295	0.01098893	0.0145661	0.01200412	0.01202033	0.01442432	0.006954256	0.008892696	0.01132357	0.00977296	0.01350104	0.009131239	0.01197441	0.006982247	0.008196751	0.008872428	0.007856203	0.009988072	0.01285209	0.01371966	0.01630321	0.007934391	0.01523734	0.01784586	0.009630405	0.01451465	0.01271061	0.01046211	0.00937851	0.01782204	0.009188649	0.009461143	0.01422269	0.01323548	0.01696022	0.01624017	0.005793455	0.0104952	0.009158625	0.009755909	0.01464401	0.01467672	0.008245018	0.00849084	0.0223088	0.01243744	0.01079344	0.007159377	0.03116642	0.01974246	0.01318252	0.03826705	0.008853059	0.007976493	0.006765154	0.007501354	0.00780767	0.01166855
20.04.2020 15:22:00	21	0.009571623	0.0128749	0.01375737	0.00838138	0.008811228	0.0141973	0.01033321	0.01062492	0.01178827	0.01648306	0.009762929	0.01682203	0.01972057	0.01473765	0.01834509	0.0148966	0.01337867	0.00694109	0.009105306	0.0165447	0.0155717	0.01107846	0.009267897	0.01308362	0.01481706	0.01325723	0.01559836	0.01487998	0.02286153	0.0188091	0.01618416	0.01998845	0.01790299	0.01688454	0.01758411	0.01626108	0.02265435	0.0185021	0.01866945	0.02035826	0.01201521	0.01417339	0.01730022	0.01508474	0.02219974	0.0132187	0.01688544	0.01128974	0.01173451	0.01346192	0.01287213	0.01484623	0.02155085	0.02151652	0.02550156	0.01368641	0.02356173	0.02611342	0.01558767	0.02559225	0.01805	0.0151533	0.01485986	0.0298978	0.01469618	0.01569071	0.02228565	0.01978943	0.02657734	0.02424832	0.009242501	0.01702313	0.01461445	0.01633044	0.02011301	0.02206624	0.01233244	0.01299187	0.02961426	0.02005903	0.01730558	0.01089733	0.05072431	0.03219374	0.01892602	0.05017771	0.01405914	0.01169766	0.0109096	0.01349875	0.01156688	0.01772054
20.04.2020 18:22:00	24	0.01284181	0.01725804	0.01833548	0.01125669	0.01214699	0.0187263	0.0143311	0.01333641	0.01599558	0.02137305	0.01375554	0.02175433	0.027728	0.01982229	0.02414056	0.01908962	0.01665413	0.01068318	0.012833	0.02318179	0.01902112	0.01456057	0.01384075	0.01801423	0.01973661	0.018104	0.02284505	0.0216321	0.03151656	0.02505361	0.0219203	0.02613667	0.02358323	0.02369547	0.02351988	0.02115665	0.02947198	0.0240016	0.02422812	0.02715138	0.01579894	0.01883772	0.02301093	0.01947991	0.03094412	0.0170197	0.02336212	0.01521653	0.01537016	0.01833282	0.01687887	0.02008636	0.02866637	0.0301564	0.03472548	0.01851331	0.03423148	0.03414	0.02053642	0.03561061	0.02238372	0.02034487	0.01901736	0.04420134	0.01947558	0.0225973	0.02935501	0.02552524	0.0361868	0.0336674	0.01249437	0.02469301	0.02130331	0.02228529	0.0262004	0.03186898	0.01698907	0.01749001	0.03645192	0.02705162	0.02344037	0.01438214	0.07765607	0.04902571	0.02432948	0.05904923	0.0185645	0.01642668	0.01580329	0.0196953	0.01577024	0.02275624
20.04.2020 21:22:00	27	0.01519105	0.02100648	0.02144623	0.01318936	0.01416106	0.02305761	0.01793005	0.01481679	0.01898164	0.02447664	0.01651656	0.02447801	0.03313376	0.02345286	0.02921285	0.02262758	0.02010436	0.01380774	0.01478353	0.02792481	0.02129796	0.0159046	0.01643502	0.02183476	0.0235967	0.02148762	0.02871018	0.02632858	0.03891692	0.02961903	0.02668776	0.02975044	0.02689122	0.02762486	0.02690408	0.02456327	0.03362506	0.02787164	0.02921361	0.03261687	0.0193384	0.02193857	0.02698467	0.02153358	0.03706181	0.01938494	0.02864416	0.01735401	0.01772137	0.02073671	0.01994462	0.02452335	0.03629646	0.03622434	0.04231175	0.02181955	0.04090867	0.04053011	0.0235632	0.0438729	0.02545589	0.02372763	0.02305686	0.05938754	0.02306749	0.02676821	0.03466111	0.029568	0.04396504	0.04127118	0.01550625	0.03130175	0.02554859	0.02622388	0.03012851	0.03768372	0.02017595	0.02079255	0.04113355	0.03242069	0.02743941	0.01628921	0.1084651	0.06547946	0.02786092	0.06236866	0.02252225	0.01957279	0.01893586	0.02462869	0.01745393	0.02667299
21.04.2020 00:22:00	30	0.01637485	0.02298951	0.02315901	0.01362553	0.01500024	0.02510477	0.01893458	0.01557393	0.02101637	0.02578288	0.01798563	0.0254734	0.03519643	0.02380346	0.03072498	0.0240076	0.02127121	0.01505927	0.01598529	0.03030424	0.02189844	0.016589	0.01719479	0.0220535	0.02589485	0.02280971	0.03185171	0.02881046	0.04413049	0.03291781	0.02954105	0.03352393	0.0294201	0.02985344	0.0271041	0.02641517	0.03643907	0.03050148	0.03113845	0.03522542	0.02133707	0.02274644	0.02804067	0.02293513	0.04027597	0.02070037	0.02986888	0.01786923	0.01902555	0.02243966	0.02095382	0.02741739	0.04071394	0.04145342	0.04649699	0.02406722	0.04815719	0.04450714	0.02463288	0.04830478	0.02611366	0.0253213	0.02391029	0.07127967	0.02467415	0.02972536	0.03799131	0.03222588	0.04932056	0.04457783	0.01600372	0.03498	0.02693253	0.0285677	0.03219	0.04097872	0.02142751	0.02291574	0.04379879	0.03440765	0.03003004	0.01778125	0.136301	0.08302696	0.03001304	0.05942221	0.02432533	0.0221422	0.0204173	0.02515476	0.01843122	0.02922547
21.04.2020 03:22:00	33	0.01579305	0.02341013	0.02254842	0.01364391	0.01405916	0.02563837	0.01942024	0.01546809	0.02002506	0.02561301	0.01879138	0.02591345	0.03532701	0.02222814	0.03101	0.02265353	0.02156061	0.01560306	0.01636567	0.02967151	0.02058995	0.01553347	0.01644592	0.02125221	0.02614606	0.02244623	0.03246312	0.03048328	0.04604022	0.03416682	0.03037278	0.03478267	0.02981653	0.02985915	0.0282433	0.02670405	0.03652752	0.03073664	0.03131419	0.03540695	0.02229548	0.02262178	0.02725506	0.02174171	0.0406873	0.02107524	0.02994122	0.01805156	0.01926098	0.0234571	0.02160382	0.0261814	0.04258056	0.0436209	0.04837711	0.02461438	0.05076052	0.04613866	0.02378125	0.04941421	0.02637764	0.02436177	0.02384806	0.08220331	0.0241579	0.03147901	0.03830988	0.03359209	0.0501717	0.04517169	0.01543475	0.03616884	0.0262063	0.02889146	0.03172483	0.04146212	0.02125514	0.02227282	0.04464768	0.03449366	0.02995394	0.01706844	0.1621429	0.09665018	0.03081373	0.05139643	0.02397137	0.02317669	0.02137701	0.02460442	0.0177584	0.02891125
21.04.2020 06:22:00	36	0.0158905	0.02309906	0.02152	0.01346343	0.01316538	0.02492001	0.01934205	0.01477289	0.01899592	0.02346809	0.01866185	0.02538664	0.03440145	0.0212343	0.02884353	0.02027678	0.02089833	0.01506206	0.01521856	0.02849629	0.01918971	0.01487617	0.0148244	0.02057973	0.02544484	0.02016165	0.0305727	0.02966139	0.04601589	0.03362865	0.0294558	0.03352026	0.02920447	0.02789043	0.02831518	0.02648963	0.0353123	0.02862151	0.03109591	0.03424234	0.0222604	0.0222276	0.02594714	0.01979612	0.04019507	0.0196551	0.02844421	0.01634164	0.01808609	0.02230198	0.02100796	0.02535847	0.04062326	0.04296301	0.04904026	0.0250383	0.05154527	0.04698685	0.02276469	0.04771187	0.02601562	0.02346705	0.02315348	0.0908537	0.02242224	0.03185746	0.03705473	0.03173374	0.04777909	0.04483982	0.01459279	0.03559654	0.024815	0.02695688	0.02864389	0.03993515	0.02019966	0.02109324	0.04329198	0.03404023	0.02766886	0.01660811	0.1846007	0.1059906	0.03046334	0.04432984	0.02215375	0.02203211	0.02017329	0.02301334	0.0172502	0.02743239
21.04.2020 09:22:00	39	0.01349424	0.02227185	0.02000624	0.01216494	0.01226732	0.02347395	0.01787913	0.01376056	0.01736748	0.0205534	0.01805161	0.02308606	0.03079232	0.0196577	0.02602984	0.0183376	0.01957613	0.01370791	0.01391022	0.02542492	0.01682954	0.01361386	0.01265017	0.01657317	0.02398354	0.01847289	0.02862495	0.02858463	0.04409146	0.02907782	0.02660329	0.03159425	0.0249212	0.02471747	0.02709279	0.02424647	0.03246872	0.02635647	0.02939912	0.03197792	0.02019908	0.02094111	0.02359872	0.01877107	0.03747062	0.01829086	0.02659948	0.0151716	0.01643037	0.02120497	0.01835177	0.02296191	0.03840575	0.04156227	0.04739138	0.02398131	0.04875203	0.04513515	0.01970234	0.0437174	0.02456102	0.02277718	0.02071487	0.09661809	0.0208829	0.03068333	0.03523758	0.02995863	0.04486832	0.04309425	0.01210633	0.03317371	0.02208355	0.02435504	0.02577738	0.0359627	0.01816236	0.01971713	0.0404942	0.03128866	0.02622569	0.01453601	0.1985201	0.1143501	0.02925583	0.03746252	0.02042974	0.02036517	0.01844807	0.02260354	0.01565738	0.02412211
21.04.2020 12:22:00	42	0.01160091	0.02007285	0.01747152	0.01110793	0.009687426	0.02112419	0.01565661	0.01296862	0.01664017	0.01767561	0.01609329	0.02105493	0.02853421	0.01773896	0.02272169	0.01703155	0.01639589	0.01217611	0.01220939	0.0233604	0.01392645	0.01192845	0.0113446	0.0134162	0.0217785	0.01433046	0.0267235	0.02626453	0.03991806	0.02532484	0.02437533	0.02858141	0.02290092	0.02209445	0.02509001	0.0214141	0.0299393	0.02476701	0.02701696	0.0297565	0.01838872	0.01959746	0.0220065	0.01740445	0.03467339	0.01607299	0.02352134	0.01314469	0.01486851	0.01974216	0.01650445	0.02038684	0.03688277	0.03975933	0.04410361	0.02236919	0.04415628	0.04014091	0.01730429	0.03994561	0.02179295	0.02028709	0.0192012	0.09913278	0.0188638	0.02931553	0.03368261	0.02797982	0.04504786	0.03929244	0.01061044	0.03087675	0.0198907	0.02095893	0.02245681	0.03275162	0.01668378	0.01694617	0.03701169	0.02733502	0.02225574	0.01301684	0.2028679	0.1167063	0.0276445	0.03206133	0.01809389	0.01821409	0.01575495	0.02007759	0.01351507	0.02123182
21.04.2020 15:22:00	45	0.01042293	0.01742423	0.01489353	0.00955708	0.007816914	0.01728323	0.01359648	0.01118912	0.01438173	0.01558277	0.01473342	0.01800482	0.0256369	0.01557024	0.01981088	0.01440935	0.0141224	0.01072645	0.01002355	0.02034095	0.01183239	0.01023963	0.01013995	0.01148595	0.01865738	0.01282638	0.0234867	0.02278574	0.03705751	0.02189639	0.02200109	0.02521936	0.02193261	0.01970818	0.02153938	0.0190662	0.02629071	0.02150558	0.02387284	0.02529281	0.01581071	0.01717097	0.02012458	0.01457468	0.03002583	0.01368099	0.02157737	0.0103397	0.01289919	0.01787365	0.01422309	0.0174764	0.03407841	0.03697483	0.04248301	0.02112209	0.03900704	0.03521652	0.0156639	0.03565392	0.01878334	0.0186226	0.01712721	0.09822934	0.01655961	0.02659023	0.02980847	0.02614389	0.04084187	0.03540828	0.00835188	0.02813076	0.01777154	0.01905387	0.01881115	0.02885124	0.01434456	0.01456223	0.03252522	0.02393944	0.01826499	0.01129613	0.2051233	0.1167774	0.02331367	0.02764755	0.01501338	0.0152709	0.01390798	0.0182313	0.01075218	0.01904725
21.04.2020 18:22:00	48	0.009093301	0.01571436	0.01249015	0.00823611	0.007076235	0.01503943	0.01208229	0.009837072	0.01310258	0.01347634	0.01322168	0.01568524	0.02297349	0.01367356	0.01751499	0.01251738	0.0118135	0.009630633	0.009118565	0.0174668	0.009747021	0.008770886	0.009200593	0.008720428	0.01788309	0.01084851	0.02121437	0.02065342	0.03229561	0.02023941	0.0204805	0.02219594	0.01891776	0.01678045	0.01843826	0.01679752	0.02219866	0.02004907	0.02102851	0.02258636	0.01407452	0.01561429	0.01751773	0.01212319	0.02712057	0.01223794	0.01886214	0.009261631	0.01098303	0.01538171	0.01216719	0.01672038	0.03074443	0.03344346	0.0366774	0.01921032	0.03466411	0.03179187	0.01394285	0.03260078	0.01552034	0.01689615	0.0151019	0.09674916	0.01334467	0.02404915	0.02693551	0.02399175	0.03654648	0.03223696	0.007420518	0.0240339	0.01534155	0.01690826	0.01638384	0.02573913	0.01230024	0.01256398	0.02889879	0.02006358	0.01426258	0.009487054	0.200755	0.1188426	0.02037441	0.02235515	0.01266132	0.01330185	0.01139635	0.01595297	0.009232278	0.01591269
21.04.2020 21:22:00	51	0.007817844	0.01311427	0.01078426	0.006774299	0.006027783	0.01259688	0.01039608	0.008681796	0.01134912	0.01125057	0.01179634	0.0124633	0.0204338	0.01109617	0.01410895	0.01115006	0.01003265	0.0078564	0.007828221	0.01523176	0.008138909	0.008000742	0.007526919	0.007453677	0.01606235	0.009184333	0.01851206	0.01749968	0.02782991	0.01837424	0.01840046	0.01961089	0.01685601	0.01353071	0.01459792	0.01444576	0.01768575	0.0173192	0.01702908	0.02019994	0.01258554	0.01395167	0.01527905	0.01002367	0.02330835	0.01057867	0.01606487	0.007701768	0.009656703	0.0132956	0.01017553	0.01434794	0.02663725	0.02984707	0.03448341	0.01688986	0.03061624	0.0270258	0.01182969	0.02924661	0.01342743	0.01415269	0.01313308	0.09419758	0.01177467	0.02105629	0.02341136	0.02103481	0.03279744	0.02779378	0.005225423	0.0199083	0.01324147	0.01451618	0.01396272	0.02293766	0.01082439	0.00996342	0.02538251	0.01696458	0.0104278	0.00757355	0.1928912	0.1166251	0.01762233	0.01898015	0.01061243	0.01111336	0.01044605	0.0140885	0.007828235	0.01333561
22.04.2020 00:22:00	54	0.006646669	0.0111556	0.01000439	0.005564289	0.005165137	0.01035148	0.008808396	0.007572165	0.009363999	0.009755323	0.01039041	0.01032504	0.01697007	0.009388571	0.01163904	0.009682355	0.008959224	0.007220835	0.006382383	0.01202409	0.007314413	0.007455407	0.00614041	0.006499665	0.01337324	0.00805609	0.01569161	0.01456634	0.02409934	0.01669275	0.01617523	0.01613568	0.01467627	0.01138841	0.01265142	0.012416	0.01526545	0.01511736	0.01505223	0.01793182	0.0106574	0.01223409	0.01371748	0.008547506	0.01937591	0.009576912	0.01390248	0.006136542	0.008549248	0.01131792	0.008762361	0.01261078	0.02311671	0.0264418	0.03148752	0.01407494	0.0255003	0.02383899	0.01044583	0.02591666	0.01168562	0.01214491	0.01146103	0.09153336	0.01084274	0.01872698	0.0198682	0.01889303	0.02874215	0.02401302	0.004084341	0.01736594	0.01148606	0.01168863	0.01161188	0.01918026	0.009646853	0.008659559	0.02274454	0.01435499	0.008721676	0.006579182	0.1868682	0.1125676	0.01545226	0.01585854	0.008974652	0.00796408	0.009526754	0.01238087	0.007108184	0.01082071
22.04.2020 03:22:00	57	0.005472682	0.009792967	0.008749509	0.004344968	0.00436845	0.00865933	0.007233335	0.006421891	0.008277364	0.008427947	0.008587832	0.00881234	0.01543538	0.007993072	0.009653989	0.008103114	0.00731723	0.005939026	0.00509374	0.01085512	0.006330519	0.006312718	0.004958339	0.005238209	0.01133927	0.006836616	0.01354859	0.01290479	0.02063066	0.01515329	0.0145612	0.01383047	0.01166067	0.009816729	0.01142533	0.01120743	0.0130321	0.01347334	0.01264494	0.01630851	0.00960265	0.01015096	0.01178445	0.007444689	0.01642522	0.00808984	0.01127063	0.004605091	0.007304472	0.0103049	0.007725973	0.01037717	0.02175679	0.02410552	0.02778932	0.01289723	0.022474	0.02109055	0.008597209	0.02221149	0.01012799	0.01063182	0.009765084	0.08751737	0.009278364	0.01671617	0.01740291	0.01567051	0.02330307	0.02048526	0.003300688	0.0150947	0.009880425	0.009434015	0.0105167	0.01597454	0.008007582	0.006634138	0.01991854	0.01237312	0.007553286	0.005930922	0.1786299	0.1066899	0.01339571	0.01424555	0.007892157	0.006767117	0.008671716	0.01091039	0.006194862	0.009117658
22.04.2020 06:22:00	60	0.004904365	0.008252263	0.006777407	0.003609077	0.003768664	0.006873291	0.006314178	0.005508485	0.006799059	0.007647303	0.006726453	0.007869703	0.0126431	0.007052197	0.008356619	0.006858374	0.006047982	0.005365502	0.004629517	0.009609371	0.00533931	0.00527071	0.004083975	0.004167251	0.01009711	0.005408448	0.01072397	0.01112444	0.01817947	0.01303047	0.01185416	0.0122822	0.01009705	0.007688242	0.0095502	0.01047462	0.01156116	0.01152108	0.0111542	0.01437676	0.008303843	0.009097327	0.009894826	0.006865546	0.01472833	0.007104792	0.01039839	0.00419291	0.005796304	0.008814569	0.005936642	0.007622465	0.01824225	0.02176085	0.02646209	0.0111122	0.01959228	0.01835553	0.007448867	0.01886887	0.008979473	0.008904641	0.008630942	0.0826221	0.00775941	0.01469607	0.01542574	0.01439337	0.01952594	0.01716799	0.002661076	0.01244253	0.008412774	0.006995714	0.009365058	0.01355454	0.006996725	0.00590949	0.01725604	0.0105053	0.005473298	0.005038892	0.1685704	0.09996317	0.01212977	0.01176377	0.006839741	0.005671569	0.006956685	0.009521729	0.005393288	0.00762168
22.04.2020 09:22:00	63	0.003886143	0.007016814	0.006160789	0.003184603	0.003538692	0.005998943	0.005306043	0.004459327	0.00600358	0.006392675	0.005899914	0.007384348	0.01121331	0.006117074	0.007404363	0.006258702	0.005403166	0.00458051	0.003543857	0.008959383	0.004626761	0.004608431	0.003766293	0.003089982	0.00875828	0.004506757	0.00965001	0.008976337	0.01581807	0.01226198	0.01060293	0.01072666	0.008075484	0.006281578	0.008333275	0.009154483	0.009690626	0.009134166	0.009498446	0.01262218	0.006810365	0.008365207	0.008439616	0.006086016	0.01244341	0.006253808	0.009608174	0.003217688	0.004743024	0.007595757	0.004980388	0.006917607	0.01685663	0.01923871	0.02149853	0.009721385	0.01707416	0.01563449	0.006745563	0.01666151	0.007928346	0.006946142	0.007450852	0.07816607	0.006967206	0.01255757	0.01352807	0.01280086	0.01741461	0.01457057	0.002052492	0.01063533	0.006767831	0.006241049	0.008080179	0.01076306	0.005517607	0.00450159	0.01615312	0.009162182	0.004140602	0.004470367	0.1609801	0.09462918	0.0105151	0.01037234	0.006166709	0.00435933	0.006164361	0.008349453	0.00474313	0.00628188
22.04.2020 12:22:00	66	0.003379006	0.006180045	0.005659687	0.002718058	0.003244573	0.005297173	0.004851867	0.00409467	0.005341552	0.005663629	0.004963759	0.006690397	0.00886986	0.005330198	0.006455944	0.005745227	0.004504973	0.004044077	0.003009904	0.007009361	0.003787096	0.003785592	0.003379918	0.002756812	0.007162766	0.003791848	0.007881602	0.007796147	0.01358723	0.01080453	0.009466613	0.00944116	0.007014738	0.004908526	0.007695971	0.00648501	0.008158901	0.0081204	0.00835036	0.0107305	0.005802508	0.007549789	0.00735412	0.005205207	0.0103601	0.005628086	0.007790781	0.00279537	0.003724147	0.006379965	0.004268457	0.006125837	0.01451523	0.01689097	0.01807188	0.008104566	0.01515647	0.0136396	0.005763959	0.01412526	0.006797146	0.005981772	0.006778968	0.07438158	0.00591724	0.01105095	0.01224537	0.01024638	0.01540175	0.0123338	0.001907096	0.008387003	0.006508658	0.00567875	0.007406206	0.009081991	0.004602051	0.003630605	0.01461161	0.007412427	0.003112189	0.003924137	0.1496664	0.08926623	0.008996505	0.009035296	0.005650843	0.00316575	0.005523147	0.007179169	0.004241406	0.005040544
22.04.2020 15:22:00	69	0.002809913	0.004963443	0.0046313	0.002251234	0.002982278	0.004571845	0.004319393	0.003513029	0.004463174	0.00494182	0.004127908	0.006308707	0.008117985	0.004210519	0.005587806	0.005045229	0.004039714	0.003183317	0.00278323	0.006225865	0.003370662	0.003334177	0.002934069	0.002461804	0.00615086	0.002932458	0.005982399	0.006349115	0.01175282	0.009219405	0.008650381	0.008285549	0.006176068	0.004230042	0.006170336	0.005516628	0.0073743	0.006809032	0.006155907	0.008461151	0.005102446	0.006978365	0.005580239	0.004377614	0.009297406	0.005108208	0.006681551	0.002531548	0.003344144	0.005418771	0.003617285	0.005344084	0.01298755	0.01561887	0.01529229	0.00742027	0.01335439	0.01188236	0.004700685	0.01230199	0.00570112	0.005496811	0.005978473	0.06835955	0.00498447	0.009960998	0.01065754	0.008990367	0.01360693	0.01069971	0.001820513	0.006852426	0.0051116	0.005171457	0.00678071	0.008098869	0.00401151	0.002881172	0.01344746	0.006494041	0.002659769	0.003675284	0.1402127	0.08344615	0.007225511	0.007776324	0.004825809	0.002677901	0.004509868	0.006434746	0.003739501	0.004281803
