Vessel Name: 12062020_InCu_KaKr_KK1-77_P7_8
Metric: RFP Integrated Intensity / GFP Integrated Intensity
Cell Type: 
Passage: 0
Notes: 
Analysis: KaKr-A549-H2B-GFP/-RFP_DEFv10

Date Time	Elapsed	MSR1	MT1H	MT1HL1	MT1M	MT2A	MX1	MX2	MYCL	MYD88	NCOA7	NEXN	NKX3-1	NMI	NT5C3A	NUPR1	OAS1	OAS2	OAS3	OASL	OGFR	P2RY14	PALM2-AKAP2	PAQR8	PARP10	PARP11	PARP12	PARP14	PARP9	PCDH17	PDCD1LG2	PDZD2	PGAP1	PHF11	PID1	PIWIL4	PLEKHA4	PLSCR1	PLXDC2	PMAIP1	PNPT1	POLD1	POLI	PPM1K	PSMB8	PSMB9	PTAFR	RAI14	RARRES3	RASA2	RASGEF1B	RASGRP3	RGL1	RGS1	RHBDD2	RIN2	RNF213	RTCB	RTP4	RUFY4	S100A4	SAMD9	SAMD9L	SAMHD1	SDS	SECTM1	SERPINA1	SERPINB13	SERPINB3	SERPINB4	SERPING1	SIGLEC1	SLAMF7	SLC11A1	SLC15A3	SLC16A10	SLC1A5	SLC25A28	SLFN12L	SLFN5	SOCS1	SP100	SP110	SREK1IP1	STAT1	MAVS	BST2	EIF2AK2	RSAD2	NTC1	NTC2	NTC3	NTC4	NTC5
12.06.2020 10:12:00	0	2.618708e-05	3.56825e-05	0.001006462	9.840036e-05	3.625998e-05	3.001264e-05	0.0003033459	3.211209e-05	3.218131e-05	0.0001165175	0.0001843901	3.223124e-05	3.188636e-05	3.457765e-05	3.718375e-05	3.471053e-05	3.417372e-05	3.671303e-05	9.120271e-05	3.486023e-05	3.88821e-05	0.0001017148	0.0001038272	3.612274e-05	5.945278e-05	3.546168e-05	3.553053e-05	3.262297e-05	4.194496e-05	3.56712e-05	0.0001054494	0.0002443617	3.721768e-05	3.801074e-05	4.611358e-05	7.895823e-05	0.0008535482	3.891344e-05	3.794854e-05	4.185194e-05	4.236465e-05	0.0001534398	0.1382443	0.0001187062	0,09017023	 	0,9291532	0,3715228	2.865868e-05	3.218354e-05	3.756542e-05	7.441841e-05	7.313633e-05	6.533922e-05	2.964929e-05	3.314355e-05	8.947247e-05	3.202044e-05	0.0005220023	2.70073e-05	3.52779e-05	3.078768e-05	2.867007e-05	3.575084e-05	3.637869e-05	0.006616737	 	 	 	 	 	2.937691e-05	6.657671e-05	5.766304e-05	3.455378e-05	3.737743e-05	0.0006645093	3.641419e-05	8.692814e-05	3.812287e-05	4.449051e-05	0.000126845	0.002179035	3.615153e-05	3.962921e-05	4.141231e-05	9.2004e-05	3.973837e-05	3.75291e-05	4.069528e-05	4.18098e-05	9.889642e-05	4.28286e-05
12.06.2020 13:12:00	3	2.493092e-05	3.462175e-05	0.0009633616	8.923285e-05	3.632929e-05	2.703796e-05	0.0002859002	3.207684e-05	2.92993e-05	6.173609e-05	0.0001785842	2.885835e-05	3.247887e-05	3.33557e-05	3.467751e-05	3.360518e-05	3.219493e-05	3.503029e-05	9.059979e-05	3.613003e-05	3.556145e-05	9.963068e-05	9.532031e-05	3.38568e-05	5.437471e-05	3.430527e-05	3.140791e-05	3.342003e-05	3.949472e-05	3.443534e-05	8.364282e-05	0.0002268488	7.665847e-05	3.456584e-05	4.069096e-05	7.383267e-05	0.0009618644	3.580564e-05	3.700752e-05	3.819384e-05	3.966895e-05	0.0001424948	0.1430985	0.0001165349	 	 	 	 	2.884166e-05	6.018983e-05	3.51835e-05	6.839199e-05	7.05475e-05	6.591306e-05	2.927802e-05	3.081307e-05	8.604015e-05	3.094241e-05	0.0004684464	2.617486e-05	3.268122e-05	2.928166e-05	2.797474e-05	3.357724e-05	3.413276e-05	0.006696084	 	 	 	 	0,9186904	2.759484e-05	6.013044e-05	3.419432e-05	3.431641e-05	3.402984e-05	0.0007295721	3.428022e-05	7.68628e-05	3.643487e-05	4.22749e-05	0.000108708	0.001969267	3.394196e-05	3.837203e-05	4.155226e-05	6.728814e-05	3.752915e-05	3.52563e-05	4.004232e-05	4.024718e-05	8.247449e-05	3.869145e-05
12.06.2020 16:12:00	6	7.564948e-05	0.0001295589	0.001064926	0.0003230885	3.206305e-05	9.858127e-05	0.0004344623	0.0002349355	0.0001278058	0.0003054268	0.0002342063	0.000258766	0.0001350574	7.465926e-05	0.0001964358	0.0002988705	2.742225e-05	3.384725e-05	0.0002212782	0.0002030522	0.0001161397	0.0004542273	0.0001888239	0.0001450253	0.0001838649	7.800257e-05	0.0001629914	2.872846e-05	0.000357611	0.0002600419	0.0001419683	0.000362841	0.0001503392	3.197885e-05	0.000294094	0.0002035682	0.001148304	0.0001146604	0.0001348328	0.000180121	0.0004672951	0.0001364677	0.131016	0.0002340733	 	 	 	0,6736163	0.0002004399	0.0002178374	0.0003411043	0.0001227512	0.0002506785	7.367575e-05	0.0003423938	8.166108e-05	8.663609e-05	0.0001770165	0.0005045851	0.0002883077	7.352533e-05	0.0002970322	0.0002933737	0.000289085	0.0003339065	0.006128334	 	 	 	 	 	2.825538e-05	0.0002237865	2.983797e-05	9.341307e-05	2.975382e-05	0.0008239562	0.0003198079	0.0001814517	0.0001721792	9.756372e-05	9.453314e-05	0.002032308	3.086736e-05	0.0001842104	9.622918e-05	0.001739325	0.0001475158	0.0001292851	3.54089e-05	0.0003180193	0.0002615055	0.0001881648
12.06.2020 19:12:00	9	0.004983145	0.005965673	0.006927608	0.005712364	0.003797067	0.00462452	0.006125943	0.006398042	0.004552885	0.00523286	0.007956694	0.005755798	0.005635143	0.006546582	0.005152669	0.005596154	0.005431829	0.01869885	0.005364332	0.006778209	0.008769741	0.0081223	0.007748588	0.004260188	0.005299388	0.007722685	0.006880322	0.006372024	0.005953647	0.004880743	0.005991413	0.005407661	0.006529434	0.006856586	0.00617931	0.006028514	0.006799682	0.005872743	0.005595882	0.006901031	0.007040804	0.002178391	0.1480097	0.006801907	 	 	 	 	0.005063198	0.005909999	0.005349259	0.005152826	0.00677598	0.005789379	0.006835994	0.006638133	0.006877242	0.006231294	0.004892902	0.006161849	0.007229297	0.00781397	0.007020952	0.005849703	0.005327373	0.005620571	 	 	 	 	 	0.005992215	0.00558238	0.005856633	0.005977125	0.005026212	0.005149023	0.005484342	0.005619428	0.006818112	0.005997198	0.006246855	0.008891634	0.006064016	0.005043609	0.003870862	0.03939315	0.00416085	0.005772703	0.003116803	0.005588686	0.004761913	0.004981257
12.06.2020 22:12:00	12	0.0227657	0.02599032	0.02827502	0.0221986	0.01923901	0.02197338	0.02275868	0.02360599	0.02063034	0.02306392	0.02789506	0.02634309	0.02274257	0.0292753	0.02660647	0.02809079	0.02673005	0.08303887	0.02400237	0.02885802	0.03406809	0.034297	0.03175926	0.02311082	0.02387719	0.02658543	0.02752471	0.02739438	0.02636168	0.02561203	0.02360939	0.02772827	0.02857655	0.02748511	0.02826841	0.02415909	0.02231714	0.02696501	0.02692257	0.03075799	0.02776752	0.01477114	0.1457421	0.0291104	0,0482047	 	 	0,9777055	0.02408577	0.02631829	0.02441135	0.02502816	0.0276528	0.02613742	0.02502823	0.02777316	0.03026575	0.02876078	0.02199463	0.02507355	0.03009763	0.03208768	0.02685808	0.02554041	0.0294332	0.005360707	 	 	 	1,991835	 	0.02835266	0.02679969	0.02734938	0.0270537	0.02778941	0.02428017	0.02764261	0.02934544	0.02837108	0.02833304	0.02850915	0.02737728	0.02421363	0.02512412	0.02415239	0.1312876	0.02071487	0.02298049	0.01934717	0.02142453	0.02130251	0.02133082
13.06.2020 01:12:00	15	0.05092097	0.05790215	0.05900852	0.05037001	0.04509566	0.0478446	0.04798785	0.05317269	0.04804184	0.05299139	0.05659555	0.0584389	0.05453804	0.06588986	0.06514852	0.06277389	0.05957568	0.2073984	0.05133797	0.06413314	0.07246579	0.07449529	0.0687732	0.0551601	0.05149373	0.0583078	0.0585105	0.06169778	0.05795822	0.0598304	0.05131383	0.06661055	0.06227551	0.0610667	0.06423747	0.05364824	0.0478684	0.06116906	0.06023455	0.06899569	0.0608763	0.03942535	0.1393885	0.0620743	 	 	 	0,7323405	0.0521691	0.05613489	0.05530524	0.05464443	0.06187651	0.05449252	0.05655017	0.05491508	0.06654763	0.06219069	0.05105468	0.05565688	0.06468903	0.06851759	0.05600267	0.05968793	0.0651214	0.04181768	 	 	 	2,888358	 	0.06343706	0.05863846	0.05794889	0.05894748	0.06195195	0.05692177	0.06368855	0.06548141	0.06351059	0.06232891	0.06066896	0.05631837	0.05396347	0.05921859	0.05178744	0.2382326	0.04847802	0.05076117	0.04670253	0.04630323	0.04910899	0.04665412
13.06.2020 04:12:00	18	0.0825188	0.09556971	0.09312262	0.08789495	0.07644213	0.08221403	0.08117206	0.08848907	0.07958592	0.08989523	0.08924611	0.09469281	0.09104294	0.1034063	0.1099595	0.1076872	0.1021075	0.3859265	0.0867439	0.1079799	0.1202639	0.1230213	0.1122903	0.09263777	0.08198883	0.09364161	0.0934092	0.101973	0.0900641	0.09530076	0.08052492	0.1081661	0.09962026	0.09791709	0.1057058	0.08756571	0.08280477	0.09880788	0.0980804	0.1080547	0.09643798	0.07532651	0.08994	0.09604852	 	 	 	0,312124	0.08757666	0.09153945	0.08902614	0.08822133	0.09850174	0.08692332	0.09179346	0.08773223	0.1107843	0.1039166	0.08884452	0.09058648	0.107773	0.1054697	0.09044005	0.09840836	0.1049491	0.08565799	 	 	 	2,099324	 	0.1023997	0.09451228	0.09453616	0.09574992	0.09985583	0.09414679	0.1007785	0.1091222	0.1029802	0.1050921	0.09814677	0.09139585	0.09366806	0.09928468	0.08769537	0.3421702	0.07793212	0.08888906	0.07919883	0.07793889	0.08053111	0.07905744
13.06.2020 07:12:00	21	0.1159655	0.1294889	0.1296552	0.1227952	0.1090724	0.1184223	0.1152752	0.1210098	0.1160925	0.1276053	0.1205391	0.1344997	0.1257502	0.1357516	0.1535127	0.150185	0.1440549	0.5945655	0.122185	0.150811	0.1648838	0.167004	0.1561253	0.1325075	0.1118278	0.1259256	0.1290828	0.14163	0.1202048	0.129932	0.1097638	0.1505779	0.1365214	0.1393653	0.1448877	0.1210401	0.1125702	0.1353835	0.13166	0.145673	0.1296603	0.1141589	0.09695679	0.132577	 	 	 	0,1121936	0.1207376	0.1270054	0.1217062	0.1213762	0.1346507	0.1182252	0.128222	0.120373	0.1527916	0.1473287	0.1290858	0.1277812	0.1484769	0.1415998	0.1269009	0.1386312	0.1437535	0.1508228	 	 	 	 	 	0.1394895	0.1300523	0.1285464	0.132942	0.1383039	0.1322806	0.1381562	0.1529783	0.1454412	0.1447615	0.134569	0.1291514	0.1371012	0.1467843	0.1290536	0.4351012	0.1069275	0.1248211	0.1128653	0.1100592	0.1121268	0.1113998
13.06.2020 10:12:00	24	0.1442462	0.1606444	0.1610112	0.1522599	0.1362336	0.1456106	0.145921	0.1493545	0.1476341	0.1597	0.1445317	0.1702105	0.1564759	0.1606874	0.1920509	0.1869103	0.1798972	0.801622	0.1520781	0.1931764	0.203412	0.2040986	0.1894215	0.16283	0.1356682	0.1537499	0.1581039	0.1749146	0.1464455	0.1590474	0.1368886	0.1876413	0.1672539	0.1725942	0.1784386	0.1498807	0.1367217	0.1653959	0.1619408	0.1781746	0.1571714	0.1504374	0.08181206	0.1654021	 	 	 	0,09857007	0.1485793	0.1581188	0.1537423	0.1510688	0.1629519	0.1437185	0.1590424	0.1475723	0.1932798	0.1830613	0.1626538	0.1601107	0.1811031	0.1702821	0.1578595	0.171661	0.1798181	0.2009944	0,5147905	 	 	2,505941	 	0.1700464	0.1606517	0.158762	0.1673408	0.17206	0.1662471	0.1707509	0.1921899	0.1842358	0.1804229	0.169123	0.1590297	0.175154	0.1918862	0.1685625	0.5022833	0.1311678	0.1558295	0.1408823	0.1374018	0.1402397	0.1377841
13.06.2020 13:12:00	27	0.1682825	0.1846424	0.187691	0.177557	0.1583342	0.1656912	0.1711834	0.1725414	0.1716797	0.1853663	0.1673181	0.1993718	0.1826227	0.1802052	0.2236971	0.2164018	0.2128123	1.011083	0.1776449	0.2230303	0.2347668	0.2344862	0.2163243	0.1875069	0.1554736	0.1736052	0.1830407	0.20563	0.1680205	0.1794903	0.1590725	0.2156219	0.1917659	0.2018299	0.2050902	0.1729169	0.1566864	0.1880181	0.1848728	0.2035835	0.1794951	0.1852084	0.1417291	0.1896619	 	 	 	0,2022581	0.1721107	0.1814926	0.1759327	0.1709066	0.1866913	0.162309	0.1826931	0.1710547	0.2268318	0.2134884	0.192197	0.1890753	0.2088928	0.1941034	0.1800296	0.1956085	0.2034708	0.2446755	 	 	 	2,852995	 	0.19604	0.1837053	0.1836309	0.191605	0.1977752	0.1931089	0.1971327	0.2237684	0.2144435	0.2072351	0.1952032	0.185495	0.2109457	0.2320583	0.1965997	0.5478763	0.1543444	0.182643	0.1624871	0.1617725	0.1599311	0.1580677
13.06.2020 16:12:00	30	0.1856153	0.2051877	0.2041655	0.1958889	0.1756959	0.1810682	0.1871847	0.1901643	0.1929606	0.2076015	0.1837268	0.2237031	0.2039885	0.1937925	0.2514275	0.2415712	0.2378971	1.206753	0.1975362	0.2493192	0.2626674	0.2540218	0.2384678	0.2105816	0.1716028	0.1914497	0.2005531	0.2248063	0.1848881	0.1968497	0.1746994	0.2377842	0.2094545	0.2214441	0.2235009	0.1927394	0.1712977	0.2063026	0.209112	0.2256732	0.196691	0.2177834	0.1352633	0.2106338	 	 	 	0,311675	0.1907573	0.1989733	0.1973582	0.1869664	0.2035677	0.175296	0.1979506	0.1914957	0.2544122	0.2385916	0.2142652	0.2112701	0.2319598	0.2166157	0.197304	0.2163537	0.2286752	0.3046218	0,337855	 	 	2,15358	 	0.2171621	0.2019843	0.2037222	0.2123064	0.2175296	0.2153354	0.219852	0.2494005	0.2403748	0.2342333	0.2185107	0.2075593	0.2427621	0.2663134	0.2212589	0.5592644	0.1726108	0.2024588	0.1810553	0.1815134	0.1805298	0.1749329
13.06.2020 19:12:00	33	0.1985134	0.2170888	0.2146384	0.2112314	0.1899125	0.192298	0.1986486	0.2019171	0.2077245	0.2227863	0.1934701	0.2407295	0.2186354	0.2026939	0.2713671	0.2572778	0.2561512	1.399095	0.213096	0.2675363	0.2856873	0.2718486	0.2537489	0.2270535	0.1799723	0.2014164	0.2138297	0.2386048	0.1919251	0.205533	0.1866951	0.2516116	0.2226514	0.236202	0.2346931	0.204269	0.1800531	0.2197351	0.2229903	0.2411386	0.2062993	0.2411189	0.1295976	0.2249679	 	 	 	0,1829341	0.2040411	0.2097087	0.2047059	0.2005666	0.2142439	0.1829541	0.2101746	0.2020836	0.2728758	0.2584594	0.2342277	0.2283546	0.251673	0.2325669	0.2109471	0.228153	0.240429	0.344115	 	 	 	1,973043	 	0.2332289	0.2144265	0.2198669	0.2284334	0.2312131	0.2324674	0.2377665	0.2688938	0.2553535	0.2507824	0.2326554	0.2217804	0.2678542	0.2941824	0.2397514	0.5565091	0.1850228	0.2111442	0.193963	0.1940645	0.1915122	0.184144
13.06.2020 22:12:00	36	0.2063477	0.2229439	0.2214049	0.218984	0.196945	0.1987858	0.2040521	0.2087785	0.2150321	0.2314575	0.200404	0.2507078	0.2267546	0.2079832	0.2850249	0.2692617	0.2686622	1.567804	0.2242444	0.2716205	0.2999322	0.2817095	0.2641497	0.2372956	0.1861722	0.2083098	0.2220416	0.2462826	0.1999167	0.2140453	0.1947702	0.2637267	0.2298701	0.2451393	0.2424416	0.2139512	0.1840519	0.2266278	0.236288	0.2499988	0.2112374	0.2604574	0.1364006	0.2321221	 	 	 	0,2877236	0.2088987	0.2162072	0.2135204	0.2077653	0.2184774	0.1908648	0.2154179	0.2090902	0.2892118	0.277793	0.2476214	0.2407026	0.2612444	0.2424049	0.2173974	0.2363715	0.2575061	0.453302	0,3152106	 	0,7409106	1,972218	1,282598	0.2416558	0.2212736	0.231127	0.2390146	0.2413272	0.2410963	0.2489766	0.2823953	0.2637195	0.2616134	0.2414203	0.2291893	0.2885753	0.3162986	0.2513877	0.5536038	0.1919256	0.2214911	0.2001258	0.2040276	0.1993708	0.1930591
14.06.2020 01:12:00	39	0.2118605	0.2263251	0.225504	0.2209158	0.201438	0.2024281	0.2059373	0.2128613	0.2190771	0.237228	0.2038265	0.2518314	0.2309491	0.2079001	0.2940719	0.2778606	0.2754481	1.714703	0.2253622	0.2735441	0.3086371	0.2856611	0.26953	0.2460454	0.1888292	0.2137004	0.2232155	0.2517136	0.2027127	0.2109417	0.1957788	0.2709129	0.2338215	0.2512304	0.2458207	0.2181361	0.1828079	0.2306826	0.2399007	0.259173	0.2140126	0.2744775	0.1569826	0.2349289	0,7715043	 	 	0,1827196	0.2101704	0.2189354	0.2173085	0.2122298	0.220131	0.1947452	0.2182626	0.2095926	0.3007489	0.284827	0.2536774	0.2487348	0.2674324	0.248015	0.2233656	0.2394302	0.2582288	0.4822825	0,471216	 	 	1,772563	 	0.246586	0.2234762	0.2320277	0.2450904	0.2448846	0.2421575	0.2548617	0.2919241	0.270677	0.2655506	0.2471669	0.2335918	0.3043912	0.3345021	0.2585995	0.5293695	0.192596	0.2226897	0.2037164	0.2098737	0.2040088	0.1960746
14.06.2020 04:12:00	42	0.2144914	0.225404	0.2261078	0.2240845	0.2010991	0.1994143	0.2071908	0.2093727	0.2211556	0.2392772	0.2023486	0.2567398	0.2297545	0.2076687	0.2985672	0.2808069	0.2770404	1.838702	0.2270692	0.271876	0.3096742	0.2873017	0.2682991	0.2500452	0.1873121	0.2137003	0.2225615	0.2517642	0.2013609	0.2078916	0.1920894	0.2747246	0.2320737	0.2539999	0.2491508	0.2189763	0.1799373	0.2294638	0.2412431	0.2638175	0.2138221	0.2850506	0.0	0.2334653	 	 	 	0	0.2095722	0.2200708	0.2160442	0.2131091	0.2180551	0.1907634	0.2187331	0.2101358	0.3053294	0.2875452	0.250021	0.2510778	0.2698464	0.2508238	0.2253961	0.2400622	0.2599089	0.4998417	0	 	 	0,8968396	 	0.2472657	0.2225865	0.229536	0.2482378	0.2433414	0.2407212	0.2565635	0.2936329	0.2732871	0.2661717	0.2488926	0.2327783	0.3072079	0.345538	0.2633078	0.5050988	0.1850444	0.2254051	0.2038843	0.2065498	0.2011868	0.1950337
14.06.2020 07:12:00	45	0.2145112	0.2252062	0.2239486	0.2175418	0.2001999	0.1946907	0.2016904	0.2084839	0.2202021	0.2409405	0.2016884	0.2586161	0.2284949	0.2047155	0.3021431	0.2842637	0.2793517	1.938302	0.2249391	0.2717943	0.3105527	0.2824223	0.2677546	0.2458165	0.1814689	0.2173513	0.2206649	0.2510704	0.199027	0.2039237	0.1900543	0.2734123	0.2302031	0.2542577	0.2475417	0.2134476	0.1740889	0.2296838	0.238989	0.2632265	0.2120032	0.2914103	0.08060718	0.2348453	 	 	0,468767	0,104811	0.2056178	0.2175867	0.2146985	0.2117653	0.2147417	0.1887246	0.2166435	0.2046755	0.3112726	0.2913908	0.2496368	0.2507487	0.2700737	0.250709	0.2220515	0.2392812	0.260305	0.5592611	0,1966244	 	 	1,127972	 	0.2418457	0.2165141	0.2284305	0.2483426	0.2439112	0.2375273	0.2555454	0.2962837	0.273241	0.259078	0.2491116	0.2280996	0.3118254	0.3540555	0.2654595	0.4785901	0.1845046	0.2251536	0.2015408	0.2038097	0.1977781	0.1917541
14.06.2020 10:12:00	48	0.2152632	0.2231035	0.2210099	0.2142553	0.1963254	0.1913837	0.1990035	0.2072593	0.2163138	0.2369751	0.1959421	0.2569616	0.2268819	0.2023905	0.3028166	0.2854719	0.2797115	2.040212	0.2243031	0.2671815	0.3096717	0.2793074	0.2669655	0.2426492	0.1794261	0.2174889	0.2206818	0.2507641	0.1977464	0.2013098	0.1903742	0.2713043	0.2275094	0.2554156	0.2465771	0.2106985	0.1675527	0.2249556	0.2361144	0.2668682	0.2110934	0.2946824	0.1398955	0.233667	 	 	0,3968928	0,3091271	0.200146	0.2144661	0.208924	0.2086861	0.2116582	0.1862066	0.2117178	0.2042547	0.3121534	0.293442	0.2460313	0.250767	0.2687355	0.252025	0.2231082	0.2341967	0.258475	0.6125475	0,6403625	 	 	1,199983	 	0.2414703	0.2159614	0.2256601	0.2469773	0.2419749	0.2345806	0.25359	0.2946096	0.2708066	0.2585402	0.2436361	0.2269982	0.3166054	0.3618213	0.2652255	0.4585532	0.1810257	0.221169	0.1918104	0.2010141	0.1931578	0.1864355
14.06.2020 13:12:00	51	0.2079988	0.2185937	0.2136645	0.2071538	0.1902994	0.1834921	0.1935515	0.2039345	0.2125971	0.2344302	0.1917784	0.2538312	0.221077	0.2005448	0.3022879	0.2811644	0.2776997	2.124121	0.22017	0.2611224	0.3096972	0.2745491	0.2590379	0.2393364	0.1752544	0.2154644	0.2173725	0.247975	0.1923134	0.1956438	0.1884808	0.2708672	0.2188897	0.2514928	0.242039	0.2045497	0.1600768	0.2235706	0.2360736	0.2617868	0.2068097	0.2950175	0.1530809	0.2250042	 	 	0,4550208	0,2619514	0.1961064	0.2109666	0.2094183	0.2067786	0.209214	0.1820832	0.2060996	0.2006679	0.3128871	0.2939887	0.2420693	0.2494418	0.2643944	0.2487593	0.218854	0.2303417	0.2531447	0.6368508	0,2614779	 	 	1,17766	 	0.2384379	0.2090479	0.2230074	0.2449801	0.2410968	0.2312762	0.2501801	0.2951097	0.2665949	0.2524544	0.2386096	0.2244747	0.3165191	0.3634019	0.2655321	0.4312595	0.1760205	0.21542	0.1897337	0.1988686	0.1884715	0.1816752
14.06.2020 16:12:00	54	0.2048296	0.2123838	0.2069033	0.1999484	0.1848358	0.1756294	0.188439	0.1985945	0.2084653	0.2275703	0.1864209	0.2481693	0.2169842	0.1947725	0.2979577	0.2760145	0.2756695	2.200894	0.2139632	0.2527103	0.2988539	0.2729479	0.2545346	0.2324212	0.1705944	0.2110489	0.2134515	0.2455608	0.1885426	0.1884927	0.1796473	0.2649659	0.2125267	0.2453716	0.2373005	0.1989553	0.1557445	0.2210203	0.2300004	0.2590127	0.2058788	0.2971395	0.155076	0.2194619	0,8646861	 	0,4623393	0,2697434	0.1909943	0.2057572	0.1986074	0.2012073	0.2038796	0.1764521	0.2032998	0.1951258	0.3095473	0.2891288	0.2368833	0.2484086	0.2586333	0.2465264	0.2143992	0.226107	0.2429684	0.6412315	 	 	 	1,113132	 	0.2339114	0.2067683	0.2189258	0.2380931	0.241109	0.2241285	0.241238	0.2899874	0.261699	0.246668	0.2333993	0.2211663	0.3170488	0.3668566	0.2598284	0.3927513	0.1710782	0.2080453	0.1777	0.1953076	0.1834818	0.1776569
14.06.2020 19:12:00	57	0.200389	0.2056567	0.2021183	0.1919947	0.1803853	0.1719486	0.1810724	0.1953131	0.2018107	0.2259338	0.1795719	0.2431728	0.2121027	0.1893445	0.2954514	0.2702297	0.2708606	2.269282	0.2116234	0.2437018	0.2918522	0.2661809	0.2465518	0.2295929	0.1651071	0.2053422	0.2090174	0.2386966	0.1835337	0.1849655	0.1755155	0.2597532	0.2066641	0.2400634	0.2298744	0.1885651	0.1505519	0.213398	0.2287085	0.251317	0.2023093	0.297034	0.1299155	0.2146789	0,782928	 	0,4225851	0,2089048	0.186789	0.2024373	0.1977449	0.1990915	0.1970656	0.1723797	0.1971442	0.1888956	0.3073158	0.2831964	0.2313921	0.2434287	0.2512197	0.244488	0.2105322	0.2196818	0.2382619	0.6571414	0,2676203	 	 	1,063945	 	0.2258087	0.2023119	0.2149088	0.2333315	0.2346592	0.217633	0.2344012	0.2801674	0.2573172	0.2387187	0.2308043	0.2159676	0.3181193	0.3658706	0.2530225	0.3636685	0.1665922	0.2012316	0.1730589	0.1899884	0.1782785	0.1692207
14.06.2020 22:12:00	60	0.1952723	0.198889	0.1967046	0.1876706	0.1741017	0.1643701	0.1731412	0.1912616	0.1982417	0.2198427	0.1760834	0.2377645	0.2077021	0.1842817	0.2930769	0.2652383	0.2674772	2.302249	0.2067815	0.2347603	0.2858481	0.2584134	0.2402876	0.2238454	0.1603423	0.1993534	0.2045511	0.2328076	0.1798333	0.1800214	0.1728733	0.2530914	0.1985562	0.2315306	0.2209474	0.1872255	0.1439948	0.2092915	0.2241984	0.2479029	0.1984989	0.2964346	0.1269978	0.2070666	0,7625444	 	0,5751349	0,2025172	0.1817898	0.1959122	0.1857114	0.194611	0.1914935	0.1662007	0.1910269	0.1802017	0.3065753	0.2767778	0.2247326	0.2382656	0.2430176	0.2383101	0.2051454	0.2147628	0.2291779	0.638624	 	 	 	0,9385586	 	0.2196857	0.1989305	0.2105686	0.227653	0.2299456	0.2111852	0.2270398	0.2743862	0.2488968	0.2315923	0.2254989	0.2132565	0.3141662	0.3667627	0.2458716	0.3404116	0.1564378	0.1919215	0.1601169	0.1841403	0.1721868	0.1634832
15.06.2020 01:12:00	63	0.1916028	0.1934602	0.1885185	0.1805328	0.169022	0.1577208	0.1669886	0.1845144	0.1954717	0.2125451	0.1699563	0.2304262	0.2018816	0.1816412	0.2887843	0.2585881	0.257812	2.326049	0.200056	0.2206991	0.2807681	0.2519248	0.2340583	0.2198484	0.1560425	0.1933881	0.1969898	0.227312	0.1721677	0.1738403	0.1680115	0.2472649	0.1906645	0.224655	0.2161976	0.1792524	0.1382284	0.2050227	0.2202903	0.2446554	0.1945782	0.2918165	0.1487185	0.2005909	0,7790068	 	0,404832	0,3926852	0.1717026	0.1886889	0.1794246	0.1888935	0.1841929	0.160929	0.1863665	0.1724959	0.3006569	0.2713339	0.2159711	0.2348985	0.2363326	0.2295575	0.2005876	0.2081531	0.2265171	0.6321125	0,8252869	 	 	0,8804757	 	0.216152	0.1935104	0.2055075	0.2234182	0.2242122	0.2045494	0.2217716	0.2712905	0.2396597	0.2244081	0.2192704	0.2068071	0.3087524	0.3653918	0.2400111	0.3189659	0.1474839	0.1814206	0.156258	0.1785264	0.1677484	0.1573909
15.06.2020 04:12:00	66	0.1871459	0.1855799	0.1784473	0.1739716	0.1634262	0.1532053	0.1613708	0.1759291	0.1849148	0.2029971	0.164181	0.2238091	0.1975093	0.1764819	0.2817999	0.2508859	0.2453089	2.331745	0.1968198	0.2095769	0.2756941	0.2439026	0.2236614	0.2135571	0.1505886	0.1876299	0.1928034	0.2179989	0.1641171	0.1699875	0.1643703	0.2430315	0.1839122	0.2181879	0.2096431	0.1704665	0.129748	0.1991377	0.2139688	0.2371581	0.1895227	0.2845255	0.1089104	0.1952341	0,3733599	 	0,2617491	0,2839532	0.1659205	0.1826255	0.1777756	0.1840675	0.1776693	0.1578091	0.1804259	0.1668176	0.2945464	0.2644452	0.2062795	0.225079	0.2289153	0.2235693	0.1934737	0.201937	0.2259629	0.6034235	0,1826993	 	 	0,7691555	 	0.208303	0.1879051	0.1996049	0.2169785	0.2154542	0.1972577	0.2116514	0.2652958	0.2352174	0.2167501	0.213564	0.1993731	0.3024079	0.3602084	0.23006	0.2968744	0.1413078	0.170485	0.1552742	0.1759157	0.1597533	0.1488713
15.06.2020 07:12:00	69	0.183286	0.1776541	0.1713373	0.1673218	0.1582398	0.1474991	0.1563764	0.1701947	0.1763678	0.1941266	0.1552833	0.2161298	0.1894547	0.1688617	0.2797397	0.244876	0.2371339	2.343583	0.1906816	0.2020331	0.2663878	0.2323951	0.2175774	0.2033547	0.1447257	0.1812908	0.1872429	0.2107171	0.1597255	0.1632987	0.1564163	0.2373156	0.1739645	0.2076283	0.2031131	0.1635434	0.1212494	0.1932249	0.2062983	0.2316197	0.1850516	0.283573	0.1342133	0.1887009	0,4111479	 	0,3603969	0,3177317	0.1593193	0.1794042	0.1674872	0.1759537	0.1668575	0.1510222	0.1717931	0.1621377	0.2893082	0.2561285	0.1971014	0.2150297	0.2217694	0.219098	0.1880675	0.1937279	0.2217059	0.5666788	0,2254263	 	 	0,7528101	 	0.199615	0.1822703	0.193734	0.2102771	0.2124026	0.1908736	0.2037753	0.2561056	0.2256376	0.2121232	0.2052964	0.1890639	0.2935722	0.3501642	0.2201006	0.284376	0.1336749	0.1598846	0.1502458	0.1686164	0.1521895	0.141436
