Vessel Name: 05062020_InCu_KaKr/AC_KK1-74_P7_7
Metric: RFP Integrated Intensity / GFP Integrated Intensity
Cell Type: 
Passage: 0
Notes: 
Analysis: KaKr-A549-H2B-GFP/-RFP_DEFv10

Date Time	Elapsed	MSR1	MT1H	MT1HL1	MT1M	MT2A	MX1	MX2	MYCL	MYD88	NCOA7	NEXN	NKX3-1	NMI	NT5C3A	NUPR1	OAS1	OAS2	OAS3	OASL	OGFR	P2RY14	PALM2-AKAP2	PAQR8	PARP10	PARP11	PARP12	PARP14	PARP9	PCDH17	PDCD1LG2	PDZD2	PGAP1	PHF11	PID1	PIWIL4	PLEKHA4	PLSCR1	PLXDC2	PMAIP1	PNPT1	POLD1	POLI	PPM1K	PSMB8	PSMB9	PTAFR	RAI14	RARRES3	RASA2	RASGEF1B	RASGRP3	RGL1	RGS1	RHBDD2	RIN2	RNF213	RSAD2	RTCB	RTP4	RUFY4	S100A4	SAMD9	SAMD9L	SAMHD1	SDS	SECTM1	SERPINA1	SERPINB13	SERPINB3	SERPINB4	SERPING1	SIGLEC1	SLAMF7	SLC11A1	SLC15A3	SLC16A10	SLC1A5	SLC25A28	SLFN12L	SLFN5	SOCS1	SP100	SP110	SREK1IP1	C1 (Mx2)	C2 (STAT1)	C3 (MAVS)	C4 (BST2)	C5 (EIF2AK2)	C6 (RSAD2)	NTC1	NTC2	NTC3	NTC4	NTC5
05.06.2020 10:20:00	0	5.382271e-05	2.772895e-05	3.54156e-05	2.887559e-05	3.620275e-05	0.0001194651	3.166859e-05	2.707078e-05	2.479042e-05	3.686245e-05	0.0001981216	3.067256e-05	2.794706e-05	3.418825e-05	2.95551e-05	2.456715e-05	3.533367e-05	3.945719e-05	3.028595e-05	2.935052e-05	3.344343e-05	3.714761e-05	0.0004961376	2.94633e-05	2.423031e-05	2.463062e-05	3.460323e-05	3.481989e-05	3.236796e-05	2.999448e-05	7.619266e-05	3.404777e-05	0.000165363	2.533975e-05	0.000112417	3.432307e-05	2.954376e-05	3.078078e-05	0.0002462341	0.0001684946	3.432668e-05	0.000284888	0.02047173	5.926546e-05	0.01624668	0.1168464	0,06959241	0.02523206	1.599152e-05	2.930835e-05	7.583362e-05	5.878028e-05	2.543271e-05	2.404972e-05	2.327035e-05	2.607103e-05	2.607605e-05	2.524032e-05	5.155327e-05	2.542411e-05	0.001458352	7.081141e-05	0.000116244	2.257319e-05	2.726725e-05	5.010032e-05	0.01803171	0.5026884	0.01615242	0.04872609	0.2407492	0.08497027	2.882683e-05	2.578209e-05	2.488604e-05	2.977112e-05	2.936421e-05	2.305645e-05	2.39097e-05	2.675541e-05	2.7041e-05	2.9624e-05	3.055963e-05	2.795245e-05	3.050401e-05	2.933096e-05	3.215407e-05	8.897988e-05	3.090965e-05	2.569219e-05	2.385656e-05	2.893017e-05	0.006102607	3.240263e-05	0.0002217585
05.06.2020 13:20:00	3	4.779068e-05	2.34239e-05	2.743959e-05	2.50497e-05	2.572473e-05	9.430374e-05	2.49198e-05	2.23334e-05	2.270151e-05	2.883632e-05	0.0001782242	2.489442e-05	2.298402e-05	2.874986e-05	2.338262e-05	2.065027e-05	3.00152e-05	2.887281e-05	2.553528e-05	2.510448e-05	2.850594e-05	2.921248e-05	0.0004780634	2.407716e-05	1.894104e-05	1.992425e-05	2.93545e-05	2.942328e-05	2.607192e-05	2.405775e-05	1.424136e-05	2.764836e-05	0.0001677215	2.134106e-05	0.0001007107	2.387411e-05	2.357561e-05	2.48663e-05	0.0002193191	0.0001654656	2.718856e-05	0.0002732314	0.01461805	4.297333e-05	0.0127395	0.101644	0,05364627	0.01785805	1.201837e-05	2.180577e-05	5.600433e-05	5.023275e-05	2.110064e-05	1.999584e-05	1.836843e-05	2.127331e-05	2.296551e-05	1.892544e-05	4.806528e-05	0.000260294	0.001339825	6.702616e-05	0.0001093343	1.710025e-05	2.225699e-05	2.194794e-05	0.016994	0.2728101	0.01658119	0.03716452	0.1125056	0.03506338	2.456387e-05	2.140149e-05	2.024317e-05	2.432761e-05	2.427544e-05	1.936088e-05	1.9646e-05	2.1719e-05	2.187197e-05	2.399049e-05	2.380771e-05	2.307745e-05	2.360528e-05	2.329442e-05	2.53668e-05	7.887452e-05	2.47082e-05	2.131108e-05	1.838778e-05	2.173929e-05	0.006015837	2.532229e-05	0.000172049
05.06.2020 16:20:00	6	9.139873e-05	0.0004769226	0.0001229833	0.0001464213	0.0001761936	0.0001423526	6.928949e-05	0.0001848393	9.235201e-05	0.0001652493	0.0002050739	0.0001385674	0.0001167515	0.0001957374	0.0001983809	0.0001292064	2.89118e-05	0.0003998549	0.0002200597	2.300695e-05	0.0001564063	5.196072e-05	0.0005857516	2.333752e-05	1.864615e-05	0.0001029058	0.0001466523	7.301367e-05	2.322495e-05	0.0005054325	0.0001666013	2.694814e-05	0.0002977313	1.978541e-05	0.0001931067	0.0002141229	2.349888e-05	0.000263826	0.0004234499	0.0003329871	7.67629e-05	0.0002442873	0.01485463	0.0002357163	0.01254913	0.1206943	0,09986432	0.02657449	0.0003169141	6.348678e-05	5.986623e-05	0.0001143544	0.0001626786	0.0001749487	0.0001019014	9.483015e-05	0.0003162655	2.004801e-05	0.0001868667	0.000433063	0.001434548	0.0002418069	0.0001776834	7.829077e-05	2.021072e-05	0.0002062591	0.01645504	0.2844005	0.02028016	0.03615067	0.08127046	0.03760152	2.311322e-05	8.502841e-05	6.478163e-05	8.299248e-05	0.0001540442	0.0001042297	0.000129305	2.158119e-05	5.820211e-05	0.0002698634	2.287261e-05	2.098875e-05	0.000119516	0.0001500962	0.0003764742	6.114798e-05	0.002711664	6.202018e-05	0.0001419473	2.281432e-05	0.006132471	6.712386e-05	7.467048e-05
05.06.2020 19:20:00	9	0.004195114	0.005605578	0.003986003	0.004999993	0.00558616	0.004211647	0.005036825	0.005327218	0.002747306	0.003391087	0.004602118	0.003481601	0.005475402	0.005639774	0.004302987	0.004545355	0.004280905	0.01241521	0.005790048	0.005303227	0.004746151	0.006428431	0.006860548	0.004227302	0.003766306	0.005868688	0.004981684	0.004988452	0.005494221	0.005967138	0.004150651	0.004776387	0.004971353	0.004217486	0.00354652	0.005561582	0.004170474	0.005520162	0.005013187	0.005947257	0.003666487	0.002318968	0.01798952	0.004719942	0.01481162	0.08584113	0,137233	0.01505248	0.003918028	0.004923487	0.00439432	0.004355748	0.005095143	0.00525793	0.006068309	0.003764359	0.006089672	0.00189299	0.003784735	0.004912742	0.005753008	0.005851565	0.005890655	0.004789404	0.004669413	0.005046076	0.01785185	0.5207739	0.02675729	0.0429255	0.07187051	0.03606339	0.004705944	0.004269803	0.003976813	0.003288635	0.003935297	0.003221121	0.003686926	0.003916848	0.003838437	0.005163707	0.003419938	0.003946671	0.004247589	0.003973637	0.003979284	0.002460822	0.0388648	0.003831993	0.004505766	0.004332001	0.01016821	0.002977615	0.003591061
05.06.2020 22:20:00	12	0.01723468	0.01944446	0.01798038	0.01828607	0.02054576	0.01776894	0.01991613	0.02079614	0.01300661	0.01607091	0.01940973	0.01545391	0.002166161	0.01954952	0.02022795	0.01822406	0.02004037	0.05017328	0.02008188	0.02139969	0.02147986	0.02575395	0.02452146	0.01588259	0.001431783	0.02524998	0.02054631	0.02197084	0.02380253	0.0244414	0.02056368	0.02250661	0.02145722	0.01988508	0.0223599	0.02310269	0.02017723	0.02299043	0.02288838	0.02233193	0.01867171	0.01051244	0.01416842	0.02103198	0.01303881	0.08127729	0,145651	0.03208792	0.01526217	0.02243746	0.0213316	0.02312736	0.02140095	0.02126957	0.02277396	0.01763381	0.02287193	0.01275046	0.01694276	0.01689063	0.01922336	0.02125929	0.02308127	0.0192948	0.01918438	0.01887879	0.01752547	0.4924773	0.02181427	0.0332114	0.09396805	0.03162124	0.01983865	0.01854445	0.02158813	0.01568698	0.0203106	0.01641996	0.01786656	0.01772738	0.02067433	0.02232637	0.01627545	0.01719866	0.01818444	0.01714593	0.01759705	0.01453114	0.09837121	0.01469062	0.01706788	0.01713096	0.02218588	0.01634335	0.01597174
06.06.2020 01:20:00	15	0.03662922	0.03958334	0.04070363	0.03739654	0.04475719	0.04025275	0.04222095	0.04541142	0.02898625	0.03733381	0.04348941	0.03392601	0.03876649	0.04604211	0.04367974	0.03940801	0.04421186	0.1258721	0.04521777	0.04674345	0.04938628	0.05637218	0.05365367	0.03647116	0.0418164	0.05095535	0.04922637	0.05009794	0.05204884	0.05321711	0.04692334	0.05255909	0.04789354	0.04353693	0.04990645	0.04705061	0.04433624	0.05157913	0.04955534	0.04832049	0.04143826	0.02840365	0.01688534	0.04601937	0.01441131	0.09580547	 	0.0339577	0.0350286	0.05032041	0.04350781	0.05412938	0.04820296	0.04399179	0.04821619	0.03989363	0.04661426	0.03128697	0.03991087	0.03528998	0.03976626	0.04551782	0.04726022	0.04313171	0.04496938	0.04105506	0.01618877	0.5557364	0.02722833	0.04209457	0.1047989	0.07036585	0.04453667	0.04147097	0.04517236	0.03939366	0.04413308	0.03806485	0.04260318	0.04251824	0.04557073	0.04699326	0.03456044	0.04037366	0.03908858	0.03960788	0.03905758	0.03397419	0.1544608	0.03383939	0.03835871	0.03807469	0.04283928	0.03756113	0.03717278
06.06.2020 04:20:00	18	0.05783773	0.06087812	0.06546619	0.05801761	0.0726736	0.0653697	0.07089005	0.07180406	0.04813212	0.06233752	0.06910931	0.05555202	0.06451707	0.07428962	0.07493637	0.06623624	0.07136141	0.2280322	0.07304329	0.07667725	0.08090433	0.09237796	0.0859639	0.0629689	0.07043996	0.08059156	0.07955455	0.0839465	0.08546399	0.08833975	0.08125585	0.08346612	0.07719725	0.07222115	0.08068528	0.07469534	0.07356652	0.0830698	0.07827622	0.07781087	0.06958061	0.05160677	0.01561046	0.07704771	0.0142325	0.09641732	 	0.03694721	0.05929884	0.08442288	0.07471786	0.09488703	0.07999851	0.0704409	0.07830107	0.06688461	0.07411948	0.0524416	0.0697069	0.05784639	0.06311022	0.07483542	0.07481456	0.06824369	0.07298711	0.06662136	0.01674158	0.6283843	0.0314828	0.04220365	0.08737372	0.05034273	0.07149448	0.06934627	0.07588062	0.06565239	0.07383107	0.06338891	0.07046869	0.06890018	0.07649794	0.0799651	0.05872604	0.06882865	0.06115018	0.06941728	0.06559639	0.05539158	0.206245	0.05597463	0.06313685	0.06596035	0.06848796	0.06529799	0.0621331
06.06.2020 07:20:00	21	0.07627896	0.08011581	0.08911856	0.0772254	0.09885143	0.08843379	0.0995407	0.09925522	0.06582112	0.08595746	0.09373447	0.07754728	0.08923396	0.09812517	0.1029441	0.09103719	0.1004689	0.346778	0.09646251	0.1073482	0.109748	0.1295091	0.1155211	0.08403632	0.0969888	0.1073896	0.1093325	0.1162993	0.1173664	0.1203266	0.1161622	0.1145041	0.1040562	0.1022612	0.1092307	0.1041825	0.1021524	0.1155531	0.1077842	0.1060452	0.09578221	0.08089318	0.01579902	0.1074201	0.01516038	0.1228631	 	0.02847712	0.08354497	0.1160315	0.1061544	0.136055	0.1104096	0.0960758	0.1077364	0.09642898	0.1017311	0.07333209	0.09968036	0.07965147	0.08733639	0.104536	0.100609	0.09536733	0.1018719	0.09276228	0.01711419	0.1205488	0.02904392	0.04327551	0.07579881	0.08148137	0.09884874	0.09633974	0.1066817	0.09288517	0.1024171	0.09090936	0.09736266	0.09481155	0.1067569	0.1136451	0.08377189	0.09579412	0.0836546	0.09833033	0.09494945	0.07681311	0.2476213	0.07829115	0.09104814	0.09447713	0.09594153	0.09501443	0.08814632
06.06.2020 10:20:00	24	0.09384537	0.0985029	0.1101768	0.09404705	0.1220466	0.1092357	0.1254714	0.1244127	0.08073232	0.1057498	0.1151244	0.0981123	0.1154337	0.1148631	0.1288251	0.1098435	0.1271791	0.4717706	0.1206979	0.131476	0.1377757	0.1618645	0.1411375	0.1020825	0.1228642	0.1317111	0.1376117	0.1455963	0.1467269	0.1501738	0.147751	0.1413427	0.1287816	0.1329463	0.1359228	0.1322375	0.1308957	0.1462569	0.136303	0.1318196	0.1183404	0.1143398	0.009296994	0.1349471	0.009057811	0.07445204	 	0.04325683	0.1045896	0.1456599	0.136247	0.1748771	0.1372108	0.1202903	0.134538	0.1264759	0.1246651	0.0910408	0.1277758	0.1000919	0.1117215	0.1350649	0.1251272	0.1205633	0.1277116	0.1164296	0.01391954	0.07328805	0.02083272	0.02901112	0.06542145	0.06789074	0.1269052	0.1212801	0.1332465	0.1174266	0.1288859	0.1136938	0.1221556	0.1213026	0.1361564	0.1448493	0.1044369	0.1211176	0.1050228	0.1266159	0.123911	0.09717554	0.2751268	0.09961542	0.1148652	0.1200605	0.1191299	0.1251855	0.112727
06.06.2020 13:20:00	27	0.1070814	0.1115393	0.124494	0.107438	0.1401536	0.1241995	0.1481125	0.1444735	0.09196363	0.1242888	0.1280599	0.1142673	0.1366536	0.1288483	0.1487654	0.1262621	0.1455037	0.5886931	0.1390861	0.1505704	0.1598138	0.187516	0.1588421	0.1185892	0.1450652	0.1503902	0.1613547	0.1660981	0.1704131	0.1723006	0.1737384	0.1614681	0.1489422	0.1568579	0.1551635	0.1562416	0.1548768	0.1693812	0.1580753	0.1543348	0.1367924	0.1402428	0.0141708	0.1558157	0.01468834	0.1380699	 	0.04299701	0.1192834	0.1742969	0.1617523	0.2088882	0.158268	0.1409447	0.1525281	0.1477056	0.1469916	0.1073764	0.1531891	0.1150483	0.1333251	0.1584302	0.1425315	0.1409189	0.1489969	0.1342634	0.01739089	0.09563819	0.02916114	0.04187222	0.08263426	0.08273298	0.1487634	0.1421817	0.1557788	0.1395229	0.1530733	0.130198	0.1440254	0.1412015	0.1613564	0.1713415	0.1248288	0.1436222	0.1226031	0.1530837	0.1500497	0.1141064	0.2934559	0.1184725	0.1361382	0.1431125	0.1396595	0.151072	0.1346191
06.06.2020 16:20:00	30	0.1145586	0.1181139	0.136253	0.1174364	0.1547963	0.1348237	0.1627813	0.1576033	0.1004487	0.1375166	0.1381635	0.1247777	0.1521344	0.1379583	0.1605808	0.1351462	0.1606315	0.6987126	0.1538132	0.1632615	0.1747425	0.2076062	0.1723957	0.1303141	0.1609881	0.1663704	0.1776984	0.1815299	0.187882	0.1897083	0.1916422	0.1769367	0.1627528	0.1743584	0.1700788	0.1761889	0.1756907	0.1878464	0.1781997	0.1725981	0.1506065	0.1597676	0.01516111	0.1725823	0.01462401	0.1986364	 	0.04846442	0.1267264	0.1866468	0.1790033	0.2362253	0.1720624	0.1570489	0.1659359	0.1618987	0.1601212	0.1166776	0.1737045	0.1270551	0.1491578	0.1780336	0.1569332	0.1563474	0.1661711	0.1503664	0.04998485	0.113887	0.03002435	0.04248109	0.09067645	0.1465187	0.1664867	0.1571808	0.1722206	0.1560293	0.1683786	0.1440357	0.162501	0.1554239	0.1788827	0.1926131	0.1409082	0.1604829	0.1345352	0.1761597	0.1739736	0.129104	0.3025311	0.130826	0.1534385	0.1615705	0.1565605	0.1706613	0.1507308
06.06.2020 19:20:00	33	0.1192647	0.1229792	0.144474	0.1232384	0.1653927	0.1402791	0.1737375	0.1664919	0.1046365	0.144893	0.1470522	0.1283178	0.1610636	0.1436994	0.1661517	0.1417626	0.1714963	0.7973023	0.1604094	0.1713645	0.1871739	0.2205264	0.1851663	0.1318162	0.1707851	0.1765572	0.1908908	0.1931641	0.2003977	0.2014033	0.2053544	0.187887	0.1717486	0.1868158	0.180683	0.1889918	0.1885101	0.2001769	0.1905051	0.1871021	0.1625505	0.1823108	0.01299953	0.1858679	0.01474854	0.1778517	 	0.05321385	0.1305762	0.1952747	0.1923829	0.2584527	0.1831423	0.1666651	0.1745085	0.1721036	0.1713382	0.1234456	0.1891131	0.1317501	0.1594125	0.1942603	0.1654041	0.1650077	0.1764302	0.1579932	0.06241511	0.1261346	0.03241607	0.04184243	0.04532659	0.3294224	0.1798305	0.1671631	0.1801937	0.1669316	0.1790415	0.1512311	0.1735108	0.1632983	0.1915019	0.2037605	0.1503342	0.173133	0.1399444	0.1913313	0.1905051	0.1378566	0.3030647	0.1373289	0.1632826	0.1712443	0.167179	0.1849347	0.1611047
06.06.2020 22:20:00	36	0.1214475	0.1263625	0.1483991	0.1237746	0.1693708	0.1432961	0.1771448	0.1733468	0.1079831	0.1509	0.1515045	0.1312106	0.164755	0.1438905	0.1683164	0.148602	0.1734165	0.8822599	0.1650892	0.1729444	0.1966792	0.2300227	0.1928928	0.1349206	0.1761297	0.1837664	0.1957749	0.2028013	0.2106689	0.2099898	0.2172201	0.1966268	0.1762504	0.1938416	0.1883141	0.1955374	0.1963049	0.2092267	0.1967222	0.1976229	0.1704692	0.1959866	0.01238367	0.1952144	0.01525458	0.268153	1,280042	0.0631172	0.1316757	0.2030999	0.2021626	0.2774687	0.1917234	0.1714366	0.181298	0.1786741	0.1780699	0.1303693	0.2017235	0.1324466	0.1648867	0.2050349	0.1679705	0.1697589	0.18414	0.1633855	0.09852304	0.148877	0.03090641	0.03798847	0.04986256	0.2145442	0.1869186	0.1750003	0.1837618	0.1733923	0.1852648	0.1574537	0.1770474	0.1727123	0.1977382	0.2128752	0.1568864	0.1813607	0.1448214	0.2044663	0.2067331	0.1456265	0.2879755	0.1419836	0.1709287	0.179581	0.1729308	0.1961107	0.1692353
07.06.2020 01:20:00	39	0.118635	0.1251092	0.1472018	0.1217358	0.169069	0.1460798	0.176824	0.1763732	0.10753	0.1516165	0.1492273	0.1291728	0.166475	0.1463602	0.1727722	0.1525854	0.1754373	0.9566404	0.1676052	0.173294	0.1974534	0.2356226	0.1978048	0.1329457	0.1812302	0.1900503	0.1973418	0.2068316	0.2176674	0.2131267	0.2241595	0.2004246	0.1793746	0.2016139	0.1925036	0.1975057	0.2002938	0.2155975	0.2032575	0.2024033	0.17453	0.2086147	0.01280438	0.2021177	0.01618007	0.1922343	 	0.1029777	0.1287242	0.2060227	0.2120983	0.2884622	0.1971088	0.1747915	0.1847444	0.1851891	0.1809969	0.1347803	0.2080801	0.1311641	0.1653385	0.2133203	0.1697328	0.1728452	0.1873735	0.1689535	0.109025	0.1493128	0.02807624	0.04151518	0.09500121	0.1833083	0.1878856	0.1793193	0.1862163	0.1766326	0.1869339	0.1580885	0.1804128	0.1769451	0.2010119	0.2193218	0.1587535	0.1855502	0.1472467	0.212666	0.218653	0.150888	0.2697144	0.1466111	0.1736957	0.1853586	0.1770483	0.2030307	0.1757853
07.06.2020 04:20:00	42	0.1176237	0.1228446	0.148925	0.1150082	0.1683595	0.146592	0.1762792	0.1741486	0.1050325	0.152812	0.1495294	0.1272369	0.1667385	0.1462966	0.1740213	0.151692	0.1732399	1.015352	0.1702271	0.1725494	0.1977392	0.2363354	0.2028537	0.1318097	0.1806146	0.1930642	0.1982684	0.2111298	0.2223151	0.2182699	0.2314382	0.201928	0.1795278	0.2081709	0.1974293	0.1961483	0.2034433	0.2169565	0.2053721	0.2087604	0.1757676	0.1970912	0.009485953	0.2068764	0.0133794	0.1634579	0,915904	0.1118372	0.1285778	0.2060376	0.2157889	0.2956614	0.2001211	0.1758403	0.1868913	0.1890671	0.1838144	0.1339299	0.2107881	0.1275617	0.1670012	0.2179221	0.1708778	0.1748569	0.190844	0.173078	0.1249899	0.1391987	0.02491546	0.03292326	0.1154741	0.1171407	0.1880746	0.1795849	0.1880462	0.180131	0.1901169	0.1597031	0.1847006	0.1773002	0.2045409	0.2220718	0.1624303	0.1860469	0.1462496	0.2174143	0.22789	0.1550962	0.2481719	0.1465663	0.176176	0.1897395	0.1788377	0.206503	0.1737206
07.06.2020 07:20:00	45	0.1147918	0.1202956	0.1490275	0.1088066	0.1631168	0.1410628	0.1775763	0.1711987	0.0999896	0.1525627	0.1450965	0.121054	0.165229	0.146594	0.16389	0.1486785	0.1708981	1.048383	0.1728647	0.1678817	0.1947712	0.2345529	0.2031479	0.1282309	0.1804399	0.195104	0.1940828	0.2102156	0.2202505	0.2185117	0.2338187	0.2017476	0.1785665	0.2116204	0.1976465	0.1961132	0.201061	0.2171456	0.2050127	0.2077723	0.174821	0.2025803	0.01010693	0.2089144	0.01373604	0.2135911	1,039026	0.2002162	0.1260743	0.2074266	0.2176384	0.2972859	0.1996011	0.1757928	0.186469	0.18817	0.1830839	0.1332891	0.2109638	0.1203503	0.1685065	0.2173192	0.1683901	0.1748058	0.1904141	0.1740754	0.1328468	0.1219763	0.0230429	0.03179996	0.1104962	0.1497984	0.1903743	0.1838043	0.1876498	0.1797833	0.187555	0.1577387	0.1861656	0.1785592	0.2045179	0.2230476	0.1603654	0.182707	0.1444494	0.2222975	0.2359827	0.1516346	0.2334431	0.1449143	0.1737565	0.1876807	0.177512	0.2073608	0.1745119
07.06.2020 10:20:00	48	0.1120857	0.1151523	0.1434429	0.1029473	0.1585784	0.1292905	0.1727962	0.1697531	0.09354983	0.1467338	0.1403551	0.1155635	0.1610759	0.1418844	0.1580139	0.145922	0.1667342	1.08258	0.1669505	0.1641382	0.1923567	0.2335263	0.1992817	0.1185083	0.178773	0.1948155	0.1928118	0.2089149	0.2151588	0.2165972	0.2362729	0.1991449	0.1783098	0.2096229	0.1959943	0.1924979	0.1982631	0.2147379	0.2024746	0.2059355	0.1715383	0.2074152	0.006665071	0.205576	0.01073511	0.1304566	0,6865915	0.1315706	0.119887	0.2042715	0.2175999	0.2951557	0.1977098	0.1743534	0.1865585	0.1859043	0.1817134	0.1315762	0.2091332	0.1152708	0.1661366	0.2122776	0.1631856	0.1713251	0.1899325	0.172332	0.1295871	0.1085825	0.01667184	0.02424225	0.09730566	0.2056604	0.1851378	0.1822526	0.184106	0.1786626	0.1853042	0.1551942	0.1833689	0.175165	0.2042428	0.2182884	0.1568231	0.1801581	0.1401121	0.2257036	0.2405307	0.1489325	0.2165559	0.1410157	0.1718743	0.1795535	0.1744689	0.2100251	0.1727379
07.06.2020 13:20:00	51	0.1059761	0.1093035	0.1370811	0.09793132	0.1553054	0.1238527	0.1709799	0.1665173	0.0892887	0.1446042	0.1346353	0.1087552	0.1532885	0.1375526	0.1552125	0.1420601	0.1672253	1.112234	0.1646386	0.1633908	0.1861426	0.2283886	0.1963103	0.1125852	0.1733099	0.1908381	0.1895534	0.2080214	0.2119637	0.2140482	0.2342799	0.1943291	0.1728518	0.2086172	0.1943257	0.1916925	0.1936957	0.2118118	0.2006147	0.2060335	0.1674611	0.2029337	0.005897591	0.2026044	0.01042158	0.1105746	0,6153746	0.1244816	0.1154315	0.1966208	0.2170266	0.2954537	0.1969987	0.1695008	0.1858236	0.1842082	0.1808713	0.1294583	0.2053137	0.1106482	0.1620883	0.2152535	0.1580399	0.1693589	0.1869217	0.1687009	0.1541916	0.1136954	0.01566199	0.02256254	0.1012884	0.2414219	0.1811952	0.1802178	0.1822825	0.1728793	0.180459	0.1491747	0.1835408	0.1675812	0.2013157	0.2128182	0.1538551	0.1787145	0.1358243	0.2245741	0.2417088	0.1431005	0.1967878	0.1368538	0.1671081	0.1764458	0.1733834	0.2062608	0.1708177
07.06.2020 16:20:00	54	0.1007908	0.105282	0.1325637	0.09601692	0.1470499	0.1173555	0.1684302	0.1627748	0.08732817	0.1391322	0.1307768	0.1032746	0.1507355	0.1313542	0.1477526	0.1397027	0.1616301	1.120575	0.1615291	0.157842	0.1871994	0.2239833	0.188667	0.1089303	0.1708365	0.1904725	0.1867272	0.2072099	0.2133384	0.2124094	0.2349281	0.1934758	0.1694183	0.2037095	0.1919607	0.1826953	0.1897478	0.2073228	0.1977284	0.2058314	0.1674063	0.2037074	0.005978295	0.2016969	0.01138979	0.1350836	0,6209536	0.1299241	0.1125911	0.19513	0.2183118	0.2991641	0.1966538	0.1672902	0.1821588	0.1834264	0.1757554	0.1259962	0.2015677	0.102716	0.1594731	0.2149902	0.1549424	0.165124	0.1861997	0.1652418	0.156082	0.2851969	0.01554875	0.0242003	0.03821687	0.1346413	0.1770209	0.1732348	0.1805065	0.1705623	0.1753548	0.1462578	0.1840984	0.1645474	0.1941806	0.2091476	0.1512171	0.173233	0.1293091	0.222306	0.2458081	0.1373786	0.180725	0.1353705	0.1635852	0.1719263	0.1692609	0.2029305	0.1665376
07.06.2020 19:20:00	57	0.09460823	0.101073	0.1297533	0.08896264	0.1411258	0.1143419	0.1644814	0.1579996	0.08451716	0.133864	0.1249244	0.09842286	0.1457603	0.1250303	0.1443158	0.1372357	0.1552074	1.124024	0.1599518	0.1536722	0.1818135	0.2184592	0.1854956	0.103267	0.1653385	0.1844851	0.1819912	0.2033221	0.2084008	0.2104807	0.234809	0.1888108	0.1663581	0.202838	0.1887056	0.1772638	0.184643	0.2018729	0.196489	0.2032477	0.1623094	0.2029382	0.007826114	0.2000978	0.01437391	0.1729112	0,7234716	0.1814713	0.1078396	0.1892148	0.2194162	0.2948467	0.1949275	0.1652098	0.1794247	0.1759556	0.1735949	0.1240514	0.1988871	0.09762258	0.1564053	0.2141477	0.1532892	0.1628353	0.1814828	0.1604193	0.1331452	0.6764222	0.02351859	0.02947587	0.0616118	0.1377492	0.1718942	0.1714217	0.1741066	0.1666216	0.1728968	0.1437369	0.1789865	0.1527139	0.188039	0.204621	0.1470798	0.1679714	0.124822	0.2223022	0.2497447	0.134157	0.1686088	0.1316973	0.1593169	0.1677949	0.1650959	0.1921737	0.160462
07.06.2020 22:20:00	60	0.08848054	0.09583641	0.1235564	0.08440174	0.1381322	0.1102247	0.156856	0.1554471	0.07792484	0.1291105	0.1204199	0.09147143	0.139579	0.1224039	0.1382111	0.1354247	0.151677	1.119982	0.1565957	0.1466465	0.1783783	0.2129352	0.1823912	0.09748881	0.1613758	0.180513	0.1758985	0.197992	0.1984192	0.2056152	0.2344467	0.1853775	0.1599136	0.1989516	0.1852644	0.1717976	0.181012	0.1946725	0.1922145	0.1989182	0.1590433	0.1967883	0.00879886	0.1976381	0.01566041	0.2389673	0,9188737	0.1558549	0.1037944	0.1830992	0.2148912	0.2915957	0.1924157	0.160632	0.1763868	0.1741351	0.1663426	0.1211306	0.1912033	0.09239247	0.1519655	0.2103077	0.1502386	0.1596432	0.1787946	0.1571592	0.1424573	0.3939469	0.0253748	0.03414144	0.1361129	0.28122	0.1604653	0.1683491	0.165343	0.1635438	0.1711127	0.1359645	0.172895	0.1462915	0.1838877	0.1942519	0.1431865	0.1620395	0.119226	0.2196478	0.2462781	0.1310136	0.1547598	0.1279171	0.1543478	0.1619196	0.1612415	0.1872988	0.1560238
08.06.2020 01:20:00	63	0.08417698	0.0886291	0.1181668	0.07875545	0.1307721	0.1050892	0.1518397	0.1496417	0.07434826	0.1236393	0.115699	0.08666053	0.1340301	0.1157425	0.1331844	0.127338	0.1488892	1.122139	0.151048	0.1379506	0.1710052	0.2068202	0.1780493	0.09436607	0.1548207	0.1757914	0.1716537	0.1931237	0.1907113	0.2032647	0.233721	0.1766336	0.1557522	0.1975164	0.1783867	0.1649615	0.1770806	0.1913	0.1870529	0.1933479	0.1514308	0.1900978	0.007232041	0.193183	0.01440361	0.1983346	0,7909809	0.1762306	0.1003294	0.1754801	0.2104213	0.2866876	0.1853751	0.1549345	0.1719642	0.1723834	0.163411	0.1179213	0.1880903	0.0876869	0.1481423	0.2087742	0.147738	0.1557882	0.1743757	0.151476	0.148914	0.3668274	0.02185067	0.0325534	0.1476892	0.2875787	0.1558649	0.1650686	0.1619235	0.1606153	0.1663186	0.1320499	0.163521	0.1396254	0.1798432	0.1893697	0.1376087	0.1536925	0.1144939	0.2134216	0.245315	0.1294005	0.1389229	0.1226347	0.15033	0.1575923	0.1583048	0.1822795	0.1515542
08.06.2020 04:20:00	66	0.08035831	0.08382349	0.1120005	0.07597119	0.1262072	0.09966803	0.1452746	0.1439055	0.06902359	0.1155965	0.1093605	0.08339835	0.1326384	0.1095353	0.1277658	0.1187149	0.1401861	1.102703	0.1476554	0.1315617	0.1609331	0.2002473	0.1716922	0.09065157	0.153484	0.1708873	0.1669293	0.1882211	0.1868517	0.1956574	0.2311363	0.1713114	0.1510286	0.1940226	0.1688131	0.1589306	0.1726637	0.1878558	0.1811912	0.1867667	0.1488298	0.1891441	0.005069152	0.1877473	0.009946682	0.1356911	0,5052585	0.08517731	0.09695737	0.1707843	0.2086869	0.2801885	0.1814356	0.1509368	0.1670069	0.1667924	0.1588221	0.1138174	0.1839462	0.08155207	0.1433223	0.2012444	0.1414414	0.1514458	0.1699138	0.1427146	0.1230501	0.263787	0.01673353	0.02791281	0.1103617	0.09324197	0.1515954	0.1611946	0.1560614	0.1556855	0.1617232	0.1280167	0.1561465	0.1317732	0.1756877	0.1818785	0.1340833	0.1468451	0.1102943	0.2090204	0.2411692	0.1259756	0.1247163	0.1197292	0.1459031	0.1514502	0.1532414	0.1749455	0.1468469
08.06.2020 07:20:00	69	0.07811034	0.07758828	0.1046552	0.07249922	0.11943	0.09452689	0.1374927	0.1395224	0.065684	0.1062017	0.1035211	0.07711293	0.1271309	0.1050818	0.1209706	0.1109625	0.1372618	1.063015	0.1418095	0.1265257	0.1561551	0.1828527	0.16818	0.08503085	0.1472876	0.1652813	0.1608654	0.1818156	0.1808182	0.1920293	0.2277041	0.1628494	0.1459147	0.1874238	0.1638119	0.1518925	0.1666433	0.1814352	0.1781945	0.1829355	0.1438114	0.1787586	0.006094463	0.180864	0.01081067	0.1528034	0,5018935	0.0	0.09332481	0.1652517	0.2022264	0.2699021	0.1771296	0.1461664	0.1644916	0.1607032	0.1552425	0.1095648	0.1807434	0.07737424	0.1372528	0.1942117	0.1373856	0.1499377	0.1658574	0.1371181	0.1192988	0.2066208	0.01930451	0.03402025	0.07163352	0.1240713	0.1425486	0.1574919	0.1543301	0.1539547	0.1548237	0.1233469	0.1506838	0.1271246	0.1716757	0.1764172	0.1298266	0.1400341	0.1049771	0.2034963	0.2394671	0.1244445	0.1141488	0.1144803	0.1396139	0.1478557	0.149499	0.1690864	0.1438062
