Vessel Name: 21-10-2022_KaKr_KK1-80_Screen_S4/4-B2/5_P7_10
Metric: RFP  Integrated Intensity / GFP  Integrated Intensity
Cell Type: 
Passage: 0
Notes: 
Analysis: KaKr-A549-H2B-GFP/-RFP_DEFv10

Date Time	Elapsed	SSB	ST14	STAB1	STAP1	STAT1	STAT2	TAP1	TAP2	TDO2	TDRD7	TIFA	TLR3	TLR7	TMEM140	TMEM217	TMEM62	TNFRSF1B	TNFSF10	TNFSF13B	TNFSF18	TNFSF8	TRAF3IP3	TRANK1	TRIM21	TRIM22	TRIM25	TRIM38	TRIM5	TRIM69	TYMP	UBA7	UBN2	UBQLNL	VCAN	WARS1	XAF1	ZADH2	ZBP1	ZBTB48	ZC3HAV1	ZMAT3	ZNF44	ZNF516	ZNFX1	NTC1	NTC2	NTC3	NTC4	NTC5	C1 (Mx2)	C2 (STAT1)	C3 (MAVS)	C4 (BST2)	C5 (EIF2AK2)	C6 (RSAD2)	NTC1	NTC2	NTC3	NTC4	NTC5
21/10/2022 16:45:00	0	3.917747e-05	4.116577e-05	7.601237e-05	3.412246e-05	4.212259e-05	6.761759e-05	3.843278e-05	3.610471e-05	3.641027e-05	4.329559e-05	4.173054e-05	4.161157e-05	5.103159e-05	0.000108441	4.032929e-05	4.191616e-05	4.161369e-05	4.263418e-05	3.568715e-05	4.380577e-05	3.908866e-05	3.984895e-05	3.933121e-05	0.002236766	4.863459e-05	0.0001003596	0.0001486637	4.542717e-05	7.051235e-05	3.928095e-05	4.18759e-05	4.717522e-05	4.448072e-05	5.625923e-05	5.421142e-05	4.699606e-05	0.0002193746	5.193372e-05	4.793132e-05	4.800727e-05	3.97207e-05	4.150763e-05	3.91276e-05	8.255031e-05	4.357032e-05	4.585289e-05	6.057496e-05	4.3513e-05	4.152077e-05	7.500178e-05	6.083693e-05	5.474329e-05	0.0001071309	5.524601e-05	4.922013e-05	6.434522e-05	5.938501e-05	6.004921e-05	6.570302e-05	0.000122016
21/10/2022 18:45:00	2	3.682934e-05	3.589149e-05	8.64128e-05	3.372117e-05	4.144294e-05	6.605698e-05	3.587479e-05	3.580957e-05	3.502655e-05	0.0001421289	4.07543e-05	3.901077e-05	4.753076e-05	9.681501e-05	3.674092e-05	3.34493e-05	4.222228e-05	7.516907e-05	3.689621e-05	4.186747e-05	3.707095e-05	3.739794e-05	4.10735e-05	0.002292508	4.44695e-05	6.749917e-05	0.00013393	4.099295e-05	3.787783e-05	3.446012e-05	3.728263e-05	4.38188e-05	4.383677e-05	5.125158e-05	5.257277e-05	4.26306e-05	0.0002122131	4.63916e-05	4.432464e-05	4.649269e-05	3.742806e-05	3.783274e-05	4.022665e-05	7.266754e-05	3.988962e-05	4.210775e-05	5.681079e-05	4.09374e-05	3.896304e-05	7.108652e-05	5.543793e-05	5.32624e-05	4.876237e-05	5.434776e-05	4.979521e-05	6.65176e-05	5.279389e-05	5.732811e-05	5.854723e-05	6.375684e-05
21/10/2022 20:45:00	4	4.606325e-05	5.011827e-05	8.848977e-05	4.47931e-05	5.068835e-05	7.170956e-05	8.77862e-05	4.617196e-05	4.283435e-05	5.141117e-05	5.174395e-05	5.32828e-05	6.166828e-05	0.000112651	4.828845e-05	4.767605e-05	5.46386e-05	5.276598e-05	4.983956e-05	5.309957e-05	4.723186e-05	5.130113e-05	5.051407e-05	0.00205595	5.832385e-05	7.808289e-05	0.000139011	5.401221e-05	4.75431e-05	4.950688e-05	5.209623e-05	5.949704e-05	5.453098e-05	6.295013e-05	6.16511e-05	5.504616e-05	0.0002172931	6.007144e-05	5.878819e-05	6.067568e-05	4.784e-05	5.239951e-05	4.958288e-05	8.679762e-05	5.143742e-05	5.571391e-05	7.67666e-05	5.638892e-05	4.825696e-05	8.842421e-05	7.227952e-05	6.632155e-05	7.180207e-05	7.052129e-05	6.73655e-05	8.403919e-05	7.26177e-05	7.315879e-05	7.491925e-05	8.360301e-05
21/10/2022 22:45:00	6	7.914941e-05	8.149738e-05	0.0002286423	4.490754e-05	0.0002602262	0.0001109301	0.000157067	9.816798e-05	0.0001616973	0.0001277075	0.0002874559	9.479713e-05	0.0004467337	0.0001031858	6.384895e-05	4.491205e-05	0.0001337811	0.0001354647	4.787001e-05	0.0001464389	0.0002316734	8.049497e-05	0.0002765963	0.002132821	5.580142e-05	0.0002197614	0.000234334	0.0001203061	4.969042e-05	0.0001393093	0.0001036983	9.673127e-05	0.0001743729	0.0001122443	0.0001756535	0.0001911213	0.0002080792	6.120029e-05	0.0002725852	0.000718541	9.046475e-05	0.0001459825	9.554903e-05	0.0001679259	7.728686e-05	0.0001077438	0.0001199297	0.000231742	0.0001053917	0.0001801019	0.0001908124	6.616738e-05	0.0001506541	0.001740002	0.0001225048	0.0002405943	0.0001854474	6.837178e-05	7.31376e-05	7.561994e-05
22/10/2022 00:45:00	8	0.0009033168	0.00172584	0.001748963	0.00190653	0.001077434	0.001341687	0.001285578	0.001524654	0.001888726	0.002120093	0.002459112	0.001299229	0.002411616	0.002236961	0.002189196	0.001156531	0.001750559	0.001419891	0.001060912	0.001499506	0.001943016	0.002089055	0.001979181	0.003617019	0.000946439	0.004601642	0.002180354	0.00228369	0.001659536	0.001658643	0.002146516	0.00203509	0.002501399	0.001208172	0.002080979	0.001986365	0.001747027	0.002897601	0.002333836	0.005340018	0.001699407	0.002239082	0.001675357	0.001534279	0.001725849	0.001739753	0.002428621	0.002946393	0.003189804	0.001180132	0.00100002	0.001596914	0.001301246	0.01740061	0.001674776	0.001114447	0.002157167	0.001704364	0.001850882	0.001611034
22/10/2022 02:45:00	10	0.004370184	0.006914396	0.007158156	0.007211914	0.005011634	0.005336668	0.005488214	0.006007912	0.007271292	0.00777345	0.008409288	0.00621783	0.008033366	0.009162367	0.009110242	0.006572402	0.008404235	0.00622545	0.00611721	0.00855027	0.008260548	0.008253119	0.008781421	0.008555312	0.006721229	0.01855675	0.008646823	0.008526637	0.008892134	0.007436015	0.009543238	0.009211013	0.009543707	0.005759906	0.008442047	0.009473982	0.009508716	0.01274331	0.01047037	0.02065749	0.007289223	0.008989392	0.008976477	0.00976593	0.008345484	0.006740084	0.009344516	0.01066722	0.01195505	0.005924455	0.006480539	0.007443356	0.006571017	0.05912739	0.007054152	0.00577763	0.00843945	0.007379109	0.007644587	0.007434017
22/10/2022 04:45:00	12	0.01154997	0.01905312	0.01708353	0.01602397	0.01384755	0.01417311	0.01350773	0.01560231	0.01712955	0.01900938	0.02084182	0.01584063	0.02054484	0.02365635	0.02425836	0.02109257	0.02206581	0.01716223	0.01600422	0.02113265	0.02170801	0.02111885	0.02280544	0.01933099	0.01693887	0.04228338	0.0223777	0.02269617	0.02205389	0.02066526	0.02487638	0.02350227	0.02295641	0.01607189	0.02053906	0.02754096	0.02540554	0.03038336	0.02636534	0.04507078	0.01964932	0.02304893	0.02346797	0.02389476	0.02137483	0.01666591	0.021065	0.02530786	0.02928484	0.01604278	0.01704273	0.01864771	0.01723368	0.1138987	0.0191021	0.01740742	0.0202517	0.0218369	0.01892206	0.01784875
22/10/2022 06:45:00	14	0.02363708	0.03556861	0.0342402	0.02920723	0.02645536	0.02695696	0.02622553	0.03006773	0.03180921	0.03419831	0.03725189	0.02934846	0.03792942	0.04371335	0.04486341	0.04005665	0.04142718	0.03560036	0.03086817	0.04171223	0.0400094	0.04033834	0.04290227	0.03553929	0.03466972	0.07084548	0.04197205	0.04199198	0.04154164	0.03804204	0.04646878	0.04201476	0.04600067	0.03040218	0.0395181	0.05202636	0.05109744	0.05608717	0.0484888	0.07579999	0.04035076	0.04300556	0.04268225	0.04868184	0.04005307	0.03212281	0.04064631	0.04750107	0.05335802	0.02961198	0.03483085	0.03580968	0.03354294	0.1755296	0.03369707	0.03338562	0.03526073	0.04114188	0.03590879	0.03159285
22/10/2022 08:45:00	16	0.03870665	0.05483224	0.05442927	0.04654001	0.04257553	0.04413423	0.04196619	0.04834332	0.05097358	0.05497592	0.05666677	0.04743024	0.05880358	0.06741673	0.06903541	0.06143448	0.0657085	0.05599336	0.0491867	0.06645063	0.06268331	0.06430534	0.06591089	0.05561378	0.05599468	0.1038758	0.06592504	0.06823172	0.06656712	0.05790142	0.07312665	0.06516692	0.07588843	0.04873786	0.06423125	0.0821266	0.08055878	0.08665973	0.07751875	0.1113303	0.06825721	0.06880078	0.06869345	0.07774752	0.06269103	0.0508136	0.0624861	0.07472219	0.08154362	0.04490858	0.05509092	0.0578219	0.05691379	0.239169	0.05367481	0.05138624	0.05608766	0.06474581	0.05385927	0.05292795
22/10/2022 10:45:00	18	0.05759176	0.07826059	0.07737472	0.06697034	0.06249654	0.06513914	0.06163919	0.06853029	0.07104598	0.07888334	0.08063539	0.06661954	0.08436589	0.09375596	0.09490255	0.08636848	0.09640569	0.07986475	0.06998756	0.09632074	0.08689054	0.09078963	0.08965335	0.08009796	0.08139341	0.1401022	0.0931321	0.09693327	0.09444123	0.07878177	0.1018594	0.0953754	0.1083692	0.06862481	0.09418894	0.1163657	0.1148611	0.1188766	0.1099077	0.1492207	0.09974282	0.09833892	0.09963365	0.1099158	0.08627047	0.07093065	0.08684732	0.1021495	0.1108781	0.06370026	0.08061219	0.08397403	0.08287299	0.3014037	0.07621886	0.0740822	0.0796115	0.09284896	0.07435764	0.07546604
22/10/2022 12:45:00	20	0.07905602	0.1019376	0.1002477	0.08951127	0.08520037	0.08934929	0.0813948	0.09010177	0.09328176	0.1040912	0.1071478	0.08741187	0.1118063	0.1213925	0.1229025	0.1134042	0.1287847	0.1064786	0.09329144	0.1278552	0.112144	0.1164149	0.115452	0.1046086	0.109404	0.1768297	0.1215479	0.1249376	0.1228991	0.1003873	0.1339732	0.1286416	0.1423777	0.08980423	0.1272268	0.1517616	0.1515217	0.153286	0.1449276	0.190304	0.1325004	0.1294493	0.1315723	0.1449783	0.1137411	0.09208295	0.1115582	0.1338994	0.1424778	0.08406829	0.1091905	0.113107	0.1102664	0.3560023	0.1014957	0.09867008	0.105412	0.120293	0.09918686	0.09816142
22/10/2022 14:45:00	22	0.1008654	0.1267264	0.1223402	0.1137222	0.1103355	0.1161559	0.1017087	0.1114131	0.1150404	0.1281379	0.1335463	0.1096122	0.1385292	0.1472914	0.1498502	0.1381852	0.1608528	0.1315905	0.1152637	0.1604427	0.1356683	0.1408796	0.1403444	0.128777	0.1346639	0.2105691	0.1484851	0.1531736	0.1514167	0.1222991	0.1658704	0.1609481	0.1748662	0.1126205	0.160641	0.1872067	0.1860207	0.1882512	0.1785668	0.230349	0.1676957	0.1594664	0.1611516	0.1780235	0.1393508	0.1128651	0.1359655	0.1630724	0.1726212	0.1082866	0.1383085	0.1467581	0.1371249	0.4018816	0.128505	0.1216477	0.1294599	0.1499482	0.1235236	0.1208487
22/10/2022 16:45:00	24	0.1244061	0.1457871	0.1448204	0.1357999	0.1330731	0.1446295	0.1202287	0.1320152	0.1343203	0.1502796	0.1569394	0.1301351	0.162157	0.1717467	0.1751185	0.1608735	0.1917631	0.1560621	0.1359138	0.1904753	0.1591416	0.1646636	0.1619815	0.1510821	0.1596759	0.2398577	0.1747859	0.1800316	0.1758012	0.1429949	0.1956283	0.1925597	0.2050875	0.1347918	0.1918422	0.2196877	0.2164454	0.2209505	0.2085504	0.2663595	0.1993406	0.1879438	0.1905223	0.2096414	0.1623456	0.1314452	0.1597504	0.1889529	0.1989502	0.1311478	0.1689117	0.1770137	0.1642237	0.439051	0.1498208	0.1459933	0.1531138	0.1794089	0.1481824	0.1414875
22/10/2022 18:45:00	26	0.144098	0.1655813	0.1645356	0.1554912	0.1548101	0.1685916	0.1372616	0.1513318	0.1520186	0.1704286	0.1784994	0.1513249	0.1833985	0.1947525	0.1967651	0.1822542	0.2209502	0.1777572	0.1546419	0.2166998	0.1794261	0.1843675	0.1799561	0.1708621	0.1792842	0.2688506	0.1965772	0.1995854	0.1979204	0.1619554	0.2203435	0.2197069	0.2330063	0.1548512	0.2202167	0.2485572	0.243843	0.2478802	0.2372216	0.2966934	0.2274146	0.2118187	0.2153061	0.2369309	0.1827209	0.1495906	0.181913	0.2129372	0.2219878	0.1502481	0.1979553	0.2047304	0.188082	0.4610294	0.1692114	0.1639628	0.1734866	0.20634	0.1664537	0.161011
22/10/2022 20:45:00	28	0.1623982	0.1783981	0.1823561	0.1719709	0.17913	0.1943104	0.1509726	0.16511	0.1658617	0.1878489	0.1970594	0.1668043	0.2014409	0.2147962	0.2178007	0.1991968	0.2460744	0.1976544	0.1691309	0.2385899	0.1973106	0.2046667	0.1947096	0.1899581	0.1987474	0.2932924	0.2152951	0.2195072	0.2185648	0.1762811	0.2440977	0.2464143	0.2599243	0.1740213	0.2438713	0.2774333	0.2704079	0.2737916	0.2612162	0.3251551	0.252858	0.2333682	0.2359156	0.2613969	0.2003137	0.1631118	0.2026293	0.2324663	0.2401116	0.168657	0.2250245	0.2309946	0.2111053	0.4769089	0.1846438	0.1809409	0.1935293	0.2298659	0.1858118	0.1771811
22/10/2022 22:45:00	30	0.1801905	0.1878457	0.1986973	0.1850888	0.1994299	0.2196838	0.1628243	0.1763564	0.1772901	0.20084	0.2124946	0.1821626	0.2203377	0.2310896	0.2337572	0.2148644	0.2664394	0.2148796	0.1800537	0.2581583	0.209965	0.2220046	0.20739	0.2052827	0.2145087	0.3138334	0.2326122	0.2341686	0.2354019	0.1876539	0.2647982	0.2679963	0.2800535	0.1886221	0.265798	0.3042635	0.2919841	0.2956856	0.2826906	0.3495362	0.2738062	0.2533299	0.2526171	0.2859609	0.2145549	0.1744025	0.2215285	0.2484398	0.254637	0.183113	0.2514413	0.2529541	0.2301423	0.478054	0.2002898	0.1954007	0.2076315	0.2513537	0.2024276	0.1917777
23/10/2022 00:45:00	32	0.1956824	0.1968113	0.2093654	0.1967165	0.2176679	0.2415956	0.1698211	0.1851145	0.1866413	0.2095795	0.2224844	0.1916539	0.2343232	0.2457979	0.2468331	0.2257073	0.2824025	0.2280485	0.1891874	0.2729276	0.2183383	0.2325407	0.2160354	0.218281	0.2272746	0.3326222	0.2452432	0.2457535	0.2495241	0.1987099	0.2781971	0.2852272	0.2978354	0.1996676	0.2870399	0.3263978	0.3103246	0.3154483	0.2976225	0.3688659	0.2917735	0.2688047	0.2702313	0.3074344	0.2274288	0.1819732	0.2334888	0.2624667	0.2663556	0.1985736	0.2718728	0.2716362	0.2486332	0.4767449	0.2123394	0.2087979	0.2224395	0.2693171	0.2155993	0.2025043
23/10/2022 02:45:00	34	0.2091179	0.2036135	0.2180023	0.2037907	0.2339738	0.2580479	0.1764068	0.1903348	0.1915509	0.2158186	0.2327895	0.1981639	0.2467308	0.2550689	0.2562191	0.2355406	0.2947902	0.2373517	0.194485	0.2870882	0.2278039	0.244346	0.2222093	0.2292487	0.2393937	0.3492776	0.2565634	0.2560854	0.2597299	0.2071627	0.2930335	0.2989966	0.3134276	0.2090895	0.3025659	0.3444103	0.3280042	0.3285369	0.3089003	0.38564	0.3066261	0.2799249	0.2831024	0.3225328	0.2361956	0.185935	0.24188	0.2736703	0.2778418	0.2082879	0.2886753	0.288547	0.2634417	0.4666567	0.220224	0.2188163	0.2317231	0.2817899	0.2254571	0.2106715
23/10/2022 04:45:00	36	0.2203891	0.2061937	0.2229983	0.2094037	0.247365	0.2727505	0.1793162	0.1951441	0.1941709	0.2210712	0.237773	0.2022388	0.2590727	0.2659792	0.2647158	0.241037	0.3066472	0.2441733	0.1989481	0.2961121	0.233929	0.2518754	0.2285577	0.2373244	0.2477769	0.3590732	0.266471	0.2596837	0.2674843	0.2122205	0.302309	0.3038575	0.3249862	0.2147654	0.3122227	0.3580802	0.3402588	0.3405355	0.3181117	0.4015729	0.3172309	0.288855	0.2942791	0.3361467	0.2422517	0.19053	0.2493323	0.2788633	0.285816	0.2177161	0.3060325	0.3045347	0.2769302	0.4526855	0.2285418	0.2253328	0.2399098	0.2928434	0.2352884	0.2177389
23/10/2022 06:45:00	38	0.2282401	0.2101997	0.2247694	0.2127513	0.2573176	0.2849867	0.1826596	0.1985767	0.1946265	0.2253111	0.2414673	0.2042237	0.2644787	0.2721847	0.2707579	0.2448712	0.3132146	0.2497833	0.2021598	0.3054886	0.2339328	0.2537333	0.2301125	0.243113	0.2498854	0.3684496	0.2720434	0.2616	0.2737569	0.2119464	0.3103487	0.3087764	0.3315497	0.2173618	0.3226528	0.3657846	0.3501978	0.3517626	0.3264166	0.4153486	0.3268895	0.2958326	0.2998286	0.3454025	0.2455894	0.191481	0.2528087	0.284991	0.290707	0.2233327	0.3213168	0.3157103	0.2843287	0.4321196	0.2299067	0.2295727	0.2441504	0.3019531	0.2402363	0.2227127
23/10/2022 08:45:00	40	0.2346502	0.2098838	0.2254747	0.2152772	0.2673917	0.2946229	0.1823561	0.2000137	0.1937514	0.226282	0.2444793	0.2061187	0.2653162	0.2756617	0.2749304	0.249357	0.319497	0.2567452	0.2021492	0.3110649	0.2353768	0.2556877	0.2314987	0.2459663	0.2513458	0.3764986	0.2751828	0.2641663	0.2771292	0.2109999	0.3132126	0.3134699	0.3367679	0.2186642	0.3278793	0.3751047	0.3580447	0.3577601	0.331583	0.4262476	0.3295322	0.2997711	0.3048122	0.350204	0.2461756	0.1916475	0.2524994	0.2863916	0.292055	0.228434	0.3285621	0.324026	0.2900424	0.4146957	0.2301605	0.2327067	0.2455316	0.3077881	0.2446889	0.2254241
23/10/2022 10:45:00	42	0.2384022	0.2087292	0.2252662	0.2161075	0.2739006	0.2999123	0.1833644	0.2009447	0.192531	0.2245519	0.2448438	0.2039338	0.2666129	0.2794966	0.2765017	0.2517337	0.3215794	0.2593873	0.2023077	0.3117057	0.2343277	0.2572207	0.2310325	0.2461413	0.2534025	0.380942	0.2782525	0.2661502	0.2778195	0.2122756	0.318298	0.315563	0.3448734	0.2181711	0.3344294	0.3810558	0.3662345	0.3642929	0.3342541	0.4378634	0.3298878	0.3032157	0.3099548	0.3551959	0.2468249	0.1899109	0.2490809	0.288477	0.2919781	0.2318607	0.3323657	0.3341981	0.2936961	0.3941292	0.2295142	0.2349384	0.2465002	0.312001	0.2448259	0.2251101
23/10/2022 12:45:00	44	0.2387834	0.2072234	0.2233577	0.2144071	0.2746344	0.306146	0.1831409	0.2025832	0.1908747	0.2238303	0.2421844	0.2033491	0.2631999	0.280073	0.2797613	0.2509198	0.3209003	0.2640369	0.2022186	0.3124104	0.2357017	0.2575681	0.2320407	0.2443075	0.2558798	0.3880025	0.278791	0.2670524	0.2807576	0.2114916	0.321722	0.3167489	0.3455656	0.2191047	0.3404212	0.3843798	0.3681886	0.359686	0.3383415	0.4468066	0.3300752	0.3038602	0.3126507	0.3582741	0.248297	0.1868871	0.2508829	0.2875119	0.2914535	0.2334953	0.3397104	0.3416732	0.2984011	0.3704681	0.2281376	0.237587	0.2457925	0.3156783	0.243371	0.223781
23/10/2022 14:45:00	46	0.2363863	0.201005	0.2185801	0.2081952	0.2717955	0.3066057	0.1768052	0.1955272	0.1843854	0.2174345	0.2342643	0.1944649	0.2629814	0.2772501	0.2751628	0.2461527	0.3154904	0.2609673	0.1978796	0.3094271	0.230742	0.2499579	0.2264896	0.2365931	0.2515521	0.3833691	0.275865	0.259957	0.2759897	0.2063293	0.3172235	0.3138821	0.3413385	0.2144026	0.333379	0.3834197	0.3640853	0.3533237	0.3323547	0.4407644	0.3256589	0.2973254	0.308592	0.3513564	0.2445837	0.1833821	0.2464724	0.2820738	0.2866317	0.2285274	0.3387179	0.3412194	0.2972736	0.3434411	0.2194024	0.2351746	0.2384119	0.3123182	0.2365326	0.2198847
23/10/2022 16:45:00	48	0.2388099	0.200636	0.2189881	0.2073111	0.2773268	0.3123153	0.1767705	0.1938835	0.1840282	0.2158283	0.2382602	0.1942613	0.2643143	0.2806417	0.2789353	0.2498723	0.320798	0.2650956	0.1981316	0.310759	0.2301464	0.2493805	0.226111	0.2370982	0.253711	0.3893434	0.2798046	0.2606288	0.2790867	0.2086506	0.3229797	0.3201135	0.3457139	0.2175817	0.3375526	0.3911305	0.3676022	0.3576691	0.3330608	0.4455942	0.3266768	0.2988486	0.3123022	0.3575076	0.2473329	0.1837866	0.2451304	0.2841074	0.2910549	0.2301189	0.3446308	0.348894	0.3022408	0.3299977	0.2180781	0.2370661	0.2414412	0.3154289	0.2367332	0.2190637
23/10/2022 18:45:00	50	0.2374492	0.1974566	0.2174746	0.2044923	0.2797007	0.3139969	0.1743979	0.1918162	0.181678	0.2111145	0.2362414	0.1906124	0.264688	0.2822864	0.279068	0.2504515	0.3218619	0.2678071	0.196932	0.3117775	0.229144	0.2487264	0.2246355	0.2331295	0.2514794	0.3935667	0.278823	0.255999	0.2767696	0.207106	0.3211367	0.3208122	0.3482689	0.2156797	0.3391339	0.389204	0.3693857	0.3599766	0.3300089	0.447078	0.3246899	0.2972316	0.3098553	0.3548763	0.2476407	0.183161	0.2378781	0.2817772	0.2910249	0.229193	0.3493072	0.353757	0.3038039	0.3140578	0.2162975	0.2347589	0.2391187	0.3138886	0.2357263	0.2188891
23/10/2022 20:45:00	52	0.2358624	0.1946765	0.214331	0.1995675	0.2799113	0.3162755	0.1707787	0.1884633	0.1760687	0.2053282	0.2339142	0.1871843	0.2624514	0.2783966	0.2767281	0.2489873	0.3200855	0.2687843	0.1916143	0.3100061	0.2272155	0.2466805	0.221555	0.2274003	0.2483698	0.3937622	0.2793082	0.2524418	0.2742155	0.2050904	0.3177936	0.3155397	0.3467433	0.2119834	0.3360616	0.388653	0.367485	0.3581806	0.3291437	0.4455154	0.3197685	0.2925655	0.3062081	0.3524529	0.2444832	0.1781468	0.2362625	0.2794291	0.2881827	0.2250942	0.3517602	0.3570636	0.3014414	0.2889145	0.2152491	0.2327353	0.2358665	0.3104329	0.2330814	0.2165507
23/10/2022 22:45:00	54	0.2331349	0.1905037	0.2120397	0.1922281	0.2776636	0.3155355	0.1637325	0.1844235	0.170479	0.2037799	0.2304559	0.1803809	0.2568536	0.2760986	0.2737496	0.245474	0.316583	0.2672855	0.1872186	0.3051805	0.2214248	0.245437	0.2183832	0.2236031	0.2429949	0.3911949	0.2759904	0.2476062	0.270046	0.1995622	0.3143433	0.3083804	0.3450958	0.2082298	0.3318568	0.3884565	0.369184	0.3583188	0.3255664	0.4450767	0.3163879	0.2878955	0.3052383	0.3498545	0.2417775	0.1747359	0.233531	0.2770779	0.2853737	0.2235766	0.3466496	0.3582262	0.2988721	0.2710044	0.2112276	0.2319227	0.2331968	0.3041874	0.2271473	0.2117125
24/10/2022 00:45:00	56	0.2286061	0.1847821	0.205458	0.1895077	0.2749451	0.3161938	0.1585166	0.1821344	0.1667357	0.2001072	0.2265187	0.1778602	0.2556023	0.2696853	0.2715123	0.2407361	0.3098942	0.2652645	0.1829789	0.3002585	0.2174839	0.2401096	0.2142421	0.2192237	0.2384397	0.3881969	0.2738525	0.2419371	0.2649176	0.1953156	0.3098051	0.3029848	0.3433822	0.2064452	0.3278224	0.3858502	0.3655785	0.3519648	0.3197344	0.442034	0.3123224	0.2856165	0.3007796	0.3467359	0.2396531	0.1657945	0.2283199	0.2699131	0.2808076	0.2210927	0.3474651	0.3560066	0.2949931	0.2536901	0.2076464	0.2291589	0.2305905	0.2995874	0.2210228	0.2065699
24/10/2022 02:45:00	58	0.2246315	0.1818274	0.2019708	0.1826164	0.2735383	0.3162754	0.1563207	0.1796419	0.1626322	0.1959396	0.2215493	0.1721725	0.2516201	0.2678641	0.2692944	0.2368838	0.3041894	0.2631776	0.1784279	0.2975445	0.2134153	0.2352621	0.2083254	0.2123181	0.2359761	0.3891073	0.2699926	0.2387663	0.259403	0.1926545	0.3077896	0.2964652	0.3393503	0.2028178	0.3228946	0.3821152	0.3620256	0.3521382	0.3125038	0.4346963	0.3063383	0.27924	0.2986502	0.3447917	0.2368519	0.1604853	0.2267697	0.2662935	0.2751133	0.2188053	0.3466676	0.3549348	0.2893623	0.2364157	0.2048676	0.2269181	0.2238342	0.2950845	0.2118081	0.204373
24/10/2022 04:45:00	60	0.2199153	0.1784841	0.1961647	0.1755818	0.271912	0.3147219	0.1524827	0.1759519	0.1578189	0.1893263	0.2142556	0.1659814	0.2472258	0.2631948	0.2664087	0.2329977	0.2969483	0.2591655	0.1747122	0.2949096	0.2080617	0.2332918	0.2019106	0.2075433	0.2305802	0.3860486	0.2665098	0.2360536	0.2530893	0.1904328	0.3007491	0.2898469	0.3346919	0.1953193	0.3189394	0.3797129	0.3559535	0.3471692	0.307151	0.424777	0.2982486	0.2744332	0.2920716	0.3416753	0.2326859	0.1566147	0.2214457	0.2606768	0.2691979	0.2175224	0.3436925	0.3533234	0.2827297	0.217101	0.1965001	0.220647	0.2186363	0.2894215	0.2068892	0.2015178
24/10/2022 06:45:00	62	0.2146519	0.1725969	0.1925937	0.1708053	0.2689973	0.3129328	0.1481855	0.1717663	0.1544047	0.1852095	0.2076547	0.160834	0.2389372	0.2589995	0.2628295	0.2295966	0.2921325	0.2555588	0.1719061	0.2909859	0.2044837	0.227915	0.1951832	0.2037625	0.2261992	0.3823767	0.2615164	0.2303346	0.2471465	0.1860567	0.2993004	0.2850972	0.3284109	0.190702	0.3120046	0.3732219	0.3489934	0.3420608	0.3016188	0.4187608	0.2939197	0.2674829	0.2866339	0.3377094	0.2292873	0.1527154	0.2149839	0.2570046	0.2654989	0.2134692	0.3381782	0.350829	0.281695	0.2057673	0.1916099	0.2172663	0.2134486	0.2839504	0.2021413	0.1952874
24/10/2022 08:45:00	64	0.2116276	0.1660134	0.1899244	0.1651164	0.2651484	0.3090188	0.1441565	0.169187	0.147845	0.179892	0.2030786	0.1548624	0.2352371	0.2547355	0.2590753	0.2252387	0.2864819	0.2501594	0.1677574	0.2832773	0.1983042	0.2215644	0.1916985	0.2003492	0.2209255	0.3795003	0.2594452	0.2274912	0.2444147	0.1829546	0.2935558	0.2797356	0.3245713	0.1840171	0.3026911	0.3650685	0.3464707	0.3379334	0.2966743	0.4115935	0.2905602	0.2618971	0.2793279	0.3284755	0.2221977	0.1477207	0.2096175	0.252556	0.257203	0.20708	0.334513	0.3508757	0.2768772	0.1964093	0.186277	0.2089435	0.2068484	0.27499	0.1945375	0.1909109
24/10/2022 10:45:00	66	0.2026642	0.1617024	0.1835867	0.1604417	0.2565608	0.3018792	0.1392575	0.1618405	0.1420778	0.1735954	0.196113	0.1507694	0.2300838	0.2478493	0.2527724	0.2199339	0.2790043	0.2397886	0.1584238	0.2737906	0.1917018	0.2139727	0.1840711	0.1936641	0.2136678	0.3710064	0.2531264	0.2249197	0.2367379	0.1755665	0.2821787	0.2703268	0.3167997	0.1747501	0.2928784	0.353105	0.3381973	0.3291291	0.2858722	0.399333	0.280692	0.2539956	0.2732646	0.3201036	0.2155968	0.1408718	0.2019854	0.2442495	0.2512772	0.2021045	0.327247	0.3468474	0.268778	0.1814125	0.1817551	0.2015389	0.1993794	0.2691618	0.1868639	0.1869015
24/10/2022 12:45:00	68	0.1943999	0.1503971	0.1773169	0.1554624	0.2472528	0.2941673	0.1326924	0.1579468	0.1360699	0.1673137	0.1885473	0.1468827	0.2209881	0.2393931	0.2452976	0.2138004	0.2693337	0.2304701	0.1515922	0.2617975	0.1858659	0.2058584	0.1781903	0.1852025	0.2097352	0.35822	0.2469314	0.2158268	0.2272559	0.1658949	0.2732296	0.2589177	0.3066843	0.1673227	0.2851887	0.33863	0.3269821	0.3159121	0.2773202	0.3855039	0.2738191	0.2425104	0.2649793	0.3080646	0.2065973	0.1322452	0.1940525	0.2362588	0.2448557	0.1916981	0.3207757	0.3352184	0.2632835	0.1671533	0.1727153	0.1954472	0.1911905	0.2587269	0.1805659	0.177555
24/10/2022 14:45:00	70	0.1900011	0.1456078	0.1748815	0.1524015	0.2454091	0.2912363	0.1310415	0.1561752	0.133577	0.1638425	0.1839008	0.1452836	0.2167301	0.2362109	0.2453047	0.2112039	0.2647448	0.2267365	0.146637	0.2582945	0.1829013	0.2040359	0.1735419	0.1801156	0.2026507	0.3578265	0.2422949	0.2118577	0.2228218	0.1638969	0.2698588	0.2517298	0.2995698	0.1636518	0.279746	0.3310038	0.3191228	0.3115502	0.2720815	0.3790821	0.2701001	0.2379332	0.2650023	0.3060669	0.2007203	0.1282082	0.1874727	0.2370076	0.2407199	0.1851197	0.3131021	0.3347289	0.257791	0.1587042	0.1698796	0.1929391	0.1854278	0.2550165	0.1762221	0.173879
24/10/2022 16:45:00	72	0.1837292	0.1434806	0.1722661	0.1492997	0.2453617	0.2901174	0.1293783	0.152621	0.1315392	0.157377	0.1802522	0.1437347	0.2144152	0.2359081	0.24406	0.2085209	0.2598574	0.22533	0.144079	0.2546153	0.1799894	0.2014889	0.1722313	0.1767442	0.1978962	0.3564189	0.2409564	0.2086052	0.2204616	0.1608736	0.2635043	0.2473424	0.2973844	0.160388	0.2774562	0.3281031	0.3148547	0.3066273	0.2644647	0.3721562	0.2634387	0.2352084	0.2641225	0.3015369	0.198015	0.1249357	0.1831013	0.2341013	0.2352262	0.1824807	0.3093818	0.3303593	0.2565532	0.1489231	0.165354	0.1909058	0.1761962	0.2513628	0.1730707	0.1702682
