Vessel Name: 15052020_InCu_KaKr_KK1-68_P7_4
Metric: RFP Integrated Intensity / GFP Integrated Intensity
Cell Type: 
Passage: 0
Notes: 
Analysis: KaKr-A549-H2B-GFP/-RFP_DEFv10

Date Time	Elapsed	EZH1	FABP4	FAM105A	FAM107A	FAM110A	FAM20A	FAM46A	FAM72A	FBXO6	FCAR	FFAR2	FGL2	FOS	FPR2	GBP1	GBP3	GBP4	GBP5	GLIPR2	GLS	GMPR	GPC4	GPR141	GPR155	HAPLN3	HAVCR2	HELZ2	HERC5	HERC6	HES4	HESX1	HLA-B	HLA-C	HMHA1	HSH2D	IDO1	IFI16	IFI27	IFI35	IFI44	IFI44L	IFI6	IFIH1	IFIT1	IFIT2	IFIT3	IFIT5	IFITM1	IFITM2	IFITM3	IFNE	IFNG	IGF2BP3	IL15	IL15RA	IL1A	IL1RN	IL4I1	IRF1	IRF7	IRF9	IRG1	ISG15	ISG20	ITPKB	KCNE3	KLF7	LAG3	LAMP3	LAP3	LGALS3BP	LGALS9B	LILRA1	LILRA5	LRCH2	LRRC25	LY6D	LY6E	MAP3K1	MBD4	MCM2	BORCS8	MNDA	MS4A4A	STAT1	MAVS	BST2	EIF2AK2	RSAD2	NTC1	NTC2	NTC3	NTC4	NTC5
15.05.2020 10:56:00	0	7.353952e-05	2.179106e-05	9.603125e-05	0.0005419824	2.35301e-05	2.182823e-05	2.535977e-05	2.472258e-05	2.277991e-05	6.785186e-05	2.515914e-05	2.369443e-05	2.460513e-05	0.00183001	2.608467e-05	0.0001931611	0.002716759	2.52626e-05	6.082689e-05	2.468914e-05	2.503625e-05	2.368591e-05	2.496025e-05	2.292423e-05	2.594777e-05	2.363748e-05	2.537393e-05	2.825412e-05	2.732071e-05	4.626274e-05	2.163985e-05	2.801307e-05	7.546978e-05	6.091073e-05	3.03013e-05	2.455454e-05	2.844865e-05	2.668833e-05	2.777584e-05	2.368554e-05	2.679698e-05	2.594325e-05	0.0003421048	2.612501e-05	3.02774e-05	2.94441e-05	2.801871e-05	2.826027e-05	2.208114e-05	2.724027e-05	2.642362e-05	2.9768e-05	2.829812e-05	2.280958e-05	2.104082e-05	2.878567e-05	2.933528e-05	2.90575e-05	2.57974e-05	2.754635e-05	2.87401e-05	2.983198e-05	2.973492e-05	0.0001627914	3.029404e-05	2.775742e-05	2.50504e-05	2.740603e-05	3.026783e-05	3.013565e-05	3.028843e-05	0.000145919	7.919381e-05	3.329603e-05	5.903801e-05	2.676669e-05	2.539177e-05	2.117851e-05	2.184925e-05	0.001061304	2.352989e-05	2.50563e-05	2.710174e-05	5.022753e-05	2.306172e-05	2.423469e-05	2.270541e-05	2.344773e-05	2.431751e-05	2.442182e-05	6.151847e-05	2.526073e-05	2.382209e-05	2.641722e-05
15.05.2020 13:56:00	3	0.0	0.0	6.30145e-05	0.0004554946	0.0	0.0	0.0	0.0	0.0	4.805001e-05	0.0	0.0	0.0	0.001671916	0.0	0.0001628956	0.002628518	0.0	3.350062e-05	0.0	0.0	0.0	0.0	0.0	0.0	0.0	0.0	0.0	0.0	6.060706e-05	0.0	0.0	4.985241e-05	3.234709e-05	0.0	0.0	0.0	0.0	0.0	0.0	0.0	0.0	0.0002857796	0.0	0.0	0.0	0.0	0.0	0.0	0.0	0.0	0.0	0.0	0.0	0.0	0.0	0.0	0.0	0.0	0.0	0.0	0.0	0.0	0.0001304279	0.0	0.0	0.0	3.924579e-05	0.0	0.0	0.0	0.0001014674	3.97359e-05	0.0	3.25418e-05	0.0	0.0	0.0	0.0	0.000577424	1.741443e-05	0.0	0.0	0.0	0.0	0.0	0.0	0.0	0.0	0.0	3.782079e-05	0.0	0.0	0.0
15.05.2020 16:56:00	6	0.0	0.0001200283	0.0001573098	0.0004599255	0.0	5.375944e-05	3.989413e-05	0.0	3.517015e-05	9.376073e-05	0.0	4.857632e-05	0.0	0.001575657	0.0	0.0001461182	0.002801853	0.0001134861	2.884917e-05	0.0	0.0	0.0	0.0001699727	4.613383e-05	0.0002137142	0.0	0.0	0.0002374877	0.0001737226	2.664799e-05	0.0	0.0	4.823122e-05	7.519835e-05	6.558491e-05	3.550715e-05	5.353162e-05	0.0	0.0	0.0	0.0	0.0	0.0001883013	0.0	3.75432e-05	4.078579e-05	0.0	0.0	0.0	7.06838e-05	3.950994e-05	9.396111e-05	0.0	0.0	9.140859e-05	0.0	0.0	0.0	0.0001220069	0.0	0.0	0.0	0.0001642297	0.0001315405	0.0001354964	8.589579e-05	0.0	0.0001095229	0.0	7.96741e-05	9.643344e-05	7.910311e-05	4.411236e-05	0.0	0.0	4.542852e-05	0.000110689	0.0	0.0001643045	0.0006057188	2.201158e-05	0.0	0.0001819861	0.0	0.0	9.396736e-05	3.104906e-05	0.0006189097	0.0	0.0	6.811479e-05	0.0	0.0	0.0
15.05.2020 19:56:00	9	0.0004341233	0.001192756	0.0009800602	0.001010148	0.0003115414	0.00129794	0.0005177804	0.0004998603	0.0004735228	0.0006373559	0.0006589496	0.0006892508	0.0007789423	0.001636345	0.001191526	0.0009855718	0.003278115	0.001035151	0.001090996	0.001227598	0.0007173588	0.0006381223	0.0008654511	0.0008269453	0.0007701149	0.0005804572	0.0006002642	0.001519915	0.001208072	0.0005876449	0.0009516335	0.0003961038	0.0007562608	0.0008950821	0.001159622	0.0006400045	0.001119708	0.0008401075	0.00111358	0.0006223402	0.0006738797	0.0004102095	0.000696182	0.0007854612	0.001222642	0.0002211655	0.0008928604	0.0005643121	0.0004487055	0.0008256304	0.0009686846	0.0006964698	0.0004170472	0.0006816421	0.0007778174	0.001146835	0.0004461921	0.0004955279	0.000983175	0.0005051199	0.000589658	0.0005535038	0.001275568	0.0007669725	0.0007560524	0.0007130993	0.000619975	0.001296723	0.0007200698	0.001282011	0.00102377	0.0004823011	0.0006127066	0.0004845953	0.0004783768	0.001206472	0.0007616968	0.001369501	0.00170922	0.001442297	0.0009907617	0.000633825	0.001545804	0.001209115	0.0007725871	0.0008991265	0.001391709	0.005587703	0.0009342287	0.0004620092	0.0006896443	0.001015134	0.0005163396	0.001007635
15.05.2020 22:56:00	12	0.002083056	0.003798975	0.003269179	0.003280861	0.002037559	0.004687656	0.002694672	0.002341721	0.00220618	0.002737076	0.003121481	0.002005212	0.003521693	0.003439209	0.00395704	0.002535482	0.007070301	0.003131559	0.002898102	0.005413163	0.003839815	0.002579774	0.004980643	0.003046712	0.00240198	0.002653576	0.00263491	0.005425442	0.003922868	0.003438606	0.004282445	0.002508418	0.003265376	0.00290903	0.004572375	0.003250654	0.004321007	0.003674697	0.003802052	0.003098211	0.004277919	0.002325396	0.00290749	0.002733216	0.004535252	0.001542023	0.003768666	0.003300351	0.003302703	0.003368186	0.003431947	0.002436492	0.002042224	0.003134117	0.002883566	0.003952938	0.002252305	0.002399631	0.004256367	0.002575028	0.003960561	0.003214201	0.003786221	0.003632599	0.004200987	0.003242171	0.002777241	0.0039641	0.002983182	0.004256272	0.003774722	0.00171508	0.002862416	0.002759718	0.00282838	0.005062631	0.002756454	0.003708501	0.005313291	0.004460172	0.003697362	0.002529972	0.005268211	0.004902241	0.004675425	0.003711418	0.004255743	0.01425164	0.003633766	0.002885318	0.002834731	0.002987108	0.00250065	0.004003977
16.05.2020 01:56:00	15	0.006032829	0.00812226	0.006640912	0.008628954	0.005072239	0.01016637	0.006885582	0.005881744	0.006004527	0.005538404	0.007139251	0.004765945	0.008016846	0.006569401	0.008757135	0.006318214	0.01135498	0.006777784	0.006364369	0.01101771	0.007477625	0.006522303	0.01122566	0.006259146	0.005910456	0.006192019	0.006838909	0.01136713	0.008140121	0.008558789	0.008703345	0.005947792	0.0074169	0.006679115	0.008916046	0.00876555	0.008584449	0.008204196	0.008103634	0.007178917	0.01028093	0.005779819	0.006143598	0.006522642	0.009668715	0.004540079	0.008026924	0.008893559	0.00727661	0.008528835	0.007600542	0.005455329	0.006037313	0.008528	0.005854174	0.007757653	0.005012472	0.006010548	0.009941772	0.00673766	0.01002107	0.007043499	0.007926118	0.008681602	0.009760413	0.007584388	0.007066007	0.00772329	0.008348457	0.009504736	0.007726955	0.004366274	0.006084465	0.00705121	0.007982528	0.009956062	0.007270634	0.008332539	0.01171209	0.009526963	0.008611619	0.006312334	0.01009655	0.01128493	0.009459731	0.007870927	0.00916209	0.02248586	0.007971027	0.006382631	0.005712576	0.006806053	0.005778567	0.008201973
16.05.2020 04:56:00	18	0.01112509	0.01422968	0.01203975	0.01635031	0.009303642	0.01856717	0.01093817	0.009972068	0.01089095	0.01099047	0.01117139	0.008052662	0.01444924	0.01112399	0.01367975	0.01122995	0.01828457	0.01140921	0.01078574	0.01804815	0.01276893	0.01149732	0.01696334	0.009829158	0.009775577	0.01132289	0.01205276	0.01782293	0.01387757	0.01477196	0.01413159	0.01045933	0.01293864	0.01192334	0.0141812	0.01341891	0.01217538	0.01504816	0.01413213	0.01184837	0.01698152	0.01131265	0.009115659	0.011746	0.01631639	0.007969032	0.01360784	0.01658078	0.01228759	0.01372505	0.01313559	0.009042961	0.01098567	0.01491935	0.0106725	0.01395741	0.008955739	0.01058584	0.01761929	0.01204546	0.0186353	0.01354691	0.01397665	0.0148594	0.01702431	0.01257681	0.01273497	0.01279982	0.0151658	0.01645431	0.01244248	0.008595294	0.0122491	0.01334951	0.01341014	0.01661525	0.01298914	0.01478605	0.01990409	0.01590757	0.01540883	0.01117413	0.01507469	0.01717551	0.01679892	0.01566885	0.01588394	0.03468997	0.01355606	0.01144926	0.009777943	0.0105418	0.01265311	0.01414712
16.05.2020 07:56:00	21	0.01637381	0.01931921	0.0177729	0.02314062	0.01370065	0.02826279	0.0158816	0.01413194	0.0157399	0.01562332	0.01564183	0.01147082	0.02123546	0.01510819	0.02014729	0.0165141	0.02582748	0.01725589	0.01618102	0.024197	0.01856306	0.01549714	0.02243396	0.01477839	0.01473761	0.01742292	0.01698015	0.02505671	0.02279673	0.02064	0.02103463	0.01517401	0.01922341	0.01771495	0.02026789	0.02172211	0.01719675	0.0218985	0.02085746	0.01684237	0.02301358	0.01788832	0.01249787	0.01725238	0.02317016	0.01242018	0.01875279	0.02421883	0.01932095	0.01954385	0.01783042	0.01252646	0.01695093	0.02130231	0.01542965	0.02118493	0.0134521	0.01606596	0.02535253	0.01848489	0.02968242	0.01914904	0.02094012	0.02117121	0.02346393	0.01828008	0.01802887	0.01704815	0.02302426	0.02514587	0.01825138	0.01293317	0.01753698	0.0212375	0.01832316	0.02357704	0.01955281	0.02001329	0.02875885	0.02195784	0.0228796	0.01618245	0.02129611	0.02457391	0.02780856	0.02563788	0.0234958	0.04513776	0.02164853	0.01792905	0.01483666	0.01607577	0.02163042	0.02209119
16.05.2020 10:56:00	24	0.02107743	0.02423714	0.02181702	0.02901354	0.01832641	0.03789231	0.01940164	0.01861412	0.02093344	0.01945462	0.01925211	0.01489653	0.02718844	0.01879428	0.02701382	0.0220263	0.03333004	0.0213197	0.02126616	0.03033708	0.02456865	0.0192729	0.02774144	0.01844122	0.01771505	0.02252143	0.02020679	0.03001509	0.03161395	0.02515146	0.02698884	0.01904878	0.02488677	0.0224123	0.02674648	0.03082365	0.02093673	0.03014828	0.02675154	0.02107318	0.02797607	0.02439683	0.01539285	0.02250403	0.03094734	0.01619636	0.02517859	0.02990574	0.02518914	0.02461867	0.0233406	0.01713911	0.0224112	0.02728653	0.01994444	0.0271729	0.01823981	0.02043079	0.03236595	0.02422212	0.04629562	0.0247145	0.02786147	0.02513002	0.02835647	0.02338133	0.02252677	0.01959145	0.03019429	0.03273602	0.02307633	0.01694434	0.02149348	0.02742526	0.02322401	0.02942768	0.02533915	0.0253534	0.03815068	0.02776532	0.02869469	0.02108769	0.0269225	0.0305368	0.04413671	0.0394426	0.0309692	0.05228594	0.02766088	0.02393282	0.01969451	0.02030385	0.0305062	0.02885314
16.05.2020 13:56:00	27	0.02310942	0.02814213	0.0250435	0.03254798	0.02134126	0.04533497	0.02298669	0.02251876	0.02447305	0.02089531	0.02124031	0.01738093	0.03123614	0.02112355	0.03184193	0.02584252	0.03823664	0.02410348	0.02438183	0.03494308	0.02702483	0.02172996	0.02949351	0.02082725	0.01919976	0.02517352	0.02179559	0.03205963	0.03700078	0.02811174	0.03234443	0.02171446	0.02989564	0.02647461	0.03195762	0.03701432	0.0230258	0.03536551	0.03186753	0.02468799	0.03149256	0.02923754	0.01724348	0.02662988	0.0354975	0.01884695	0.02872843	0.03557523	0.03008558	0.02674515	0.02588332	0.01916014	0.02496639	0.0320845	0.02370588	0.03082062	0.01996223	0.02330872	0.0375357	0.02902465	0.06349302	0.02807366	0.03277736	0.02882849	0.03178349	0.0271318	0.0258416	0.02136549	0.03571214	0.03639031	0.02646511	0.01994956	0.02354657	0.03403878	0.0274737	0.03335071	0.02935688	0.0274581	0.04464125	0.03122471	0.03360703	0.02408413	0.03013967	0.03377957	0.06039752	0.05526052	0.03645224	0.05517955	0.03260705	0.02786485	0.02367436	0.02505081	0.03780862	0.03322492
16.05.2020 16:56:00	30	0.02467871	0.03003463	0.02588503	0.03422305	0.0225989	0.04930286	0.0251425	0.02476176	0.02685481	0.02108083	0.02153764	0.01853131	0.03405131	0.02192348	0.03495725	0.02744941	0.04143525	0.02461521	0.02643673	0.03787813	0.02667755	0.0223628	0.0301761	0.02160914	0.01979056	0.02652498	0.02297482	0.03396734	0.03941694	0.02946095	0.03567661	0.02326746	0.03271598	0.02809156	0.03462224	0.04004897	0.02480198	0.0380846	0.03483809	0.02546408	0.03427104	0.031187	0.01901622	0.02850653	0.03748611	0.02092003	0.03104197	0.03914489	0.03251011	0.02874992	0.02772977	0.02048394	0.02562747	0.03257909	0.026007	0.03171762	0.02209433	0.02581548	0.04257658	0.03220489	0.08257232	0.03069658	0.03558456	0.03069826	0.0346894	0.02923555	0.02663466	0.02141309	0.0391965	0.03755655	0.02748548	0.02058645	0.02657983	0.03692238	0.02575034	0.03486433	0.03238871	0.0283875	0.04861848	0.03383987	0.03529027	0.02632078	0.03132536	0.03631879	0.07815404	0.07164317	0.04148339	0.05497171	0.03566981	0.03031829	0.02550358	0.02885408	0.04235575	0.0356515
16.05.2020 19:56:00	33	0.02569531	0.03035632	0.02557265	0.03426044	0.02256779	0.05131733	0.02596152	0.02546031	0.02851441	0.02054822	0.0205032	0.01927306	0.03519855	0.02096207	0.03519063	0.02806614	0.04274501	0.02529711	0.02703335	0.03680164	0.02711553	0.02265099	0.02981708	0.02049274	0.01947076	0.02701286	0.02219117	0.03467799	0.04038246	0.03029719	0.0377694	0.0232859	0.03333171	0.02777988	0.03608943	0.04091623	0.02401779	0.03874285	0.03537723	0.02491671	0.035555	0.03185801	0.01893138	0.0294336	0.03681687	0.02157476	0.03187089	0.03940995	0.03232564	0.02796587	0.02750815	0.02050851	0.02548851	0.03149498	0.02665067	0.03172074	0.02179769	0.02609623	0.04459195	0.0348538	0.1001473	0.03194913	0.03661233	0.02915302	0.03540917	0.02849893	0.0273567	0.02216992	0.04011369	0.03915859	0.0284251	0.02080989	0.02662936	0.03728538	0.02401646	0.03527921	0.03340421	0.02849504	0.04895959	0.03530379	0.03635525	0.02660005	0.03098663	0.03583783	0.09406924	0.08677819	0.04301633	0.05264024	0.03691296	0.03193766	0.02642504	0.0308451	0.0443137	0.03764872
16.05.2020 22:56:00	36	0.02533843	0.02842595	0.02377123	0.03292003	0.02178603	0.04961367	0.02548391	0.02463616	0.02866138	0.01836289	0.01957179	0.01901864	0.03370418	0.01964277	0.03486685	0.02709722	0.04150199	0.02453297	0.02656914	0.03667954	0.02587643	0.02168367	0.02964491	0.01837076	0.01893204	0.02531741	0.02094901	0.0325109	0.04025909	0.02814679	0.03871287	0.02340562	0.03372558	0.02739404	0.03588289	0.04089949	0.02294324	0.0392962	0.0356841	0.02499376	0.03439118	0.0314641	0.01840005	0.02963548	0.03583362	0.02034526	0.02983398	0.03851077	0.0311826	0.0283709	0.02641931	0.02029008	0.02464309	0.02900488	0.02605431	0.03102722	0.02038354	0.02480774	0.04600493	0.03356375	0.1146336	0.03050224	0.03562002	0.0272422	0.03398083	0.02782291	0.02608103	0.02094328	0.04015482	0.039659	0.02908997	0.01995547	0.02549463	0.03656146	0.02275349	0.03505033	0.03241977	0.02797035	0.04785695	0.03470507	0.03635395	0.02697721	0.02980862	0.03489731	0.107991	0.1000543	0.04178196	0.04764694	0.03673011	0.03286421	0.02578184	0.03112688	0.04472178	0.03838015
17.05.2020 01:56:00	39	0.02377037	0.02578556	0.02214879	0.03041753	0.02033553	0.04762767	0.02373168	0.02275805	0.02781869	0.01671236	0.01806884	0.01785992	0.03268185	0.01803537	0.03412784	0.02565758	0.03855552	0.02362863	0.02530984	0.03570164	0.02379652	0.02069797	0.02847826	0.01652756	0.0171608	0.02457826	0.01857813	0.02977444	0.03781581	0.0255362	0.03817142	0.02300049	0.03158713	0.02587257	0.03492232	0.0364501	0.02270524	0.03782012	0.03412656	0.02406791	0.03397022	0.03007988	0.01676547	0.0274089	0.0348672	0.01866724	0.02935062	0.03746323	0.02952678	0.02611303	0.0250331	0.01944025	0.02229348	0.02638842	0.02400777	0.02858412	0.01844284	0.02394423	0.04681461	0.03167483	0.1251664	0.02866516	0.03348143	0.02650963	0.03161866	0.02644029	0.02487568	0.01986543	0.03902264	0.03892951	0.02813879	0.01713278	0.02259381	0.03552514	0.01978921	0.03380168	0.02986303	0.0257196	0.04604601	0.03278039	0.03556458	0.02593198	0.02753642	0.03444906	0.1174629	0.1086732	0.04195217	0.04323315	0.03462362	0.03223613	0.02370878	0.03079043	0.04408767	0.0376357
17.05.2020 04:56:00	42	0.02197202	0.02339973	0.01982892	0.02797151	0.01841357	0.04459717	0.02115287	0.02171507	0.02610669	0.0144026	0.01668178	0.0165127	0.03017993	0.01442645	0.03143379	0.02307208	0.03587133	0.02185172	0.02303959	0.03382798	0.02160183	0.01912675	0.02627197	0.01472076	0.01584633	0.02272245	0.01731679	0.02786254	0.03477394	0.02332893	0.03518157	0.021248	0.02991439	0.02487651	0.03251599	0.03315788	0.01942554	0.03449522	0.03298163	0.0228733	0.03225194	0.02809227	0.01488198	0.02613465	0.03167474	0.01730689	0.02674062	0.03463254	0.02715738	0.02382228	0.0233061	0.0176862	0.01943764	0.02410029	0.02184507	0.02678784	0.01660619	0.0229312	0.04415209	0.0290439	0.1274936	0.02785644	0.02937176	0.02408486	0.02879644	0.02358807	0.02340372	0.01795719	0.03505757	0.03774275	0.02515387	0.01372728	0.01942012	0.03283219	0.01811167	0.03247657	0.02611074	0.0232771	0.0424177	0.03099116	0.0330014	0.02415341	0.02576124	0.03143073	0.1235878	0.1168602	0.03920343	0.03759934	0.03254607	0.03000099	0.0223957	0.02802076	0.04166467	0.0350585
17.05.2020 07:56:00	45	0.01963952	0.02063893	0.01860957	0.02534137	0.01639416	0.04075678	0.01944043	0.01933649	0.02452995	0.012377	0.01460608	0.01479565	0.02693934	0.01236965	0.02814192	0.01987094	0.03188576	0.01945976	0.02061445	0.03128604	0.0193433	0.01744117	0.02406524	0.01309069	0.01376984	0.02086604	0.01599658	0.02616167	0.03162698	0.02000483	0.03295791	0.01937306	0.02783031	0.02284144	0.02963021	0.03041097	0.01746586	0.03111588	0.03068702	0.02103317	0.02919759	0.02577773	0.01333085	0.02423553	0.02806946	0.01577245	0.02410814	0.03111722	0.02448745	0.02073147	0.0211214	0.01579674	0.01726283	0.02085751	0.01937064	0.02404183	0.01504072	0.02054541	0.04322014	0.02639244	0.1295521	0.02600899	0.02563858	0.02195905	0.02481857	0.02086465	0.0219884	0.01611022	0.03238118	0.03619603	0.02340845	0.01050882	0.01648613	0.03101071	0.01630239	0.0308894	0.02388487	0.01988489	0.03873565	0.02786704	0.03104685	0.02303566	0.02353232	0.02758737	0.1279038	0.1230773	0.03659123	0.03129184	0.03106461	0.02878446	0.02052475	0.02622001	0.03895021	0.03390912
17.05.2020 10:56:00	48	0.0175857	0.01909112	0.01623	0.0230667	0.01384768	0.03714082	0.01772503	0.01789073	0.02228185	0.01065758	0.01228034	0.01338597	0.0240315	0.01091831	0.02552888	0.01724859	0.02906484	0.01653711	0.01828699	0.02861447	0.01686635	0.01566633	0.02187488	0.01137715	0.011463	0.01921611	0.01433661	0.02360354	0.02877182	0.01711123	0.03013976	0.01774785	0.02577029	0.01924194	0.02771071	0.02656918	0.0156519	0.0279759	0.02899505	0.01830651	0.02620755	0.02299208	0.01207666	0.02114577	0.02553534	0.01403022	0.01992728	0.02796121	0.02064682	0.01878343	0.01934735	0.01432776	0.01565802	0.01872912	0.01651107	0.02207555	0.01258227	0.01645897	0.04156591	0.02326357	0.1260098	0.02383623	0.02268464	0.01971135	0.02144816	0.01660617	0.02038803	0.0141228	0.02988938	0.03339673	0.02113681	0.008853996	0.01396641	0.02796453	0.01274261	0.02843418	0.02027714	0.01633179	0.03529279	0.02614553	0.02861431	0.02020666	0.02129675	0.02303578	0.1276649	0.1263846	0.03450054	0.02708416	0.02876776	0.02795365	0.0184554	0.02406991	0.03678615	0.03117043
17.05.2020 13:56:00	51	0.01555075	0.01691195	0.01439272	0.02107212	0.01160709	0.03264196	0.01619255	0.01590825	0.02041244	0.009225219	0.01093956	0.01153245	0.02130898	0.009448085	0.02316182	0.01445548	0.024746	0.01497205	0.01682772	0.02617447	0.01498022	0.01344775	0.01878455	0.009812296	0.008680017	0.01631239	0.01260021	0.01886774	0.02580548	0.01469863	0.02778273	0.01548483	0.02273835	0.01775604	0.02550981	0.0228703	0.01275748	0.0247073	0.02636108	0.01661114	0.02311098	0.02115781	0.01086129	0.01940733	0.02231244	0.01103442	0.01715511	0.02471709	0.01748784	0.01683794	0.01787183	0.01216681	0.01383914	0.01565065	0.01313809	0.0196446	0.01143052	0.01270631	0.03810483	0.01836616	0.1223033	0.02154827	0.01948878	0.01732293	0.01951337	0.01427341	0.01744611	0.01207942	0.0267728	0.02926373	0.01820922	0.005784331	0.01238817	0.02464376	0.009775579	0.02622021	0.01776451	0.01338736	0.03049926	0.02472463	0.02543094	0.0175138	0.01836174	0.0198871	0.1242862	0.1266277	0.03035163	0.02211674	0.02616228	0.02529318	0.01659614	0.02235633	0.03369782	0.02841987
17.05.2020 16:56:00	54	0.0146378	0.01451318	0.01324329	0.01813133	0.00990083	0.02825128	0.01518983	0.01434169	0.01838196	0.007589077	0.01028103	0.009774343	0.01948091	0.008332831	0.02176066	0.01182352	0.02160091	0.01346245	0.01531283	0.02381274	0.01306852	0.01069375	0.01639703	0.007781384	0.005589351	0.01418627	0.01058164	0.01618389	0.02393102	0.01302983	0.02482471	0.01317656	0.02084668	0.01577272	0.02228423	0.01976621	0.01123277	0.02221982	0.02418436	0.014833	0.02076992	0.01861046	0.008940537	0.0173014	0.02018599	0.008803063	0.01488324	0.02201296	0.01472879	0.01429637	0.0166406	0.01036838	0.01246106	0.01387046	0.01176801	0.01633683	0.01004343	0.01014575	0.03625573	0.01660471	0.1187907	0.02033695	0.01589417	0.01554746	0.01711792	0.01208011	0.0148289	0.009882458	0.02419796	0.02628049	0.01562221	0.005075001	0.01055171	0.02193794	0.008494339	0.02315994	0.01520251	0.01100817	0.02728475	0.02149837	0.0221167	0.01561181	0.01741792	0.01656856	0.1216094	0.1274541	0.02529194	0.01960534	0.02385942	0.02259103	0.01447278	0.02091385	0.03005613	0.02215107
17.05.2020 19:56:00	57	0.01136845	0.01230693	0.01197924	0.0147927	0.008401833	0.02434505	0.01368324	0.01284367	0.0159304	0.006517682	0.009373304	0.008610371	0.01647679	0.006795605	0.01834438	0.009934636	0.01915941	0.01155528	0.01305143	0.02168512	0.01149602	0.008510692	0.01430089	0.0061569	0.004418296	0.01210604	0.009311274	0.01449115	0.02127035	0.01188894	0.02275144	0.01197945	0.01783457	0.01410696	0.02062258	0.01714139	0.009746819	0.02017997	0.02081943	0.01364508	0.01857101	0.01579886	0.007982094	0.01483884	0.01730893	0.007183929	0.01301297	0.01956365	0.01289253	0.01221504	0.01453328	0.008528956	0.01150053	0.01272829	0.01083704	0.01422781	0.008810632	0.008495741	0.03467516	0.01424658	0.1152533	0.01908559	0.01351587	0.01365762	0.01456976	0.009698722	0.01274905	0.00832617	0.02121445	0.02307258	0.01390531	0.004342206	0.007571566	0.01918229	0.006995477	0.02120622	0.01244455	0.009309744	0.02326155	0.01910485	0.01752637	0.014676	0.0160308	0.01351221	0.1165373	0.1260128	0.02285877	0.01751801	0.02018297	0.02072886	0.01256096	0.01924697	0.02749673	0.02039012
17.05.2020 22:56:00	60	0.009881268	0.01008779	0.01035523	0.01346438	0.007005433	0.02085826	0.01136516	0.01088999	0.01400327	0.005542901	0.008052062	0.007300477	0.01412121	0.005711048	0.01669042	0.008178128	0.0166236	0.009974878	0.01106154	0.01941269	0.009819685	0.007075478	0.01194883	0.004331802	0.003686855	0.009663279	0.007440747	0.01246414	0.01922759	0.01037052	0.02071418	0.01068996	0.01538288	0.01182058	0.01811607	0.01454797	0.007751513	0.01742685	0.01734206	0.01180262	0.01616031	0.01314003	0.007179282	0.01347647	0.01383839	0.005856957	0.01165928	0.01716227	0.01033111	0.009644408	0.01192176	0.007512937	0.01024309	0.01043683	0.009673203	0.01227548	0.008331666	0.007397701	0.03162399	0.01189032	0.1079168	0.01759376	0.01141284	0.01190258	0.01325613	0.008174918	0.0113431	0.006879555	0.01866822	0.02061008	0.01193396	0.003567715	0.006605284	0.01695922	0.006090363	0.01995013	0.01083882	0.007724047	0.01943663	0.01775101	0.01607566	0.01280299	0.01297966	0.01123936	0.1132379	0.1234411	0.02054964	0.01555278	0.01800494	0.01929018	0.01064336	0.01748418	0.02492276	0.01803762
18.05.2020 01:56:00	63	0.008499897	0.00847367	0.008054011	0.01161618	0.006398648	0.01721632	0.009923081	0.00999702	0.01231376	0.004663105	0.007093383	0.006174039	0.01181086	0.00458575	0.01515907	0.007345421	0.01470903	0.008211267	0.009905038	0.01768358	0.008584488	0.005603018	0.01065114	0.003735716	0.003005017	0.008276425	0.006827191	0.01100428	0.01706658	0.009382172	0.01754751	0.009797281	0.01413781	0.009821933	0.01599304	0.0122224	0.006944733	0.01519038	0.01511097	0.009897335	0.01361127	0.01214648	0.006315488	0.01119903	0.01237202	0.005114147	0.01035757	0.01519772	0.00872622	0.008809623	0.01047941	0.006744062	0.008915322	0.008994513	0.008576239	0.01073566	0.006755686	0.006591941	0.02888104	0.01043016	0.1053001	0.01599169	0.008508217	0.009917525	0.01179058	0.006651118	0.01012308	0.005804225	0.01627692	0.0185575	0.01001315	0.003242464	0.00594476	0.01498849	0.005395907	0.01715087	0.009464239	0.006677723	0.01719655	0.01555097	0.01339749	0.01181475	0.01147648	0.008303355	0.1089462	0.1228444	0.01883344	0.01303042	0.01565342	0.01753687	0.009425884	0.0162467	0.02285409	0.01618056
18.05.2020 04:56:00	66	0.007221866	0.006735403	0.007500281	0.01065973	0.005602832	0.01590111	0.00910684	0.009186661	0.01034995	0.003732371	0.006313507	0.005142353	0.009925731	0.004370116	0.01372887	0.006044886	0.01289583	0.007419876	0.009045735	0.01571995	0.007931272	0.004851179	0.009059104	0.002873697	0.002647348	0.00761827	0.006111872	0.009236654	0.01526882	0.008347266	0.01501382	0.008619702	0.01216144	0.008786201	0.0140163	0.01084184	0.0063645	0.0139967	0.01395293	0.009011555	0.01216896	0.01067083	0.005225334	0.009566463	0.01098415	0.004479297	0.009393054	0.01300815	0.00780461	0.007112928	0.009787642	0.005930006	0.007794058	0.008131119	0.007259339	0.009206505	0.006066333	0.005880062	0.02782812	0.009228387	0.09878898	0.0147177	0.006405857	0.009061007	0.01050986	0.005791379	0.00909916	0.005241829	0.01480297	0.01653487	0.008865571	0.002806124	0.004627139	0.01285965	0.004253354	0.01612866	0.006739361	0.005781313	0.01493979	0.01388642	0.0107936	0.01029127	0.0110212	0.007165032	0.1022984	0.1192502	0.01763502	0.0112024	0.01372744	0.01574462	0.008314678	0.01454554	0.02145933	0.01471471
18.05.2020 07:56:00	69	0.006222304	0.005802455	0.006709175	0.009444647	0.004914851	0.01346711	0.008265556	0.008374586	0.009414604	0.003347626	0.005389072	0.004626826	0.009150701	0.004021686	0.01257658	0.004490699	0.01175258	0.006780857	0.008123321	0.01425231	0.00677154	0.004100435	0.007763457	0.002600759	0.002415631	0.00625611	0.005134809	0.008139687	0.01320534	0.00749574	0.01249762	0.007921154	0.01103345	0.007822883	0.01243356	0.008973055	0.005052343	0.01301959	0.01271156	0.008153694	0.01122771	0.008989163	0.003838483	0.008355526	0.01011968	0.004070294	0.008048741	0.01208548	0.006192075	0.006198341	0.008887689	0.004931482	0.006606062	0.006926036	0.006750904	0.00810464	0.005221799	0.005243102	0.02635455	0.007776577	0.09535214	0.01354579	0.005001688	0.008333483	0.009761838	0.004302079	0.00835303	0.004927394	0.01312621	0.01427128	0.007868276	0.002174096	0.003823473	0.01173242	0.003901313	0.0141244	0.005522056	0.005061306	0.01357845	0.0128546	0.008659041	0.009215729	0.009882368	0.006083754	0.09705859	0.1165764	0.01677273	0.009874018	0.01205332	0.01410221	0.007608175	0.01329286	0.01966961	0.01350133
18.05.2020 10:56:00	72	0.005251015	0.005399226	0.005939802	0.008243096	0.004685069	0.01216627	0.007310786	0.007690035	0.008541357	0.002959439	0.004493094	0.004069536	0.008344294	0.003422031	0.01157565	0.004156093	0.01115279	0.005620221	0.007440472	0.01287103	0.006252015	0.003655429	0.00677645	0.002168262	0.00218594	0.004923914	0.004497477	0.006872175	0.01126048	0.007093229	0.01020457	0.00725481	0.01013424	0.007224424	0.01121734	0.007790631	0.004111905	0.01206569	0.01166763	0.007551907	0.01026017	0.008289391	0.003502915	0.007288342	0.007534815	0.003538798	0.007044069	0.01094628	0.005153954	0.005422684	0.008039067	0.004529883	0.006104628	0.006541732	0.006121803	0.006980008	0.004466759	0.004802238	0.02348461	0.006629304	0.08768813	0.0121276	0.003875133	0.007239528	0.008364228	0.003545798	0.007273668	0.004403921	0.01192146	0.01180153	0.007138343	0.001894672	0.003525831	0.0104362	0.003491987	0.01255166	0.004831346	0.004448588	0.01201523	0.01212997	0.007847576	0.007661286	0.008070021	0.005418904	0.09072442	0.1107621	0.01538194	0.009031218	0.01069385	0.0126682	0.007283197	0.01246718	0.0172809	0.01183748
