Vessel Name: 26052020_InCu_KaKr_KK1-72_P7_6
Metric: RFP Integrated Intensity / GFP Integrated Intensity
Cell Type: 
Passage: 0
Notes: 
Analysis: KaKr-A549-H2B-GFP/-RFP_DEFv10

Date Time	Elapsed	EZH1	FABP4	FAM105A	FAM107A	FAM110A	FAM20A	FAM46A	FAM72A	FBXO6	FCAR	FFAR2	FGL2	FOS	FPR2	GBP1	GBP3	GBP4	GBP5	GLIPR2	GLS	GMPR	GPC4	GPR141	GPR155	HAPLN3	HAVCR2	HELZ2	HERC5	HERC6	HES4	HESX1	HLA-B	HLA-C	HMHA1	HSH2D	IDO1	IFI16	IFI27	IFI35	IFI44	IFI44L	IFI6	IFIH1	IFIT1	IFIT2	IFIT3	IFIT5	IFITM1	IFITM2	IFITM3	IFNE	IFNG	IGF2BP3	IL15	IL15RA	IL1A	IL1RN	IL4I1	IRF1	IRF7	IRF9	IRG1	ISG15	ISG20	ITPKB	KCNE3	KLF7	LAG3	LAMP3	LAP3	LGALS3BP	LGALS9B	LILRA1	LILRA5	LRCH2	LRRC25	LY6D	LY6E	MAP3K1	MBD4	MCM2	BORCS8	MNDA	MS4A4A	C1 (Mx2)	C2 (STAT1)	C3 (MAVS)	C4 (BST2)	C5 (EIF2AK2)	C6 (RSAD2)	NTC1	NTC2	NTC3	NTC4	NTC5
26.05.2020 09:45:00	0	0.0004744411	0.0001210158	0.0002171428	3.773749e-05	0.0009753826	3.597164e-05	4.1567e-05	0.0001850902	2.927446e-05	4.267912e-05	9.57135e-05	3,511355E-05	0.0009860259	0.0006044679	6.466274e-05	0.0003983987	3.186336e-05	0.008168489	0.000107653	0.001446396	3.340672e-05	0.0001296304	3.658153e-05	4,114574E-05	2.568801e-05	0.0003186609	2.810381e-05	2.592002e-05	3.168618e-05	3.178154e-05	2.680844e-05	3.124502e-05	2.962231e-05	3.437215e-05	3.763218e-05	4,751257E-05	0.000250504	5.204804e-05	4.410294e-05	5.137396e-05	5.085871e-05	3.841995e-05	2.982737e-05	0.0001519043	0.0001158603	0.0004668332	0.003590308	4,193596E-05	2.419417e-05	0.0002329687	0.0002496871	2.60231e-05	2.560186e-05	0.0001682989	2.227449e-05	2.101236e-05	2.502622e-05	2.621096e-05	2.454383e-05	6,806863E-05	0.0009428002	2.913459e-05	8.096432e-05	3.248735e-05	0.0001850815	3.023419e-05	2.498938e-05	0.0001426476	0.0002978361	3.361997e-05	5.933507e-05	3,778192E-05	5.003927e-05	0.0001720849	2.447253e-05	2.15476e-05	2.432067e-05	2.609443e-05	3.541975e-05	4.054647e-05	0.0001220419	3.859753e-05	3.288022e-05	4,91901E-05	9.945676e-05	0.0001408137	2.820503e-05	7.25264e-05	3.11896e-05	2.938434e-05	2.682286e-05	2.820089e-05	2.781048e-05	3.112795e-05	0.0001228162
26.05.2020 12:45:00	3	0.0005267359	3.849751e-05	0.0001785721	3.671011e-05	0.0009842395	4.097208e-05	3.968945e-05	0.000137175	3.209863e-05	0.0002087333	3.972265e-05	3,401097E-05	0.0007619292	0.0001716333	2.369779e-05	0.0003506082	2.857468e-05	0.009114377	0.0001003244	0.001459055	2.882543e-05	3.584887e-05	3.597305e-05	3,841901E-05	2.364043e-05	0.0002738459	3.569479e-05	2.673943e-05	2.890365e-05	3.169199e-05	2.598193e-05	8.068854e-05	2.960848e-05	3.082482e-05	3.395877e-05	4,269098E-05	0.0002956435	4.950196e-05	4.510934e-05	5.117889e-05	5.040809e-05	3.767676e-05	3.210661e-05	0.0001604951	4.634928e-05	0.0004027774	0.004012	3,754719E-05	2.339928e-05	2.486261e-05	0.0002571782	2.515539e-05	2.499531e-05	9.717068e-05	2.333037e-05	2.077551e-05	2.369266e-05	7.246665e-05	5.970461e-05	2,382635E-05	0.000437439	2.708852e-05	8.192295e-05	3.262156e-05	0.0001518614	3.054026e-05	2.2764e-05	0.0001639907	0.0003297871	3.032925e-05	5.993221e-05	3,598847E-05	5.450934e-05	2.501128e-05	2.434643e-05	2.119444e-05	2.18386e-05	2.777131e-05	3.515366e-05	3.824971e-05	0.0003971905	3.995579e-05	3.248288e-05	4,592967E-05	9.815083e-05	0.00010097	2.955811e-05	0.0001053384	3.022443e-05	2.73725e-05	2.527799e-05	2.709217e-05	2.633775e-05	2.79528e-05	0.0001200305
26.05.2020 15:45:00	6	0.000644024	5.24219e-05	0.0002468576	0.0	0.001275767	9.175715e-05	0.0001000704	0.0003875674	0.0001696083	0.0001871283	0.0002951379	0,0003273493	0.0009766788	0.0003710048	0.00027003	0.0004379186	0.0004376194	0.008987488	0.0004872908	0.001375656	0.0001617316	0.000373239	0.0002328557	0,0001549928	0.0003470746	0.0003454502	0.0003147261	0.0004030848	0.0001710096	6.066103e-05	0.0001574741	0.0003016787	0.0	0.0	0.0001266257	0	0.0004702973	0.0	0.000179281	0.0001990627	0.0003648628	0.0001780797	0.0002652117	0.000158719	0.0	0.0004543886	0.003537432	0	0.0001403521	0.0001746224	0.0003972373	0.0003240724	0.0003170491	0.0003158557	4.320556e-05	0.0001480191	8.902381e-05	0.0003385938	0.0002006551	7,756513E-05	0.0004430835	9.423924e-05	0.0003920976	0.0001194111	0.0002552689	0.0003777224	0.0001759656	0.0002704966	0.0005104708	0.0001331644	0.0002041829	0,0002932404	0.0001383647	0.0002775457	5.920402e-05	0.0002674243	0.0	4.634273e-05	0.0004772752	0.0003993153	0.0004305864	0.0002716086	0.0001806758	7,891667E-05	0.0001685559	0.0004637388	4.339714e-05	6.257937e-05	0.003126614	0.0001302813	0.0001604995	0.0001001319	0.0001728814	0.0001512026	0.000144419
26.05.2020 18:45:00	9	0.007256387	0.00789208	0.008749363	0.007594899	0.0078741	0.007783044	0.008892224	0.008484209	0.0104858	0.007690399	0.009330454	0,006204575	0.009607809	0.008920879	0.01018611	0.00960109	0.01123741	0.01664969	0.009225676	0.01058368	0.008612999	0.01035756	0.008359174	0,005977302	0.00839032	0.006846712	0.009183612	0.0106575	0.008188975	0.006487663	0.006852052	0.00836525	0.01056092	0.007248733	0.009748869	0,006896015	0.008587104	0.00958224	0.01026365	0.009354535	0.008297678	0.008566926	0.008516823	0.01090909	0.008949476	0.009365956	0.01254047	0,007569122	0.01065263	0.009109639	0.00974494	0.008306682	0.009420098	0.007797455	0.00872218	0.01084858	0.008056853	0.009089342	0.009619669	0,006903103	0.008710758	0.01118264	0.01031693	0.008240273	0.008903996	0.008237205	0.009215539	0.007653033	0.00938587	0.008197326	0.009687893	0,007477605	0.006671826	0.007141733	0.007515566	0.008759103	0.008080864	0.007326383	0.01309845	0.01006518	0.009644839	0.006211679	0.008251388	0,006874135	0.006038064	0.008146659	0.006744022	0.006009787	0.05273133	0.005401674	0.007039238	0.007603273	0.007060508	0.006571466	0.00779227
26.05.2020 21:45:00	12	0.02651135	0.02976756	0.0339433	0.03217467	0.03045656	0.02751795	0.03057971	0.02987184	0.03717232	0.03061467	0.03245141	0,02772717	0.0349111	0.03468182	0.03530678	0.03924543	0.0396119	0.03976117	0.03838098	0.0400958	0.03792302	0.03328201	0.0348131	0,02636954	0.03104253	0.03149893	0.0344488	0.03638892	0.03460599	0.03185306	0.02922594	0.035835	0.03758733	0.0346993	0.03508805	0,03128661	0.03621375	0.04077848	0.04463045	0.03616403	0.03830129	0.03550539	0.03443389	0.03892094	0.03660529	0.0364957	0.0382397	0,0293907	0.03562467	0.03463238	0.03680359	0.03288263	0.03676945	0.03466591	0.03277097	0.03919445	0.03132355	0.03734256	0.03893264	0,02908122	0.03345796	0.04070677	0.03748094	0.03837663	0.03774492	0.03651686	0.03628242	0.03415339	0.0381593	0.0357379	0.03542717	0,03222176	0.0301949	0.03140774	0.03248355	0.03172008	0.03145658	0.02882832	0.04263333	0.03575773	0.03532413	0.02403403	0.03535189	0,0306547	0.02849261	0.03104676	0.03141697	0.02836972	0.1331094	0.02735054	0.02809148	0.02701808	0.03007102	0.02811325	0.03024302
27.05.2020 00:45:00	15	0.05680457	0.0628105	0.0686691	0.06463818	0.06102294	0.05876682	0.06469411	0.06383469	0.07438498	0.06461115	0.06829666	0,05671011	0.06708326	0.06684751	0.07001592	0.08052167	0.07948685	0.07419282	0.07580784	0.08009147	0.07675046	0.06696926	0.07192843	0,05833297	0.06551356	0.06633941	0.0692664	0.07206956	0.07014714	0.06667371	0.06285693	0.07225499	0.07496573	0.07202528	0.0712122	0,06213857	0.07508161	0.07805362	0.09196537	0.07860176	0.07635264	0.07274859	0.07198245	0.0816857	0.07760704	0.07743243	0.07705189	0,0610656	0.06989513	0.06820402	0.0720555	0.06539939	0.07747701	0.06739926	0.07139295	0.0765181	0.06871916	0.07730248	0.08163435	0,06648885	0.06857545	0.07888954	0.0763397	0.07952884	0.07964174	0.07535712	0.07379734	0.07041035	0.07698703	0.07988662	0.06990303	0,07027485	0.06385197	0.06770895	0.07063361	0.06208251	0.06624395	0.055149	0.08136439	0.07368062	0.07331795	0.04868111	0.07184082	0,06555223	0.06134517	0.06614502	0.07050354	0.06021459	0.2098778	0.05904358	0.05937053	0.05884391	0.06150142	0.05798301	0.06246537
27.05.2020 03:45:00	18	0.09222096	0.09715189	0.108134	0.09886049	0.09485466	0.09096634	0.09707624	0.1005972	0.1110654	0.09916904	0.1042714	0,08733139	0.1026978	0.1047719	0.1064126	0.1221237	0.1181624	0.1111587	0.1153432	0.1176661	0.1197827	0.1051683	0.1099947	0,09133894	0.1028788	0.1032894	0.1054552	0.1096753	0.1082043	0.1043714	0.09741614	0.1149152	0.1169187	0.1137705	0.1113873	0,09819504	0.1146809	0.1181868	0.1440807	0.1268287	0.1171965	0.1137564	0.1114809	0.1251172	0.1251606	0.1230933	0.1188692	0,09991715	0.1058082	0.1042418	0.1083179	0.09935358	0.1187562	0.1005481	0.1098371	0.1152679	0.1043149	0.1205742	0.1254131	0,1036699	0.1075114	0.116207	0.1196842	0.1206093	0.1222173	0.1177876	0.1147545	0.1092272	0.1192952	0.1251445	0.1048369	0,1146609	0.0984492	0.1025387	0.1071279	0.09479674	0.1038079	0.08553299	0.1272391	0.1127089	0.1163701	0.07325453	0.1090361	0,1028346	0.09429665	0.1053721	0.1129032	0.09611708	0.2771198	0.09225983	0.09384886	0.08838198	0.09597	0.09688494	0.09784964
27.05.2020 06:45:00	21	0.123945	0.1276189	0.1463763	0.1311386	0.1230613	0.1157629	0.1261923	0.1305422	0.1431561	0.1285476	0.1376997	0,1165645	0.1342913	0.1377587	0.139795	0.1587248	0.151901	0.1432362	0.1493981	0.148708	0.1552549	0.1374244	0.141297	0,1179684	0.137321	0.1365474	0.1367055	0.1411214	0.1407218	0.136591	0.1284372	0.1504681	0.1510344	0.1501186	0.1473274	0,1292461	0.1476362	0.1562892	0.1864205	0.1648211	0.1545015	0.1494644	0.1459669	0.1598007	0.1625884	0.158557	0.1561777	0,1314181	0.138093	0.1358799	0.1418469	0.1281828	0.1524508	0.1291424	0.1449401	0.1500089	0.1346908	0.15887	0.1651494	0,1367178	0.1472233	0.1440716	0.1564866	0.1574687	0.1592769	0.1520923	0.1515012	0.1456015	0.1553747	0.1636694	0.1353106	0,156593	0.1336227	0.1309933	0.1424366	0.1229322	0.1355482	0.1151617	0.1643705	0.1481259	0.1543921	0.09901576	0.1406737	0,1393074	0.1261506	0.1434253	0.150149	0.1294267	0.3314773	0.1233251	0.1247197	0.1153091	0.1267544	0.1317878	0.1322209
27.05.2020 09:45:00	24	0.1561136	0.1516507	0.1776721	0.1564018	0.1487684	0.1416775	0.1492153	0.1608144	0.1685076	0.1561739	0.1624098	0,1428619	0.159175	0.1666685	0.168327	0.1881091	0.1781784	0.1694843	0.1782449	0.1760004	0.18325	0.1653824	0.1688192	0,1401476	0.1674476	0.1638477	0.1625482	0.1660741	0.168022	0.1669441	0.1560115	0.1789625	0.1830445	0.1782444	0.17968	0,1523824	0.1764444	0.1895035	0.2252287	0.1962824	0.1877017	0.1782694	0.1737242	0.1926366	0.1943031	0.1901796	0.1856818	0,1604474	0.1668609	0.1599688	0.1665837	0.1533468	0.178168	0.1552095	0.175823	0.1782026	0.1646048	0.1909546	0.2010145	0,1640041	0.1846915	0.1686529	0.1850168	0.188353	0.1909489	0.1819824	0.1808786	0.1718856	0.1822496	0.1961392	0.1606775	0,1951081	0.1660495	0.1573438	0.1711937	0.1436109	0.1609425	0.1398348	0.1939148	0.1753417	0.1870791	0.1220852	0.1664407	0,170652	0.1553767	0.1763713	0.1800453	0.1580195	0.3730966	0.1500555	0.151104	0.1399726	0.1529577	0.1611995	0.1595169
27.05.2020 12:45:00	27	0.1758349	0.172249	0.1985143	0.1767667	0.1702838	0.1630943	0.1656016	0.1802915	0.1866733	0.1755896	0.1799608	0,1622556	0.1806881	0.1912169	0.1878609	0.2153403	0.2014867	0.1905387	0.1999227	0.1950965	0.20871	0.1861395	0.1903448	0,1599056	0.1905362	0.1827798	0.1839528	0.1865886	0.188615	0.188659	0.1749795	0.2032074	0.2064307	0.2009048	0.2047563	0,1737157	0.1996379	0.2186233	0.260994	0.2227482	0.2115807	0.2027271	0.1957818	0.214817	0.2223943	0.2177395	0.2119319	0,1823747	0.1895562	0.1796272	0.1854881	0.1723924	0.1986407	0.1745257	0.2024863	0.2034773	0.1867175	0.2172669	0.2313668	0,188672	0.2141862	0.1865169	0.2113581	0.2149664	0.216711	0.2077674	0.2019231	0.1971922	0.2013872	0.2204767	0.1790134	0,2257185	0.1927665	0.1777839	0.1965576	0.1617822	0.1815117	0.1588155	0.2169344	0.1970406	0.2108977	0.1399597	0.1881907	0,1971998	0.1784276	0.2049613	0.2075363	0.181136	0.3988603	0.172533	0.1719418	0.1593069	0.1761391	0.1817765	0.1794513
27.05.2020 15:45:00	30	0.1933612	0.1828612	0.2132872	0.1897577	0.184716	0.17877	0.1794699	0.1940608	0.1995752	0.1933257	0.1946339	0,1786656	0.1941322	0.2072317	0.2012523	0.2335496	0.2152466	0.2086096	0.2166715	0.2134776	0.2240243	0.2025619	0.2057493	0,172091	0.2050834	0.1966423	0.1967506	0.2004853	0.2011966	0.2061895	0.1890172	0.2187042	0.2243335	0.2175543	0.2200477	0,1927666	0.2190717	0.2366919	0.2882682	0.2431104	0.2247534	0.2205704	0.2092654	0.2329239	0.2367632	0.2335518	0.2332236	0,1930387	0.2072834	0.1954753	0.1988259	0.1874541	0.2140918	0.1871155	0.2189652	0.2200505	0.2021798	0.2396425	0.2547582	0,2038233	0.2376709	0.1990561	0.2295124	0.2352909	0.2310543	0.2262154	0.2187134	0.211758	0.2178043	0.2399708	0.1939129	0,2513196	0.2129875	0.1898031	0.2132106	0.175599	0.1971668	0.1712628	0.2315021	0.2123455	0.2310359	0.1534629	0.2042837	0,2182223	0.1966	0.2268473	0.2312075	0.2000769	0.40794	0.1887175	0.1873005	0.1708143	0.1907699	0.1965048	0.1940062
27.05.2020 18:45:00	33	0.2014273	0.1914243	0.2242608	0.1993341	0.1981448	0.1847349	0.1860245	0.205005	0.2066657	0.2013128	0.2030459	0,185522	0.2018991	0.2176946	0.2089656	0.2459627	0.2266733	0.2166446	0.2231831	0.2237946	0.2348066	0.213656	0.2159211	0,1784962	0.2188682	0.2087369	0.2045498	0.2097942	0.2130386	0.2158614	0.194975	0.2315988	0.2381476	0.2289662	0.2304649	0,2011035	0.2282554	0.2513573	0.308481	0.2497708	0.2343576	0.2308241	0.2166349	0.242211	0.2493155	0.2473708	0.2467763	0,2034203	0.2141902	0.2040086	0.2084366	0.1948079	0.222241	0.19506	0.2314847	0.2332176	0.2111859	0.2555234	0.272265	0,2113421	0.2532465	0.2069501	0.239184	0.2499793	0.2433263	0.239307	0.2306673	0.2184133	0.2261989	0.2529617	0.2018621	0,268084	0.2276351	0.1987292	0.2272759	0.1836767	0.2061754	0.1791921	0.2410772	0.222459	0.2404335	0.1658556	0.2158521	0,2311748	0.2085244	0.2451603	0.2468474	0.2119943	0.4014864	0.1958134	0.1964286	0.17942	0.2016254	0.2047872	0.2018552
27.05.2020 21:45:00	36	0.2099075	0.1916375	0.2291048	0.2072961	0.2068161	0.1944848	0.189074	0.2131976	0.2151077	0.2094295	0.2102241	0,191519	0.2075852	0.2249812	0.2129398	0.2533608	0.2318217	0.2205465	0.2262636	0.2332106	0.240762	0.2202214	0.2229586	0,1837768	0.2257245	0.2150468	0.2122074	0.2098412	0.2219177	0.221296	0.2016697	0.2358546	0.2455023	0.2376735	0.2394473	0,2053914	0.2348878	0.2601882	0.324431	0.2589799	0.2411209	0.2412633	0.2210208	0.2559817	0.2560875	0.2537401	0.2518401	0,2093143	0.2192422	0.2079117	0.2154369	0.2003081	0.2305249	0.2002572	0.2396837	0.2405149	0.2187452	0.2651164	0.2891689	0,2191408	0.2632447	0.2128673	0.2451701	0.2597873	0.2535109	0.2486946	0.2332542	0.2278435	0.2342037	0.2612008	0.2053611	0,2793904	0.2396012	0.2022898	0.236259	0.1866538	0.2083483	0.1870096	0.2418436	0.2284028	0.249152	0.1740048	0.224372	0,2409367	0.2095004	0.2551284	0.2583822	0.2208042	0.3925499	0.2008019	0.1998269	0.1788735	0.2072753	0.2088957	0.2065143
28.05.2020 00:45:00	39	0.2099236	0.1920501	0.2336474	0.2087113	0.2106384	0.1974491	0.1900304	0.218613	0.2163686	0.2110104	0.2139075	0,1900035	0.2084766	0.2287783	0.2150437	0.2594653	0.229224	0.223452	0.2266462	0.2402855	0.2497431	0.219492	0.2259591	0,1884084	0.2292292	0.2167705	0.2144901	0.2081995	0.2270708	0.2223162	0.2022008	0.2390354	0.2553224	0.2424215	0.2480257	0,2059361	0.2396088	0.270413	0.3357247	0.2651657	0.2437202	0.2458372	0.2244007	0.2607626	0.2660597	0.2565167	0.2576564	0,2154055	0.2232111	0.210855	0.2166026	0.202052	0.2324269	0.2028165	0.2429876	0.2436981	0.2228865	0.2711453	0.3014899	0,2226408	0.2714043	0.2151338	0.2540093	0.2647831	0.2579986	0.2553624	0.2373466	0.2305467	0.2364575	0.2646022	0.209026	0,2898644	0.2467128	0.2017844	0.240569	0.1902546	0.2085615	0.190886	0.2440584	0.2281599	0.2559932	0.1765468	0.2282184	0,2458843	0.2151649	0.2629052	0.2680094	0.2214319	0.3844296	0.2031968	0.204319	0.1823656	0.2114921	0.2066636	0.2072187
28.05.2020 03:45:00	42	0.2086673	0.190299	0.2363121	0.2113618	0.2174813	0.1990912	0.1871298	0.2221216	0.2152192	0.2100417	0.2175449	0,1864677	0.2034658	0.2272399	0.2142358	0.2652863	0.2241184	0.2250484	0.2254179	0.2440746	0.2479048	0.2202198	0.2308538	0,188331	0.2304291	0.219741	0.2141478	0.2114721	0.2278168	0.2232043	0.2015405	0.2414708	0.2557852	0.2446041	0.2506097	0,2092831	0.2394526	0.269364	0.3409599	0.2671286	0.2432377	0.2457336	0.2253803	0.2635067	0.2549725	0.2527039	0.2559577	0,2167758	0.2232708	0.2106512	0.2159473	0.2020936	0.2346217	0.2010244	0.2448388	0.2441953	0.2238204	0.2774776	0.3083163	0,2221846	0.2733083	0.2142055	0.2520587	0.2689833	0.2606617	0.256769	0.2387942	0.2277361	0.2397581	0.2654368	0.2062956	0,2948853	0.2481823	0.197443	0.2389207	0.1935074	0.2084479	0.1947583	0.2466434	0.2277656	0.2572798	0.1789705	0.2302063	0,2486629	0.2146883	0.2695458	0.2743223	0.2248569	0.3584414	0.2029202	0.2038854	0.1812561	0.211287	0.2033134	0.2040863
28.05.2020 06:45:00	45	0.2085659	0.1865436	0.2348573	0.2091041	0.2140595	0.1984137	0.1847026	0.2206301	0.2111765	0.2074779	0.2170294	0,184689	0.2047763	0.2243438	0.2090062	0.267443	0.2204143	0.2243823	0.2217302	0.243756	0.2467939	0.2196191	0.2299193	0,1877046	0.2288179	0.2160894	0.2115107	0.209782	0.2223569	0.223614	0.1962015	0.2397007	0.2494917	0.2422224	0.2482911	0,2115626	0.2382573	0.2698067	0.3399444	0.2693383	0.239632	0.2421969	0.2230909	0.2600277	0.2493796	0.2488278	0.2583958	0,2182586	0.2175847	0.208403	0.2155499	0.1974227	0.2337088	0.1998621	0.2443217	0.243856	0.2250379	0.278502	0.3111742	0,2193672	0.2713568	0.2122594	0.2475292	0.2675349	0.2567573	0.2572601	0.2367206	0.2244057	0.2343457	0.2632276	0.1994522	0,2974144	0.2510849	0.1903614	0.237656	0.1909336	0.2059094	0.1885245	0.2423491	0.2258582	0.257944	0.1785116	0.2302887	0,2465734	0.2093344	0.2699419	0.2773906	0.222314	0.3462831	0.2014005	0.2018108	0.1784906	0.2100952	0.2016542	0.2006752
28.05.2020 09:45:00	48	0.197107	0.1838336	0.235077	0.20498	0.2108915	0.1944341	0.1808743	0.2153816	0.2081104	0.2035879	0.2133288	0,1806298	0.1984919	0.220219	0.2044122	0.2652608	0.2168638	0.2197817	0.2148006	0.240344	0.2462416	0.217285	0.2255639	0,1843906	0.2307551	0.2142368	0.211868	0.2061209	0.2182765	0.2246884	0.1913441	0.2391279	0.2451612	0.2437286	0.2441561	0,2102607	0.2301264	0.266825	0.343657	0.2646545	0.2359106	0.2377623	0.2197182	0.2561613	0.2474315	0.2431327	0.2576844	0,2156664	0.2144991	0.2046878	0.211135	0.1944437	0.2301129	0.1995831	0.243665	0.2398614	0.2203703	0.2736868	0.3167267	0,2154886	0.268833	0.2075527	0.2450358	0.2671009	0.2531699	0.2523458	0.2294026	0.2211667	0.2317778	0.2566187	0.196493	0,3000467	0.2481654	0.1856294	0.2350203	0.1874313	0.2040469	0.1859966	0.2328563	0.2225823	0.2531535	0.180638	0.2277001	0,2452839	0.2076242	0.2669649	0.2764639	0.2227546	0.329886	0.2024901	0.1964249	0.175523	0.2081039	0.19557	0.1983995
28.05.2020 12:45:00	51	0.1897261	0.177801	0.2290456	0.2008442	0.2085139	0.1915874	0.1747702	0.2103436	0.1996777	0.1991691	0.2066521	0,1722908	0.1945036	0.215045	0.1964274	0.2624173	0.2102198	0.2161354	0.2106425	0.236843	0.2456352	0.2151781	0.2204888	0,179483	0.2261036	0.208567	0.2041984	0.2057367	0.2132646	0.2219294	0.1824891	0.2344958	0.2434376	0.2388671	0.2380878	0,2066977	0.2252142	0.2626218	0.3427703	0.2592143	0.2312663	0.235497	0.2162862	0.2524947	0.2470505	0.2366375	0.2535617	0,2127182	0.2095754	0.2014379	0.2037084	0.1887779	0.225993	0.1941757	0.2395125	0.2361455	0.2159862	0.2702067	0.3197127	0,2136	0.2677364	0.2037588	0.2420673	0.260262	0.2499242	0.2473136	0.2252847	0.2133477	0.222139	0.2502173	0.188964	0,2890375	0.2469261	0.1813895	0.2341772	0.1802411	0.1979015	0.1830045	0.2218183	0.2169939	0.2528905	0.1754606	0.2248389	0,2416831	0.201348	0.2663465	0.2752202	0.2208385	0.3108513	0.2008852	0.1899893	0.1724352	0.2051627	0.1859676	0.1900948
28.05.2020 15:45:00	54	0.1491468	0.1784569	0.1763489	0.1618199	0.1633762	0.1730205	0.1853519	0.1861028	0.1963222	0.1733922	0.1644406	 	0.1920969	0.1830569	0.2469154	0.1920475	0.2012233	0.2145571	0.2398742	0.2398383	0.2153173	0.2344461	0.1882383	 	0.175863	0.1807419	0.1934169	0.1983808	0.1878372	0.1484324	0.2186882	0.2140254	0.2401811	0.2506984	0.1868663	 	0.1934925	0.217088	0.1988372	0.1680253	0.2123513	0.1786712	0.2072711	0.2077598	0.1863806	0.2055363	0.2276967	 	0.1906706	0.1987555	0.1913658	0.2078595	0.2055052	0.226767	0.2172932	0.2181928	0.2358933	0.3285097	0.2224881	 	0.1949322	0.2257352	0.2443492	0.2259934	0.2516335	0.2134431	0.1890042	0.2088649	0.2298986	0.190499	0.2799922	 	0.1785493	0.2332656	0.1823538	0.2326241	0.1848471	0.2104259	0.1887927	0.2330242	0.1553901	0.220458	0.2434967	 	0.2282806	0.2689589	0.2026848	0.291791	0.1787155	0.180663	0.1800359	0.1933687	0.1734575	0.1579669	0.02041905
28.05.2020 18:45:00	57	0.1721448	0.1650542	0.2182749	0.1896847	0.1904436	0.1839637	0.1657763	0.1981048	0.1811566	0.1934723	0.195946	0,1633153	0.1829805	0.2004224	0.1856892	0.2519148	0.1919357	0.2078981	0.1986183	0.2257449	0.2377785	0.2074104	0.2140092	0,1706209	0.2123164	0.2003511	0.1910065	0.1969402	0.2070279	0.2142448	0.170082	0.2240395	0.2268379	0.2291028	0.2279944	0,1928822	0.2164244	0.25617	0.3224552	0.2421676	0.2087535	0.2257826	0.2005913	0.2430336	0.2372672	0.232312	0.2383598	0,2076034	0.1985001	0.1894514	0.1883268	0.171412	0.2121471	0.1852142	0.2302238	0.2240756	0.2076018	0.2608351	0.3155987	0,199957	0.2546795	0.191265	0.2214786	0.2502179	0.237564	0.2325144	0.2164806	0.2049363	0.2124192	0.2355536	0.1794108	0,269642	0.2352451	0.1697115	0.2258202	0.1741784	0.1897833	0.1774522	0.213567	0.2014454	0.2421158	0.1556266	0.2129734	0,2314735	0.185119	0.2503247	0.2684895	0.2098862	0.2722352	0.1911374	0.1735518	0.1623107	0.1901749	0.1730554	0.1687443
28.05.2020 21:45:00	60	0.1675226	0.1523289	0.2157865	0.1839302	0.1871349	0.1779912	0.1634789	0.1936134	0.1740627	0.1922424	0.1924812	0,1585933	0.1760761	0.1927243	0.1812243	0.2469049	0.1827592	0.1993867	0.1920962	0.2171742	0.2331517	0.2009005	0.2051044	0,1664592	0.2047709	0.1982547	0.1854532	0.1902484	0.1976912	0.2079982	0.1625649	0.2198549	0.2220303	0.2208093	0.2188096	0,1873609	0.2085867	0.2536476	0.3164958	0.233388	0.1989841	0.2182744	0.1929568	0.2339582	0.2243961	0.221205	0.2317972	0,1995975	0.1868175	0.1857829	0.1803451	0.1657238	0.2026181	0.1813966	0.2254565	0.2169603	0.2009832	0.2538079	0.3085186	0,1937639	0.245817	0.1838664	0.214326	0.2423534	0.2318366	0.2242842	0.2091094	0.1990129	0.2075818	0.2301417	0.1736338	0,2592086	0.2285363	0.1643944	0.2171903	0.1696681	0.1858547	0.1709195	0.2048403	0.1980774	0.2358854	0.1480111	0.2106572	0,2239408	0.1764934	0.2436164	0.2620521	0.204201	0.2563588	0.1858337	0.1648703	0.1562684	0.1846355	0.1664238	0.1612168
29.05.2020 00:45:00	63	0.1611141	0.144413	0.2047359	0.1789542	0.1825704	0.1710018	0.1583028	0.1867765	0.1687324	0.186277	0.1844892	0,1526186	0.1721655	0.1853799	0.1742567	0.241492	0.1729448	0.1924928	0.1862194	0.2101937	0.2292459	0.1987377	0.2005959	0,1610672	0.1986097	0.1925604	0.1782174	0.1826522	0.1893372	0.2011858	0.1534631	0.2156152	0.2116446	0.2095345	0.2121878	0,1825102	0.196084	0.240144	0.3026223	0.2206804	0.1896415	0.2119338	0.1817212	0.2253991	0.2162066	0.2114473	0.2211901	0,1917769	0.1798091	0.1772776	0.173703	0.157082	0.1959442	0.1742539	0.2192492	0.2117232	0.1973242	0.2452364	0.3070837	0,1877378	0.2389221	0.1773356	0.1989759	0.2342811	0.2257575	0.2154189	0.203708	0.1932511	0.1978144	0.2216556	0.1675855	0,2523792	0.2233727	0.1558445	0.2133139	0.1622221	0.1780241	0.1658633	0.2016847	0.1890172	0.2286683	0.1399529	0.2010946	0,2171018	0.1654267	0.2360605	0.2547689	0.2007715	0.2440856	0.179694	0.158209	0.1478049	0.1795443	0.1589854	0.153309
29.05.2020 03:45:00	66	0.1503527	0.1388096	0.1966559	0.1654016	0.175429	0.1617254	0.1507565	0.1824056	0.1589874	0.1779561	0.1767348	0,144172	0.1654545	0.1804369	0.164849	0.2312105	0.1646728	0.1882715	0.1763424	0.198969	0.2218977	0.1909745	0.1936844	0,1543549	0.194724	0.1810963	0.1713385	0.173058	0.1833847	0.1932778	0.1454412	0.2071175	0.2005583	0.2025677	0.2048891	0,1799032	0.1861893	0.227601	0.2910427	0.2036761	0.1843009	0.2011146	0.1722973	0.2146666	0.2077815	0.2036936	0.2140208	0,1807742	0.1717595	0.1705014	0.1637913	0.1506534	0.1844664	0.1630951	0.2097815	0.2048348	0.1887879	0.2362161	0.2990339	0,1818217	0.2309913	0.1680866	0.1866904	0.2257967	0.2188093	0.2026101	0.1928105	0.185381	0.1872797	0.2086978	0.1613985	0,246727	0.2192967	0.1494253	0.2046453	0.1532992	0.1709591	0.1611811	0.1897434	0.1784644	0.2116784	0.1271749	0.1898937	0,2115734	0.1587688	0.2249493	0.247209	0.1907574	0.2307426	0.1750966	0.1491318	0.14047	0.1666206	0.1526609	0.1450423
29.05.2020 06:45:00	69	0.1466091	0.1342384	0.1894003	0.1564959	0.171209	0.1545371	0.1400508	0.1743204	0.1521701	0.1693265	0.169459	0,1344828	0.1581143	0.1700593	0.1534458	0.2252041	0.1590279	0.1800095	0.1680991	0.1915681	0.2111901	0.1843887	0.1866256	0,1482551	0.1896058	0.175249	0.1645726	0.1678575	0.1746233	0.1851809	0.1354794	0.1960284	0.1889607	0.1985195	0.1969107	0,1654263	0.180695	0.2183016	0.2735103	0.1901429	0.1806388	0.194681	0.1624285	0.1997343	0.1954056	0.194999	0.2055606	0,1729842	0.1690634	0.1627137	0.1541489	0.1438245	0.1753468	0.1551796	0.200777	0.1962049	0.1812938	0.2233652	0.2917129	0,1763751	0.2258167	0.1603356	0.1743949	0.2206928	0.208206	0.1948374	0.1831195	0.1794214	0.1841453	0.1970112	0.1552925	0,2396824	0.2121636	0.1443291	0.2001777	0.1446974	0.1623188	0.1567096	0.1789732	0.1706492	0.2074576	0.1208233	0.1854073	0,2075485	0.1536036	0.2198655	0.2392344	0.1817215	0.2121103	0.1672405	0.1428453	0.133069	0.1592773	0.1485292	0.1366304
29.05.2020 09:45:00	72	0.139568	0.1253359	0.1776417	0.1513991	0.1683318	0.1475663	0.1325389	0.1628973	0.1452976	0.1612158	0.1646026	0,1250592	0.150629	0.1636146	0.147261	0.2145639	0.1526875	0.1716437	0.1584192	0.1806892	0.1946982	0.1755666	0.1820034	0,1428556	0.1846143	0.1649004	0.1595268	0.1546587	0.1624432	0.1767299	0.1270442	0.1852785	0.1812374	0.1852505	0.1855079	0,1563289	0.1676964	0.2053439	0.2607768	0.18325	0.1698327	0.1811709	0.1535727	0.1906951	0.1826745	0.1824343	0.1942173	0,1654902	0.1597693	0.1572056	0.1466937	0.1399671	0.166561	0.1453155	0.1891572	0.1828549	0.1702985	0.2126271	0.2814025	0,1677361	0.2170773	0.1474749	0.1640093	0.2092692	0.1976174	0.1854547	0.1770762	0.1713196	0.1742198	0.1905432	0.1480114	0,22562	0.208318	0.1344795	0.1914366	0.1403606	0.1570743	0.1519168	0.1712648	0.1613536	0.1931732	0.1133034	0.1757341	0,2000623	0.1478095	0.208453	0.2301667	0.1737501	0.1984333	0.1616036	0.1334358	0.1254719	0.15344	0.1381155	0.129336
