Vessel Name: 01-11-2022_KaKr_KK1-83_Screen_S4/4-B5/5_P7_12
Metric: RFP  Integrated Intensity / GFP  Integrated Intensity
Cell Type: 
Passage: 0
Notes: 
Analysis: KaKr-A549-H2B-GFP/-RFP_DEFv10

Date Time	Elapsed	SSB	ST14	STAB1	STAP1	STAT2	TAP1	TAP2	TDO2	TDRD7	TIFA	TLR3	TLR7	TMEM140	TMEM217	TMEM62	TNFRSF1B	TNFSF10	TNFSF13B	TNFSF18	TNFSF8	TRAF3IP3	TRANK1	TRIM21	TRIM22	TRIM25	TRIM38	TRIM5	TRIM69	TYMP	UBA7	UBN2	UBQLNL	VCAN	WARS1	XAF1	ZADH2	ZBP1	ZBTB48	ZC3HAV1	ZMAT3	ZNF44	ZNF516	ZNFX1	STAT1	MAVS	BST2	EIF2AK2	RSAD2	NTC1	NTC2	NTC3	NTC4	NTC5
01/11/2022 15:45:00	0	4.56085e-05	4.804167e-05	5.191287e-05	5.298968e-05	4.253453e-05	5.335359e-05	0.0003781191	4.603479e-05	4.557258e-05	4.400205e-05	5.25329e-05	5.014545e-05	9.199313e-05	4.220621e-05	4.294711e-05	4.273224e-05	3.311383e-05	0.0001752637	4.039954e-05	4.586989e-05	4.217788e-05	3.937748e-05	4.502246e-05	6.686524e-05	3.565559e-05	3.510735e-05	3.792358e-05	3.506989e-05	4.603965e-05	4.016372e-05	4.006104e-05	3.939454e-05	4.711311e-05	4.485362e-05	7.386654e-05	5.687532e-05	3.887815e-05	0.0001614582	4.643432e-05	0.0001021924	3.965255e-05	0.0001218512	4.393522e-05	0.0004978325	4.496738e-05	0.0005157195	4.448857e-05	4.780872e-05	4.499584e-05	4.851441e-05	4.398502e-05	3.872679e-05	4.496005e-05
01/11/2022 17:45:00	2	4.994486e-05	4.649783e-05	5.600163e-05	6.154265e-05	3.709247e-05	5.652747e-05	0.0003629478	4.22399e-05	4.758523e-05	4.842692e-05	5.088758e-05	4.639897e-05	9.389433e-05	4.470124e-05	4.03903e-05	4.269517e-05	3.713313e-05	0.0001450742	4.187017e-05	4.039354e-05	4.469915e-05	4.317502e-05	4.44698e-05	8.325571e-05	3.685333e-05	3.510841e-05	4.029357e-05	3.812449e-05	4.970307e-05	3.790463e-05	4.415738e-05	3.821169e-05	4.83638e-05	4.594564e-05	6.295328e-05	6.411165e-05	4.056867e-05	0.0001511574	4.126269e-05	0.0001010473	3.95906e-05	0.0001220144	4.498703e-05	0.0004959293	4.167112e-05	0.000506799	4.420496e-05	4.923992e-05	4.510029e-05	4.613743e-05	3.96731e-05	3.973689e-05	4.936969e-05
01/11/2022 19:45:00	4	4.418468e-05	4.961872e-05	4.941996e-05	5.285182e-05	3.868022e-05	5.127232e-05	0.0003222516	4.152657e-05	3.997306e-05	4.323134e-05	4.592475e-05	4.677108e-05	9.018146e-05	4.099364e-05	4.050583e-05	3.981071e-05	5.512565e-05	3.713187e-05	4.049555e-05	4.207673e-05	3.855137e-05	3.892897e-05	3.836758e-05	7.787475e-05	3.482946e-05	3.358538e-05	3.789981e-05	3.637814e-05	4.724401e-05	3.675973e-05	3.897446e-05	3.506248e-05	4.567879e-05	4.009749e-05	4.317207e-05	6.542449e-05	3.648749e-05	0.000180581	4.452065e-05	9.73836e-05	3.7693e-05	0.0001118211	4.038981e-05	0.0004861193	3.916097e-05	0.000465276	4.497589e-05	4.499333e-05	4.184708e-05	4.36295e-05	3.957454e-05	3.739687e-05	4.328543e-05
01/11/2022 21:45:00	6	8.540838e-05	0.0001893893	0.0003882896	0.000210566	0.0001590601	0.0002819692	0.0007807455	0.0001538266	0.0003300227	9.446157e-05	5.023421e-05	0.0003667284	0.0002687094	0.0003340846	8.061787e-05	0.0001752573	0.0002428812	0.0001301616	3.946768e-05	0.0001666266	0.0003230553	0.0002512907	0.0001030943	0.0003382429	0.0005133483	0.0004009579	0.0004664973	6.73543e-05	0.0002111349	0.0002874996	0.0001348916	0.0001005274	0.0003497853	0.0001349442	0.0002021805	0.0001980036	0.0002045172	0.0002010424	0.0002488851	0.0003122912	0.0002558749	0.000265747	8.58794e-05	0.0004783138	0.0003664584	0.0004484975	0.003462781	0.0002141305	0.0002783694	0.00025547	0.0001108222	0.0001644283	0.0002303528
01/11/2022 23:45:00	8	0.002178227	0.002684501	0.002027997	0.002694516	0.001915289	0.002754227	0.004429218	0.001992712	0.002371735	0.002088273	0.002106283	0.002612736	0.003639905	0.002562991	0.002398561	0.002754911	0.003755113	0.00209224	0.00265734	0.002418915	0.003369227	0.003087302	0.002506748	0.003084178	0.005672122	0.003194104	0.00436681	0.002568593	0.002575859	0.003070469	0.002653278	0.003014851	0.004232338	0.002270476	0.003999025	0.003094949	0.002590583	0.002267919	0.004479223	0.003067896	0.003760562	0.00343633	0.002467289	0.002985649	0.002740643	0.002489342	0.02560049	0.002154312	0.002168189	0.001830949	0.00327483	0.003137263	0.002566206
02/11/2022 01:45:00	10	0.00997337	0.0100715	0.008375563	0.01111484	0.009154984	0.009629739	0.01463631	0.01141604	0.01105719	0.01127171	0.01062119	0.01035581	0.01392006	0.01159714	0.009256181	0.01262219	0.01244496	0.01051995	0.01174235	0.01175423	0.0129061	0.01210058	0.01073849	0.01222461	0.01985293	0.01377837	0.01425377	0.01036304	0.0101094	0.01231702	0.01091098	0.01290039	0.01390524	0.01019604	0.01371225	0.01248907	0.009432725	0.01059534	0.01864561	0.01074705	0.01212222	0.01248587	0.01232408	0.01123452	0.01074118	0.007995312	0.07038257	0.008586734	0.008790979	0.01092791	0.01180705	0.01136821	0.009842385
02/11/2022 03:45:00	12	0.02438463	0.02397138	0.02241523	0.02642263	0.02284801	0.02236833	0.03010458	0.02715261	0.02664065	0.02771326	0.02629657	0.02657111	0.03148047	0.02829517	0.02554712	0.02896783	0.02805049	0.02577755	0.02985973	0.02767663	0.03076337	0.02794794	0.02527242	0.02774854	0.04135952	0.03310847	0.03166507	0.02563109	0.02701136	0.03024148	0.02880311	0.02969861	0.03038263	0.02470927	0.03053561	0.03004706	0.02431819	0.02548672	0.03877633	0.02785997	0.02823297	0.03057347	0.03054415	0.02515896	0.02556181	0.0205342	0.1346587	0.02059136	0.02201764	0.02454504	0.02687098	0.02591999	0.02277853
02/11/2022 05:45:00	14	0.04478818	0.04310454	0.04478496	0.04655498	0.04227879	0.04131074	0.05131719	0.04918011	0.04943012	0.05012289	0.04672899	0.04788115	0.05507818	0.05340553	0.04613403	0.05126163	0.04799677	0.04869624	0.05194289	0.0509847	0.05517963	0.05054991	0.04752441	0.0477796	0.07081977	0.05877977	0.0558891	0.04871707	0.05258564	0.05576881	0.05316503	0.05481236	0.05343988	0.04585182	0.05435594	0.05650653	0.04669867	0.04813958	0.0691698	0.05075755	0.05039739	0.05505563	0.05475519	0.04605917	0.04722132	0.03766933	0.2049823	0.03673487	0.04122844	0.04203238	0.04672628	0.04607677	0.04291866
02/11/2022 07:45:00	16	0.07236072	0.06661338	0.06827357	0.07039306	0.0660112	0.06533647	0.07551014	0.07518014	0.07600001	0.07510861	0.07166807	0.07416279	0.08036893	0.0830254	0.07049835	0.078035	0.0718862	0.07513149	0.0789772	0.07576323	0.08533981	0.07894075	0.07385517	0.0728023	0.1033381	0.08529145	0.0808654	0.07405531	0.07795737	0.08295958	0.08098311	0.08521231	0.08000691	0.07154433	0.08285226	0.08410759	0.07248218	0.07509492	0.1040017	0.07829928	0.07591182	0.08245371	0.08523287	0.07187457	0.07468806	0.06004253	0.2729154	0.05678288	0.06464025	0.06583644	0.07085102	0.07001083	0.06766801
02/11/2022 09:45:00	18	0.1009743	0.09602828	0.09171249	0.09905974	0.09384441	0.09233097	0.1035315	0.1045407	0.1053184	0.1014929	0.09842529	0.1000436	0.1110159	0.1182444	0.09532544	0.1086505	0.09686723	0.103591	0.1111421	0.1071139	0.1160989	0.1067165	0.1037937	0.09795245	0.1350439	0.1136085	0.1110457	0.1022176	0.1073315	0.1132911	0.1089733	0.1158552	0.1085049	0.09932974	0.1132442	0.1144963	0.09877291	0.1061906	0.1386707	0.104954	0.1016583	0.1160664	0.1199072	0.0991592	0.1046526	0.08414908	0.3331024	0.07890237	0.09016061	0.09219322	0.09889419	0.09531434	0.09213157
02/11/2022 11:45:00	20	0.1285057	0.1234974	0.1159817	0.1302122	0.1222922	0.1188028	0.1301932	0.1318232	0.1338825	0.128924	0.1268401	0.1246185	0.1393421	0.151576	0.119133	0.1380742	0.1227282	0.1348926	0.1416512	0.1355264	0.1449659	0.1325717	0.1327206	0.1249665	0.166635	0.1377028	0.135546	0.1311114	0.1351927	0.1419239	0.1375774	0.1451712	0.1359321	0.1267628	0.1436751	0.1455667	0.1253847	0.1383272	0.170194	0.1314467	0.1270124	0.1483446	0.1545176	0.1261913	0.1364865	0.1065661	0.387261	0.09929673	0.1163478	0.1174557	0.1250415	0.1204227	0.1148554
02/11/2022 13:45:00	22	0.1524407	0.1499014	0.1399476	0.158655	0.1482215	0.1456668	0.1559202	0.1570016	0.1613246	0.1535241	0.1528554	0.1506087	0.1657692	0.1830646	0.1430288	0.1634901	0.1437036	0.159944	0.1692223	0.1617438	0.1736952	0.1554639	0.1605595	0.1494056	0.1901777	0.1620056	0.16268	0.1555544	0.1657926	0.1666569	0.1617737	0.1727535	0.1617645	0.1522033	0.1740029	0.1721833	0.1516246	0.1658437	0.2014273	0.1559805	0.1510175	0.1770052	0.1868471	0.1570078	0.1653977	0.1310206	0.432571	0.1203739	0.1397253	0.1454975	0.1494882	0.1455341	0.1390177
02/11/2022 15:45:00	24	0.1778141	0.173035	0.1625165	0.1862795	0.1755267	0.1691804	0.1775947	0.1830579	0.1842515	0.1745877	0.1810367	0.1715143	0.1903373	0.2096246	0.1614494	0.1895145	0.1651943	0.1838843	0.1955774	0.1857399	0.1988657	0.1775438	0.1859485	0.1733072	0.2132314	0.1839392	0.1845213	0.1770952	0.1908729	0.1895262	0.1859308	0.1966185	0.1860047	0.1759575	0.2005655	0.1968779	0.175355	0.1921405	0.2307589	0.1812865	0.174953	0.2041568	0.2171044	0.1859994	0.191473	0.1515192	0.4711097	0.1400948	0.1612868	0.1706882	0.1718088	0.1693317	0.1608102
02/11/2022 17:45:00	26	0.2007133	0.1918244	0.1819199	0.2096452	0.1970194	0.190925	0.1984175	0.2048388	0.2037511	0.1911966	0.2047393	0.1921376	0.2115265	0.2338271	0.1765316	0.212588	0.1819513	0.2049564	0.2186609	0.2047683	0.2192473	0.194622	0.2083254	0.1928549	0.234176	0.204164	0.2042197	0.1957223	0.2141139	0.2087036	0.2070607	0.2167656	0.2071448	0.1976918	0.221541	0.2201612	0.1940999	0.21306	0.2545624	0.2010314	0.1929138	0.2294804	0.2446068	0.2136561	0.2170116	0.171402	0.4967009	0.1573104	0.1799352	0.1935829	0.1916928	0.1915458	0.1793631
02/11/2022 19:45:00	28	0.2221068	0.2097107	0.1990662	0.2306444	0.2179524	0.2094719	0.2147399	0.2233279	0.2225485	0.2083695	0.2257772	0.2097305	0.2302521	0.2546135	0.191866	0.2307093	0.1980146	0.2223825	0.2351385	0.2224935	0.2387601	0.2099856	0.2290188	0.2118569	0.2507433	0.2192819	0.2220455	0.2120255	0.23345	0.2264813	0.2253477	0.2356238	0.2251543	0.2179553	0.2404119	0.2409057	0.2104176	0.2313525	0.2752295	0.2182192	0.2090684	0.2516391	0.2676321	0.2338141	0.2366598	0.1874339	0.5060822	0.1733134	0.1963221	0.2113962	0.2075353	0.2074254	0.1953105
02/11/2022 21:45:00	30	0.2404473	0.2222005	0.2130622	0.2486344	0.2367311	0.2255942	0.228158	0.238959	0.2371565	0.2216998	0.2431099	0.2237463	0.2418091	0.2691581	0.203697	0.2460662	0.2120351	0.2379957	0.2501849	0.2378179	0.2549686	0.2232125	0.2469818	0.2265968	0.265417	0.2305927	0.2369012	0.2267658	0.2498425	0.2395827	0.241552	0.250943	0.2411922	0.2324433	0.2562816	0.2576949	0.2261672	0.2465757	0.2926502	0.2312874	0.2214971	0.2697655	0.2913593	0.2550069	0.2558076	0.2006032	0.5043566	0.1858511	0.2088974	0.226256	0.2214911	0.2218936	0.2079206
02/11/2022 23:45:00	32	0.2540784	0.2346201	0.2229964	0.2595855	0.2528429	0.2399753	0.2378632	0.2519037	0.2509474	0.2317886	0.2550119	0.2361314	0.2546889	0.2819403	0.2117204	0.257516	0.222958	0.2513602	0.2599721	0.2500376	0.2672901	0.2338378	0.2596432	0.2359946	0.2789514	0.2384678	0.2480963	0.2372686	0.2660663	0.2502863	0.2542928	0.2633803	0.2521313	0.2445614	0.2684411	0.2721961	0.2386001	0.2573198	0.3052223	0.2419064	0.2313363	0.2849753	0.307651	0.2720595	0.2727382	0.2127861	0.4973116	0.1951206	0.2183826	0.240575	0.2332229	0.2345273	0.217443
03/11/2022 01:45:00	34	0.2650319	0.2413875	0.2304372	0.2663538	0.2657008	0.252704	0.2434595	0.2624403	0.2597513	0.2404573	0.266021	0.2444161	0.2633658	0.2946732	0.2178882	0.2673633	0.2317483	0.2609793	0.2702054	0.2569874	0.2801707	0.2394247	0.2699388	0.244794	0.288219	0.2446797	0.2575358	0.2466431	0.2770141	0.2589972	0.263101	0.2731098	0.2603307	0.255453	0.2782177	0.2827461	0.2451074	0.2673377	0.3184097	0.2494481	0.2385196	0.297093	0.3228541	0.2878029	0.2882535	0.2201235	0.4772667	0.2040494	0.2272501	0.2518322	0.2431382	0.2416402	0.2240352
03/11/2022 03:45:00	36	0.2709484	0.2472255	0.2347091	0.2747565	0.2735027	0.2601241	0.2494176	0.2698307	0.2669623	0.2450012	0.2728091	0.2498485	0.2691549	0.3028414	0.2222884	0.2749683	0.2397688	0.2699806	0.2792474	0.2634879	0.2858463	0.2457781	0.2802638	0.250891	0.2972734	0.2481691	0.2650147	0.2513834	0.2831962	0.2637901	0.2720472	0.2805466	0.2674453	0.2623642	0.2835772	0.2879988	0.2515956	0.2743651	0.3267804	0.2541971	0.2419096	0.3060168	0.3343166	0.298686	0.3005395	0.2267599	0.4529068	0.2091027	0.2336743	0.2586777	0.2463039	0.2468187	0.2285125
03/11/2022 05:45:00	38	0.2736597	0.2512871	0.2370733	0.28179	0.2831529	0.2649741	0.2559111	0.2743372	0.2720369	0.2477139	0.2773934	0.2538972	0.2737966	0.3066993	0.2256187	0.2810376	0.2455583	0.272366	0.2880207	0.2666782	0.2906275	0.2483038	0.2827249	0.2557344	0.3025376	0.2526165	0.2694591	0.254417	0.2898928	0.2680819	0.2799326	0.2863042	0.2717429	0.2691688	0.2881579	0.2938333	0.2548464	0.2794993	0.3338298	0.256259	0.2449133	0.3129058	0.3413584	0.3087586	0.3125583	0.2302262	0.4317162	0.2104531	0.2363859	0.26204	0.2511043	0.2510044	0.2309428
03/11/2022 07:45:00	40	0.2754347	0.254982	0.2387076	0.2884361	0.2879487	0.2705191	0.2596274	0.2788874	0.2759235	0.2465146	0.282114	0.2551974	0.2771971	0.3131238	0.229674	0.2828819	0.2491963	0.2774988	0.2912242	0.268636	0.2950793	0.2484509	0.2868338	0.2575475	0.3075089	0.2569899	0.273753	0.2554124	0.2941705	0.2684012	0.2833297	0.2895436	0.2727987	0.2728534	0.2911139	0.2980742	0.2582357	0.2847246	0.336698	0.257327	0.2487836	0.3162057	0.3481709	0.3201108	0.3225796	0.2288418	0.4071965	0.2113261	0.2366164	0.2663204	0.2546682	0.2535983	0.2335794
03/11/2022 09:45:00	42	0.2760413	0.2508547	0.237756	0.2889019	0.2914515	0.272305	0.2592042	0.2780481	0.2774434	0.2424445	0.2841276	0.2486585	0.2760521	0.3152365	0.228314	0.2842705	0.2496721	0.2733888	0.289902	0.2689844	0.293535	0.2468681	0.2891437	0.2594464	0.3112079	0.258141	0.2717046	0.2544616	0.2931589	0.2692023	0.2856706	0.2901934	0.2710814	0.2724637	0.2913184	0.2978054	0.2577048	0.2837878	0.3375108	0.2527367	0.2464744	0.3141037	0.3497646	0.3239061	0.3295678	0.2253403	0.373363	0.2086465	0.2368343	0.265466	0.2526043	0.2525023	0.2328652
03/11/2022 11:45:00	44	0.2768783	0.2498165	0.2387625	0.2922859	0.2978535	0.2748064	0.2622949	0.2791418	0.2794572	0.2427083	0.2865977	0.2494007	0.2801274	0.3174913	0.229209	0.2875572	0.25151	0.2770457	0.2927446	0.2707051	0.2953258	0.2485743	0.292334	0.263069	0.3138368	0.2596622	0.2750717	0.254388	0.2974696	0.2706978	0.2886913	0.2951787	0.2718603	0.274754	0.2937466	0.3017628	0.261651	0.2864271	0.3414489	0.25455	0.249127	0.3197762	0.3583064	0.331995	0.3381203	0.229726	0.348533	0.2104375	0.237846	0.2691563	0.2550354	0.2502244	0.2357208
03/11/2022 13:45:00	46	0.2721807	0.2434096	0.2335367	0.2872	0.2988812	0.272173	0.2544029	0.2754222	0.2748416	0.2403833	0.2829908	0.2389284	0.2785797	0.309381	0.2284859	0.2841818	0.2504368	0.2681145	0.2879811	0.2664981	0.2878093	0.2446499	0.2870717	0.2593041	0.3158283	0.2529097	0.2679952	0.2537447	0.2953038	0.2692986	0.2868139	0.2866881	0.2661668	0.2708953	0.2894565	0.3012826	0.2555263	0.2824048	0.3370571	0.2538297	0.2410949	0.315374	0.3580941	0.3268043	0.341124	0.2278381	0.3236273	0.2063306	0.2362232	0.2606085	0.2495823	0.2461235	0.231553
03/11/2022 15:45:00	48	0.2674577	0.2411584	0.2317185	0.2872129	0.3008703	0.2726822	0.2504909	0.2725117	0.2714579	0.2345843	0.2806491	0.2362111	0.2796672	0.3092734	0.2267802	0.2832812	0.2514319	0.2715058	0.2875572	0.263908	0.284237	0.2439539	0.2853864	0.2536725	0.3131839	0.2501355	0.264126	0.2543091	0.2917513	0.2613625	0.2854337	0.2833955	0.2639794	0.2694156	0.285818	0.3006081	0.2496518	0.2800967	0.3340169	0.2495367	0.2364391	0.3147938	0.3567475	0.327401	0.3432768	0.2234848	0.3027177	0.2061795	0.2357667	0.2596767	0.2496104	0.2410474	0.2266751
03/11/2022 17:45:00	50	0.2655362	0.2415265	0.2308804	0.2832319	0.3054292	0.27474	0.2511153	0.2693976	0.2686816	0.2350902	0.2833886	0.2334135	0.2796378	0.3064016	0.2239816	0.2832033	0.2507429	0.2710952	0.2868091	0.2640854	0.2827887	0.244371	0.2857632	0.2513781	0.3147012	0.2484282	0.2643251	0.252902	0.2891943	0.258543	0.2879417	0.2812335	0.2625398	0.2690622	0.2855245	0.3031972	0.2502806	0.2799678	0.3355751	0.2483467	0.2344886	0.3132409	0.3598647	0.3306463	0.3486735	0.2234278	0.2800445	0.2010433	0.2305728	0.2587478	0.2489796	0.2388951	0.2266814
03/11/2022 19:45:00	52	0.2649392	0.2362397	0.2274983	0.2804251	0.3023149	0.2705284	0.2462416	0.2636142	0.2658172	0.2304674	0.2818464	0.2302806	0.2765111	0.2966982	0.2213418	0.2784536	0.2485285	0.2658566	0.2841579	0.2624012	0.2807671	0.2415421	0.2829545	0.2475068	0.3130661	0.2430889	0.2601685	0.2467763	0.2843016	0.2580943	0.2843893	0.2803145	0.2577345	0.2649056	0.2836421	0.3017676	0.2457855	0.2772767	0.3310839	0.2445345	0.2284398	0.3119194	0.354407	0.3321829	0.3498912	0.2229988	0.2599621	0.1966896	0.2264286	0.2545806	0.2449054	0.235173	0.223857
03/11/2022 21:45:00	54	0.2632891	0.2312896	0.2214075	0.2748971	0.2969468	0.2671549	0.2415306	0.2579933	0.2564076	0.2256122	0.2789465	0.226422	0.2746115	0.2917539	0.2169544	0.2694283	0.2456022	0.257332	0.2785724	0.2596341	0.2716168	0.236753	0.2803422	0.2462884	0.3080068	0.2392085	0.2551121	0.2391493	0.2783546	0.2522265	0.282134	0.2789916	0.2551188	0.262573	0.2796833	0.2967639	0.2412921	0.2745613	0.3224994	0.2399801	0.2242916	0.3050562	0.3493798	0.3294075	0.3484491	0.2175754	0.2430448	0.1933046	0.2241982	0.2514526	0.2376993	0.2297145	0.2168322
03/11/2022 23:45:00	56	0.2578374	0.2289246	0.217469	0.2667679	0.292854	0.2613918	0.2324159	0.2526123	0.2500515	0.2198159	0.2729769	0.2219537	0.2682883	0.2862972	0.2090641	0.2654095	0.2377976	0.2499443	0.2695526	0.2515636	0.2679688	0.2319127	0.2751753	0.2395978	0.3002468	0.2353005	0.251469	0.2320776	0.2712736	0.2477302	0.2770037	0.2739107	0.2517545	0.2588365	0.274688	0.2892657	0.2376564	0.2671801	0.3138335	0.236068	0.218408	0.2965665	0.3467	0.3274508	0.3446405	0.2165646	0.2277535	0.1902789	0.2211076	0.2472386	0.2339057	0.2217534	0.2105563
04/11/2022 01:45:00	58	0.2513851	0.2234979	0.2119906	0.2620735	0.2888429	0.2533305	0.2236581	0.2466432	0.2401941	0.2137308	0.2694741	0.214965	0.2646836	0.2757655	0.202737	0.2598116	0.2325168	0.2436496	0.265892	0.2470413	0.2621557	0.2275025	0.270554	0.2369093	0.2975463	0.2312491	0.2472375	0.2260292	0.2579629	0.2420197	0.2688314	0.2675779	0.2468831	0.253043	0.2721306	0.283821	0.2309439	0.2622544	0.3001375	0.2312391	0.2107472	0.2894781	0.3413343	0.323663	0.3390264	0.2142074	0.2069175	0.184847	0.2176414	0.2424507	0.2294833	0.213854	0.2035164
04/11/2022 03:45:00	60	0.2461655	0.2189247	0.2085615	0.2577123	0.2819646	0.248957	0.2159457	0.2425212	0.2353754	0.2066826	0.2610299	0.2078939	0.2604167	0.2689871	0.1955657	0.253615	0.2246679	0.2354977	0.2597395	0.2404125	0.2546656	0.2227965	0.2611521	0.2325949	0.2952218	0.2241378	0.2417476	0.2201116	0.2480775	0.2333312	0.2619585	0.2628613	0.2400502	0.2453712	0.2641084	0.2783156	0.2210814	0.2544511	0.2935651	0.2242557	0.2069621	0.280333	0.3325252	0.3219681	0.3318979	0.2106682	0.1923563	0.1799088	0.2128328	0.2365798	0.2251706	0.2101894	0.1986735
04/11/2022 05:45:00	62	0.2417653	0.2154504	0.2033899	0.2518028	0.274366	0.2441631	0.2090279	0.2381011	0.2298703	0.2037968	0.2543479	0.2018813	0.2555766	0.2640145	0.1881917	0.2503778	0.2158987	0.2309113	0.2542364	0.2316609	0.2455856	0.2178582	0.255875	0.2263875	0.2920129	0.2185989	0.2347753	0.2150176	0.239478	0.2262498	0.2557024	0.2503847	0.2349033	0.2370704	0.2552361	0.2719235	0.2171937	0.2473752	0.2851905	0.2164754	0.1998827	0.2744718	0.3239906	0.316919	0.3212582	0.2064623	0.1823987	0.1741301	0.2088892	0.2328219	0.2188116	0.2066482	0.1938268
04/11/2022 07:45:00	64	0.231933	0.2117196	0.1971273	0.2442019	0.2681948	0.2400181	0.203415	0.231264	0.2234707	0.1963986	0.2476079	0.1963795	0.2502894	0.2565372	0.1820312	0.245194	0.2102132	0.2235205	0.247208	0.2289838	0.2391295	0.2135002	0.2519462	0.2213503	0.2842626	0.2112546	0.2263368	0.2050971	0.2317738	0.2139329	0.2463105	0.2387726	0.2257485	0.2321209	0.2464352	0.2620426	0.2100319	0.243307	0.2765063	0.2056043	0.1911599	0.2651359	0.3165311	0.3112018	0.3168496	0.2026465	0.1681123	0.1684027	0.2028406	0.2282506	0.2103724	0.1978719	0.1887333
04/11/2022 09:45:00	66	0.2259971	0.1994971	0.188191	0.2343911	0.2577464	0.2299463	0.196581	0.2202633	0.2134946	0.1888721	0.2378608	0.1869781	0.2420973	0.2432678	0.1711339	0.2341153	0.2016905	0.2107097	0.2372073	0.2181066	0.2315068	0.2036605	0.2434444	0.2127548	0.2727054	0.2031077	0.2115123	0.1954023	0.2182677	0.2062226	0.2367049	0.2259062	0.2153999	0.2232308	0.2362098	0.246547	0.2002741	0.2321235	0.2627478	0.1935457	0.1799748	0.253266	0.3046114	0.3029755	0.3056233	0.1973117	0.1522991	0.1623853	0.1930312	0.219557	0.2034547	0.1850877	0.1807707
04/11/2022 11:45:00	68	0.2190994	0.1951503	0.1874536	0.2289969	0.25262	0.2271672	0.1926364	0.2152999	0.2057666	0.1817143	0.2341592	0.180898	0.2374311	0.2387809	0.1678778	0.2273701	0.1978633	0.208752	0.2314892	0.213321	0.2241948	0.200996	0.2393999	0.2105656	0.2666138	0.1968184	0.2018582	0.1863266	0.2130529	0.2011444	0.2299952	0.2195723	0.2117823	0.2205545	0.2304538	0.2394299	0.1973569	0.2306438	0.2611705	0.1885514	0.1754068	0.2507924	0.2997858	0.2988483	0.2999853	0.1960063	0.1452671	0.1596751	0.1898734	0.214608	0.1950283	0.1802942	0.1743517
04/11/2022 13:45:00	70	0.2114522	0.187003	0.1802058	0.2224745	0.241951	0.2168426	0.185532	0.20745	0.1969317	0.1744428	0.2250473	0.1755432	0.2278847	0.2274813	0.1591327	0.2172347	0.1881074	0.2005859	0.2212383	0.2054431	0.2169324	0.1937408	0.2334585	0.2056818	0.2620855	0.1894563	0.1950445	0.1788894	0.2043034	0.192699	0.2185163	0.2131598	0.2037722	0.2099636	0.2265872	0.2287437	0.1911816	0.224415	0.2516266	0.1836729	0.1679173	0.2384662	0.2886108	0.2919129	0.2930277	0.1919767	0.1341119	0.1550827	0.1850642	0.2039607	0.1872316	0.1718022	0.1704365
