Vessel Name: 16042020_InCu_KaKr_KK1-58_P7_1
Metric: RFP Integrated Intensity / GFP Integrated Intensity
Cell Type: 
Passage: 0
Notes: 
Analysis: KaKr-A549-H2B-GFP/-RFP_DEFv10

Date Time	Elapsed	AC005013.1	ACO1	ADAM12	ADAMDEC1	ADAR	ADORA3	AIM2	AKAP2	ALOX5AP	ANKRD22	APOBEC3A	APOBEC3G	APOL1	APOL2	APOL3	APOL4	APOL6	ARAP1	ARL9	ASGR1	ATF3	ATF7IP	ATXN1	BATF	BATF2	BRD3	BST2	C19orf66	C6orf100	C9orf91	CAPN15	CASP1	CBFA2T3	CCL13	CCL2	CCL24	CCL7	CCL8	CCNA1	CCR1	CCR2	CD180	CD274	CD38	CD69	CD80	CEACAM1	CFB	CFHR1	CH25H	CHST2	CLEC5A	CLECL1	CMKLR1	CMPK2	CNP	CTAGE1	CX3CR1	CXCL10	CXCL11	CXCL3	CXCL9	CYP2J2	DCT	DDX58	DDX60	DDX60L	DEFB1	DHX58	DOK1	DOK2	DOK3	DTX3L	DUSP7	EIF2AK2	EMP1	EMR3	ENG	ENPP2	EPHB2	EPSTI1	ETV7	EVI2A	C1 (Mx2)	C2 (STAT1)	C3 (MAVS)	C4 (BST2)	C5 (EIF2AK2)	C6 (RSAD2)	NTC1	NTC2	NTC3	NTC4	NTC5
16.04.2020 18:25:00	0	0.0001010288	0.0	5.170826e-05	0.0002241879	0.0	0.0	0.0	0.0	8.906107e-05	0.0	0.0	0.0	0.0	3.082094e-05	3.519069e-05	0.0	0.0	0.0	0.0	0.0002921615	3.632589e-05	0.0	0.0	0.0	0.0	0.0002708285	0.0002307215	6.22817e-05	7.109655e-05	3.543598e-05	0.0	0.0	0.0006683221	0.0	0.0	0.0	0.0	0.0002691366	0.0001563963	0.0	0.0	0.0	0.0	0.0	0.0	0.001835253	0.0001568771	0.0	0.00623814	4.190575e-05	0.0	0.00120448	0.0	0.0002389567	4.4279e-05	0.0	0.0	0.0	0.0	0.0	0.0	7.978841e-05	0.0	0.0	0.0001484294	0.0002907929	0.0	0.0	0.0	0.0	0.0	0.0	0.0	0.0	8.431034e-05	0.0	3.057101e-05	0.0	0.0	4.498694e-05	0.0	0.0	0.0	0.0	7.018232e-05	3.373025e-05	0.0	0.0001255898	7.377394e-05	0.0	0.0	0.0	0.0	0.0
16.04.2020 21:25:00	3	0.0001079796	1.642523e-05	1.534182e-05	0.0002468327	1.656001e-05	1.68551e-05	1.608631e-05	2.264919e-05	0.0001284774	1.759777e-05	2.296618e-05	1.800506e-05	1.735241e-05	4.544257e-05	2.057279e-05	1.55909e-05	1.955181e-05	1.592597e-05	1.931977e-05	0.0003126613	1.968704e-05	2.273964e-05	1.888202e-05	1.813431e-05	1.845098e-05	0.0002852616	0.0001669292	6.70646e-05	0.0001095279	1.930574e-05	2.171399e-05	1.780857e-05	0.001751804	1.971525e-05	1.818445e-05	1.878264e-05	2.056289e-05	0.0002078434	0.0002451303	2.326036e-05	2.146861e-05	1.743786e-05	4.756227e-05	1.717746e-05	1.729549e-05	0.001223966	0.0001478296	1.722631e-05	0.004887082	6.596999e-05	2.200871e-05	0.0008677717	1.850016e-05	0.0002559691	1.844822e-05	6.291032e-05	2.434231e-05	2.072966e-05	1.781556e-05	1.945082e-05	2.253573e-05	9.699033e-05	2.046901e-05	2.214617e-05	0.0001909243	0.0003180918	2.488303e-05	2.39936e-05	3.11626e-05	2.760823e-05	3.140009e-05	1.296755e-05	1.568206e-05	1.722335e-05	2.226415e-05	1.952244e-05	2.020026e-05	2.199172e-05	2.116816e-05	5.619156e-05	1.830547e-05	2.0137e-05	1.707843e-05	2.658988e-05	9.02779e-05	4.96232e-05	2.851589e-05	0.0001335045	9.600542e-05	2.971968e-05	2.708959e-05	2.160297e-05	1.656798e-05	2.077172e-05
17.04.2020 00:25:00	6	0.0001123756	2.147626e-05	5.038091e-05	0.0001530784	2.195035e-05	2.067608e-05	2.248142e-05	3.309066e-05	5.006335e-05	2.548572e-05	3.125206e-05	2.490853e-05	2.568951e-05	5.274616e-05	2.626962e-05	1.998036e-05	2.586031e-05	2.136044e-05	4.648316e-05	0.0003757492	2.161929e-05	3.168172e-05	2.380218e-05	2.340749e-05	2.227608e-05	0.0002571181	0.0001318867	2.688461e-05	0.0001098492	2.750217e-05	2.586898e-05	0.0001232949	0.001757581	2.615407e-05	2.566899e-05	2.492818e-05	2.650893e-05	0.0002091317	0.0002500547	8.560046e-05	2.941492e-05	2.227437e-05	2.158201e-05	2.105717e-05	2.129278e-05	0.0009956596	0.0001422141	2.236152e-05	0.00436281	6.034074e-05	2.754485e-05	0.0007488075	2.347025e-05	0.000255395	2.24787e-05	7.286289e-05	3.198741e-05	2.479889e-05	2.179945e-05	2.518478e-05	2.746077e-05	0.0001071464	2.733169e-05	2.971835e-05	0.0002541558	0.000307944	3.206432e-05	3.243728e-05	3.641242e-05	3.460277e-05	3.854782e-05	1.725889e-05	1.984578e-05	2.14879e-05	0.0003083583	2.543011e-05	2.467421e-05	2.674411e-05	2.597599e-05	5.744326e-05	2.466563e-05	2.521516e-05	2.245335e-05	3.697753e-05	9.634298e-05	2.25783e-05	3.671029e-05	4.523776e-05	9.716074e-05	3.925797e-05	3.298692e-05	2.894233e-05	2.594051e-05	2.736314e-05
17.04.2020 03:25:00	9	0.0001006546	0.0001694991	9.915763e-05	0.0002669868	2.295592e-05	2.462405e-05	0.0002643713	3.314299e-05	0.0001268946	0.0001085445	0.0001150184	9.412848e-05	7.805724e-05	0.0002229756	0.0004993175	0.0001118254	0.0001346339	0.0001763152	9.520536e-05	0.0003581944	0.0001722298	0.0001352704	8.989397e-05	0.0001339545	0.0002398401	0.0002319418	0.0002709794	6.713198e-05	0.0001254186	0.0005508831	0.0001269394	0.0001879041	0.001645762	0.0001426741	0.0001830573	2.693454e-05	0.0002476522	0.0003958474	0.0008405986	0.0002291337	0.0001404314	0.0001956379	0.0002617885	0.0004904923	0.0001133379	0.001602687	0.0003435988	0.0002706347	0.004596516	6.394891e-05	9.799238e-05	0.0007205239	2.834647e-05	0.0006598813	0.0002594656	0.0001459325	0.0002748484	0.0002885661	0.000138951	0.0001739763	3.439907e-05	0.0004983173	9.583426e-05	0.0001015505	0.0006020677	0.001002478	0.0004470574	0.0004308014	0.0004185055	0.001198442	4.434656e-05	9.746776e-05	7.102635e-05	0.0003121706	0.00190945	0.000204304	0.0002406855	0.0003355469	0.0003804972	0.0001963164	7.71192e-05	8.709019e-05	0.0003432464	0.0001568692	0.0002496926	5.905023e-05	4.157072e-05	0.002173301	0.0003461608	0.0002011996	3.423855e-05	0.0002067367	0.0002714243	0.0002892771
17.04.2020 06:25:00	12	0.0007487683	0.0009626456	0.0007004029	0.000490475	0.0004317918	0.0004743412	0.001202477	3.078544e-05	0.0006171347	0.0004990008	0.0006608679	0.001034127	0.0007951944	0.001050715	0.002141125	0.001273418	0.0008468754	0.001246329	0.000790233	0.001327354	0.0008276461	0.0008703143	0.0005140794	0.0005817459	0.001109677	0.0008558626	0.001344051	0.000673373	0.0008288641	0.001307896	0.000233665	0.001252081	0.002695105	0.0008079446	0.0005385847	0.0006617749	0.001212122	0.001181472	0.001439336	0.001087463	0.0006731828	0.001784083	0.001147966	0.001471627	0.001240591	0.002300812	0.0008030642	0.001043379	0.005193058	0.0005038097	0.0004366181	0.001009383	0.0008576838	0.00348532	0.0009752946	0.001331602	0.001509336	0.0009757606	0.0004222574	0.001330459	0.0009831715	0.002057139	0.0006510752	0.00108502	0.001980938	0.005210292	0.00192142	0.00248605	0.002255498	0.003348208	0.0003667832	0.0006918917	0.001166717	0.00146154	0.006799863	0.001134824	0.0009316971	0.0009321552	0.002154032	0.001143222	0.0008159935	0.0005108914	0.001230454	0.0007045535	0.00143312	0.0006599239	0.001328999	0.006091658	0.001145768	0.0006749949	0.0005531808	0.001749552	0.00122719	0.0009939979
17.04.2020 09:25:00	15	0.002686996	0.002671429	0.002191427	0.001958147	0.002057199	0.001198196	0.00318331	0.001889931	0.001573838	0.001796544	0.001436435	0.002559067	0.002713697	0.003423129	0.004277773	0.002980623	0.002011364	0.005272419	0.002507223	0.003141534	0.003260503	0.002721046	0.002265894	0.002156461	0.003459101	0.003271114	0.003583179	0.002754623	0.002986558	0.003399215	0.001189398	0.003367417	0.005046346	0.00281232	0.001917411	0.002254361	0.003218635	0.002884396	0.003345256	0.003494266	0.001775242	0.005133274	0.003319411	0.003534346	0.004206228	0.003989406	0.002406692	0.003102491	0.006779273	0.002435982	0.003902891	0.003527819	0.003153716	0.00930704	0.002728405	0.003069293	0.00442707	0.002972583	0.001872278	0.003068588	0.004595541	0.005708112	0.002644781	0.003849267	0.005846062	0.01483646	0.005336052	0.005688109	0.005492737	0.006300255	0.002093775	0.00248447	0.004764409	0.004543913	0.01373151	0.003119617	0.003370589	0.00341258	0.005859159	0.004096766	0.00367282	0.00303774	0.004004077	0.002487066	0.00444195	0.002308175	0.005193407	0.0123909	0.002167488	0.0033477	0.003036496	0.004062969	0.003675382	0.002754891
17.04.2020 12:25:00	18	0.005506231	0.005075127	0.004995588	0.004463435	0.004260548	0.002629978	0.006971069	0.004254875	0.003409724	0.00337508	0.003212035	0.00578736	0.005733566	0.006414915	0.008074516	0.006079105	0.004521012	0.01121955	0.005346223	0.00605146	0.007012303	0.006265772	0.004720492	0.003707606	0.007252774	0.006714525	0.00624469	0.005934166	0.006053493	0.007151457	0.003767262	0.006201689	0.007942931	0.006560911	0.004309468	0.005311313	0.00659546	0.006363452	0.00626467	0.007658075	0.005132813	0.009715653	0.007381484	0.008286402	0.01023304	0.007007478	0.004728928	0.006014275	0.0090309	0.005172662	0.007602094	0.006287914	0.007797312	0.01667491	0.005594457	0.005929326	0.00884375	0.006938038	0.004188725	0.005804309	0.009804846	0.01075575	0.005683936	0.00693427	0.01073597	0.02793634	0.01133608	0.01117462	0.01108367	0.01037356	0.004621596	0.004273789	0.008939703	0.008377255	0.02192613	0.005970305	0.00779568	0.007047296	0.01284526	0.008724773	0.00743456	0.007407598	0.007199564	0.005154587	0.01069867	0.005212398	0.009710838	0.01969965	0.005104803	0.007446119	0.006999785	0.006137668	0.007466102	0.005986594
17.04.2020 15:25:00	21	0.008242446	0.007784206	0.007748673	0.006778901	0.006954101	0.004764962	0.01195149	0.007469566	0.005175007	0.005790305	0.004828101	0.009148273	0.00945607	0.0107406	0.01203883	0.007884435	0.007521532	0.01863108	0.008926144	0.009969905	0.01189917	0.009908701	0.007866021	0.006413547	0.01215358	0.01037553	0.008672027	0.009580161	0.01019999	0.01056285	0.006560317	0.009639559	0.01117147	0.01070324	0.007687052	0.007744656	0.01060794	0.01002761	0.01098583	0.01060538	0.008581511	0.01667607	0.01185509	0.01258431	0.01608728	0.01054128	0.006533164	0.008759918	0.01108732	0.008827746	0.01243557	0.0084628	0.01189189	0.02580232	0.009817299	0.008684376	0.01472105	0.0113859	0.007065975	0.01024637	0.01558476	0.01662861	0.01035693	0.01065786	0.01716643	0.04396338	0.01785474	0.0176929	0.01793139	0.01678869	0.008982968	0.007623466	0.01521463	0.01330882	0.02977578	0.009828693	0.01271103	0.01001064	0.01856777	0.01439036	0.01142532	0.01227817	0.01130479	0.008484003	0.01818296	0.01084562	0.01576	0.0278584	0.01087326	0.01329206	0.01156431	0.01020519	0.01188584	0.009644567
17.04.2020 18:25:00	24	0.01232887	0.01083726	0.01049814	0.009096622	0.009526081	0.006632301	0.01714483	0.01030463	0.006874368	0.008445541	0.006968875	0.01190774	0.01278387	0.01448661	0.0159526	0.009050021	0.01134989	0.02503636	0.01264207	0.0142205	0.01649641	0.01259046	0.01144608	0.008834631	0.01585967	0.01315777	0.01080598	0.01393022	0.01409787	0.01494975	0.008372371	0.01337434	0.01354159	0.01381662	0.01008198	0.01020895	0.01442379	0.01421073	0.01474802	0.0132268	0.01158376	0.02273719	0.01590906	0.01637657	0.02022972	0.0139685	0.009122537	0.01187299	0.01342642	0.01212658	0.01688344	0.009565128	0.01535047	0.03473454	0.01370115	0.01282244	0.02136015	0.01552669	0.01007196	0.01410095	0.02139782	0.02308048	0.01471685	0.01354788	0.02499212	0.06001018	0.02592698	0.02398142	0.02490667	0.02379229	0.01274226	0.01025061	0.0223877	0.01752164	0.03443131	0.01399538	0.01738098	0.01271251	0.0239542	0.01881031	0.01484759	0.01658024	0.01566873	0.01148364	0.02679215	0.01735159	0.02217497	0.0329333	0.01637718	0.01730632	0.01643788	0.01408186	0.0167483	0.01299834
17.04.2020 21:25:00	27	0.01459564	0.0137872	0.0130387	0.01098848	0.01152565	0.009014106	0.0215952	0.01306906	0.007428044	0.009948861	0.009505359	0.01466721	0.01490465	0.01710404	0.01848338	0.009914821	0.01302576	0.0314409	0.01421005	0.01593351	0.01974117	0.01537013	0.01376049	0.01088402	0.01759496	0.01505993	0.01138902	0.01664948	0.01637693	0.01846053	0.009454035	0.01509695	0.01481317	0.01542151	0.01077104	0.01191916	0.01744078	0.01773567	0.01621065	0.01528738	0.01472963	0.02752278	0.01874354	0.01819232	0.01997324	0.01581762	0.01053646	0.01503595	0.01475624	0.01422432	0.01895533	0.0106673	0.01855671	0.04270329	0.0155162	0.01471618	0.02354911	0.01886367	0.01226521	0.0174832	0.02489715	0.02813569	0.0160755	0.01582902	0.0319978	0.07351229	0.03142515	0.02755174	0.02745252	0.02832426	0.01535502	0.01162078	0.02740603	0.01916131	0.03520824	0.01642952	0.01925466	0.01367889	0.02744304	0.02164013	0.01693823	0.01881186	0.01829464	0.01398813	0.03705236	0.02433658	0.02851101	0.03484872	0.02166163	0.01960267	0.01949482	0.0161946	0.0211929	0.01550295
18.04.2020 00:25:00	30	0.01578809	0.01568675	0.01507528	0.01261599	0.01198097	0.01026825	0.02465838	0.01375838	0.007531137	0.01044664	0.01053026	0.01533035	0.01528376	0.01761532	0.01911908	0.00963919	0.01428429	0.03483847	0.01502867	0.01689046	0.02112294	0.01738641	0.01336839	0.01143473	0.01871069	0.01507113	0.01185778	0.0179442	0.01703473	0.02083793	0.01018096	0.01458081	0.01548832	0.01556366	0.01035842	0.01110912	0.01733382	0.01887667	0.01616862	0.01621583	0.01566388	0.02909516	0.01957497	0.01872495	0.01731232	0.01607239	0.01066379	0.01578173	0.01463107	0.01379548	0.02021115	0.01071307	0.019132	0.04623022	0.01664666	0.01486281	0.02488483	0.01990547	0.01350247	0.01942834	0.02754984	0.03154466	0.01635338	0.01527438	0.0373488	0.08409014	0.03606756	0.02994169	0.03007369	0.02970148	0.01715868	0.01273013	0.03077805	0.02037171	0.03303618	0.01818714	0.0199173	0.01392582	0.02820218	0.02326309	0.01774181	0.02057359	0.01834433	0.01540048	0.04706775	0.02988317	0.03407055	0.03400581	0.02357742	0.02057797	0.02137282	0.01735156	0.02403982	0.01637278
18.04.2020 03:25:00	33	0.01570336	0.01522899	0.01483326	0.01224976	0.01181945	0.01085299	0.02673948	0.01424364	0.007116038	0.01026439	0.01102831	0.01464911	0.01420918	0.01769849	0.01911118	0.009386649	0.01433405	0.03768926	0.01494047	0.01556092	0.0207366	0.0173819	0.01327882	0.01063119	0.01755722	0.01459592	0.01146542	0.01707286	0.01638937	0.02085395	0.009865156	0.01421046	0.01452341	0.01449319	0.009464721	0.01023396	0.01706576	0.0178494	0.01559922	0.01539182	0.01545804	0.02909648	0.01891352	0.01709626	0.01628404	0.01532799	0.01017911	0.01491925	0.01362135	0.01305497	0.0207562	0.01080053	0.01896011	0.04556259	0.0167093	0.01464029	0.02507712	0.01913722	0.01310033	0.01928254	0.02685308	0.03111405	0.01527362	0.01435233	0.04089805	0.08836779	0.03532853	0.02977675	0.03088123	0.03034312	0.01765721	0.01230331	0.03059636	0.01961937	0.03030759	0.01803151	0.01890418	0.01394858	0.02746223	0.02408974	0.01699731	0.01982714	0.018555	0.01618691	0.05500181	0.03542874	0.03763191	0.0310572	0.02306676	0.02112061	0.02157554	0.0167085	0.02571572	0.0165582
18.04.2020 06:25:00	36	0.01503823	0.013779	0.01420265	0.01173951	0.01049991	0.01042807	0.02736456	0.0134897	0.00671766	0.009320702	0.01053322	0.01404083	0.01363569	0.01558476	0.01782232	0.009005743	0.01365505	0.03571072	0.0146872	0.01402114	0.01889279	0.01638649	0.01194851	0.009766486	0.01594062	0.01418368	0.010268	0.01387299	0.01504576	0.01938244	0.008743493	0.01269055	0.013783	0.01250609	0.008288441	0.009328878	0.01462582	0.01741192	0.01484569	0.01383547	0.01467836	0.0288733	0.01761688	0.01530873	0.01476475	0.01387792	0.009305347	0.01341572	0.01198788	0.01196089	0.0198472	0.009832787	0.0181907	0.04517244	0.01604929	0.01308739	0.02304989	0.01776099	0.01228515	0.01847016	0.02568035	0.03091474	0.01361631	0.01275987	0.04291153	0.08993786	0.03427127	0.02757905	0.03203533	0.02964378	0.01624365	0.01154648	0.02950042	0.01808535	0.02822975	0.0166826	0.01739665	0.01353895	0.02595384	0.0231541	0.01658663	0.01791439	0.01782535	0.0154936	0.06284122	0.03944962	0.03548216	0.02828683	0.02198659	0.02068772	0.01857897	0.01641149	0.02503264	0.01561541
18.04.2020 09:25:00	39	0.01374989	0.01281384	0.01311979	0.01041704	0.008787725	0.009911836	0.02651264	0.01289967	0.005451403	0.00847593	0.009476484	0.01195105	0.01244268	0.01510962	0.01529627	0.008007099	0.01256202	0.034239	0.01370009	0.01263711	0.0181553	0.01446311	0.01009482	0.009200412	0.01342828	0.01241601	0.008280751	0.01255077	0.01311504	0.01875668	0.007177322	0.01132243	0.01233887	0.0105154	0.007127296	0.008608887	0.01311686	0.01444613	0.01376685	0.01281069	0.01433237	0.02649246	0.01577746	0.01352591	0.01290123	0.01334827	0.008228863	0.01235357	0.01044237	0.01052997	0.01842038	0.008203748	0.01636458	0.04331528	0.01418081	0.0128536	0.02156186	0.01616779	0.01172977	0.01697556	0.02392025	0.02938913	0.01187902	0.01168265	0.04517156	0.09149611	0.03150072	0.02630581	0.03124421	0.02727532	0.01508333	0.01066093	0.02648962	0.01607904	0.02502084	0.01495562	0.01633347	0.01255889	0.02368888	0.02149875	0.01615511	0.01656836	0.01559089	0.01512555	0.06497885	0.04379451	0.03326954	0.02447028	0.01935398	0.01772613	0.01779377	0.01514557	0.02332203	0.01480651
18.04.2020 12:25:00	42	0.01172884	0.01165971	0.01187662	0.009629268	0.008119301	0.009575387	0.02464308	0.01134865	0.005064016	0.007468516	0.008621411	0.01050163	0.01094935	0.01388656	0.01400373	0.007300706	0.01046477	0.03009688	0.01212525	0.01022029	0.01623959	0.01451693	0.008491804	0.008174091	0.01185562	0.01103172	0.00798341	0.01145089	0.01122035	0.01684454	0.006472001	0.01064884	0.01080846	0.009736746	0.005978562	0.007745497	0.01147062	0.01291918	0.01300727	0.01148259	0.01265248	0.02428094	0.01466916	0.01180367	0.01060964	0.01189681	0.007567336	0.01133281	0.009534913	0.009734577	0.01681106	0.006985895	0.01503099	0.03942051	0.01216779	0.01157537	0.02032509	0.01400054	0.0108957	0.01565216	0.02117363	0.02680672	0.01122929	0.01118286	0.04550462	0.09001869	0.02943529	0.02415487	0.02896629	0.02399737	0.01386753	0.009655148	0.02397963	0.01400661	0.02186201	0.01348799	0.0141831	0.01015227	0.02076063	0.01791343	0.01419794	0.01468103	0.01415365	0.01448199	0.06840005	0.045505	0.03123638	0.02172768	0.01772584	0.01665851	0.01665773	0.01367143	0.02107698	0.01380943
18.04.2020 15:25:00	45	0.009785903	0.009022304	0.0100837	0.007957423	0.007272756	0.008860674	0.02213952	0.009601865	0.004503409	0.006091086	0.00747089	0.008859538	0.008943876	0.0124125	0.01282196	0.006499874	0.009488138	0.02764762	0.01061511	0.009343659	0.01381113	0.0126046	0.007355232	0.00724908	0.01031851	0.009394165	0.006733245	0.009851323	0.009869237	0.01418491	0.00588406	0.009570552	0.009302986	0.008446177	0.005214192	0.007122684	0.01020048	0.01142991	0.01227717	0.009592111	0.01157707	0.02158458	0.01362848	0.009846053	0.008584081	0.01132592	0.006501881	0.01041296	0.008222905	0.008881882	0.01545385	0.00513469	0.01340793	0.03589622	0.01069493	0.009593718	0.01713838	0.01248134	0.009040248	0.01325083	0.01924885	0.02357997	0.00988636	0.01025689	0.04481984	0.08444187	0.02607671	0.02257773	0.0268256	0.02214216	0.01224996	0.007921091	0.0221706	0.01261158	0.01960944	0.01260657	0.01256001	0.008749602	0.01796034	0.01655293	0.01294824	0.01326198	0.01069076	0.0130813	0.0639706	0.04457545	0.02662311	0.01861456	0.0166219	0.01535626	0.01517662	0.01302233	0.0189939	0.01216689
18.04.2020 18:25:00	48	0.008270084	0.007722147	0.008063923	0.00672897	0.005427004	0.007227031	0.01945808	0.008210021	0.003720291	0.004629919	0.006770982	0.007451893	0.008035281	0.01107035	0.01144836	0.004731456	0.006924727	0.02544807	0.009534813	0.00876395	0.01164389	0.01161456	0.006532439	0.006242658	0.008819049	0.008164578	0.006211285	0.00857437	0.008679005	0.01342131	0.00537526	0.00839729	0.008720297	0.007834476	0.004825016	0.006523821	0.008914737	0.01028781	0.01131456	0.008845561	0.0100217	0.01891542	0.01223442	0.009068122	0.007262385	0.01005983	0.00494546	0.007957164	0.00705935	0.007813577	0.01386897	0.004694199	0.01196671	0.03206465	0.008544726	0.008532987	0.01562631	0.01117145	0.00805691	0.01196351	0.0175157	0.0217532	0.00910484	0.007968194	0.04310785	0.0805316	0.02370557	0.02159393	0.02467534	0.01931379	0.01022228	0.005847983	0.02027023	0.01140917	0.01748835	0.01131638	0.01126632	0.007616951	0.0164642	0.01418154	0.01179723	0.01175519	0.008582206	0.01146742	0.06087327	0.0442009	0.0254079	0.01696203	0.01524183	0.01386014	0.0121832	0.01057489	0.01614893	0.01046841
18.04.2020 21:25:00	51	0.006914133	0.006548796	0.006200115	0.005361964	0.003783756	0.006723121	0.01629128	0.00675473	0.003086681	0.004027666	0.006075826	0.005456423	0.007142141	0.009927862	0.009858834	0.003884655	0.005823561	0.02254154	0.007624917	0.007270153	0.009563461	0.01025633	0.005113901	0.005632098	0.006842798	0.006986867	0.005487709	0.007711065	0.007813911	0.01164865	0.004847874	0.007110484	0.008273242	0.006650786	0.003737282	0.005945854	0.006825839	0.008870017	0.01015848	0.007276308	0.00801143	0.01644214	0.01071981	0.007683501	0.006151668	0.008700519	0.004548545	0.006387298	0.006344846	0.007068226	0.01238529	0.004091077	0.01101365	0.02727891	0.007522496	0.007991742	0.01339592	0.009842552	0.007071295	0.01044753	0.01653365	0.01873057	0.00778735	0.006593576	0.04106816	0.07637116	0.02113255	0.01884756	0.02205307	0.01596993	0.009055872	0.004541117	0.01671073	0.009697299	0.01442906	0.009909143	0.01027389	0.006409938	0.01477023	0.01187895	0.01068979	0.009616411	0.007179619	0.00939308	0.05874456	0.04235841	0.02334136	0.01473737	0.01272483	0.01260521	0.01088541	0.008778406	0.01398755	0.008447688
19.04.2020 00:25:00	54	0.006369958	0.005631162	0.005407534	0.00419577	0.003442506	0.006366205	0.01397484	0.006170201	0.002377081	0.0033143	0.005615343	0.004297765	0.006574205	0.008962688	0.008709269	0.003092906	0.00492242	0.01970998	0.006797485	0.006550885	0.008004112	0.009402093	0.004335499	0.005163567	0.005373253	0.006130921	0.00475483	0.007083315	0.006354187	0.01029076	0.004817089	0.006034262	0.007105052	0.005781357	0.003351415	0.004770679	0.006013626	0.007427712	0.008472627	0.006330397	0.007356841	0.01399364	0.009885897	0.006457166	0.005744937	0.007444539	0.00447909	0.00547013	0.00580412	0.006088628	0.01068832	0.003875668	0.009800182	0.02339564	0.00637414	0.007128726	0.01243308	0.008853961	0.006265096	0.008734728	0.01470981	0.01566227	0.007228205	0.005347566	0.03874825	0.07029818	0.01985854	0.0167808	0.0207292	0.0142575	0.007651328	0.00326895	0.01488489	0.008354246	0.01225949	0.008040495	0.009564039	0.005011933	0.0127971	0.01091569	0.00959123	0.008888261	0.006080307	0.008346976	0.05494813	0.04142878	0.01920094	0.01124465	0.01003082	0.01169335	0.009766242	0.008160675	0.01188767	0.007492416
19.04.2020 03:25:00	57	0.005256444	0.004802833	0.004816644	0.003298474	0.002999038	0.005366868	0.01115538	0.005414993	0.00219362	0.002912452	0.00506951	0.003742956	0.005726387	0.007875297	0.00807642	0.002759813	0.004281034	0.01764099	0.00597636	0.004929237	0.006479843	0.008791313	0.003915303	0.005053343	0.004584915	0.005620907	0.003690784	0.006284169	0.005428095	0.008821984	0.004338553	0.004445295	0.005868469	0.004653222	0.002992297	0.004499172	0.005343507	0.006371825	0.007436361	0.0056375	0.006518493	0.01086026	0.00956288	0.005427645	0.004661651	0.006402688	0.003785258	0.004755005	0.005400389	0.0050015	0.01014144	0.003157873	0.009157109	0.02055874	0.006237153	0.005896636	0.01086561	0.007878046	0.005395286	0.007036291	0.01322019	0.01393996	0.006482316	0.004685694	0.03598266	0.06386253	0.01777561	0.01495874	0.01817333	0.01192379	0.005448399	0.00282481	0.01340353	0.007436167	0.01074721	0.007146112	0.008479459	0.004415427	0.01148448	0.009758365	0.008107209	0.006561442	0.005729347	0.007556347	0.05178343	0.03917737	0.01540899	0.009765623	0.008604613	0.01038548	0.008071842	0.007201286	0.01025682	0.005694378
19.04.2020 06:25:00	60	0.004457825	0.00406131	0.003841863	0.002733316	0.002306304	0.004395542	0.009272755	0.004759732	0.001899246	0.002673704	0.004548756	0.002906147	0.004986167	0.007046314	0.006821579	0.00235439	0.003600026	0.01580405	0.005014456	0.004724666	0.005616364	0.007629239	0.003320229	0.005260586	0.003871989	0.004795849	0.003012893	0.005497294	0.004811499	0.007296611	0.003871597	0.003638342	0.005275503	0.004025947	0.002759579	0.004073802	0.00467077	0.005725526	0.006907802	0.004832992	0.005535003	0.00880337	0.008809368	0.004582512	0.003731207	0.005545922	0.00329981	0.003809094	0.005090275	0.003576319	0.008031336	0.002896574	0.00783748	0.01861848	0.004499047	0.005048267	0.009242465	0.007131711	0.004819662	0.005388802	0.01108426	0.01266207	0.00607257	0.004064693	0.03218953	0.05834494	0.01623009	0.01197751	0.01595652	0.01055406	0.004675988	0.002114672	0.01105439	0.006459192	0.009223161	0.006440294	0.007030431	0.003477566	0.00971705	0.008618331	0.006647456	0.005194101	0.004677758	0.006664	0.04792066	0.03676477	0.01359144	0.009059677	0.007013356	0.009396321	0.007450309	0.006304532	0.00906832	0.004814718
19.04.2020 09:25:00	63	0.003778482	0.003409968	0.003327291	0.002383142	0.002052239	0.003726223	0.008030876	0.004355377	0.001563571	0.002254891	0.004317117	0.002689427	0.004445968	0.006104978	0.006176145	0.002223774	0.003265365	0.01424683	0.00436064	0.004279645	0.004915102	0.007149923	0.002508162	0.005136003	0.003159777	0.004435565	0.002774889	0.004572433	0.004134657	0.00662103	0.00350574	0.002806667	0.00473307	0.003316929	0.002549699	0.003835382	0.004115656	0.005049532	0.006580032	0.004255771	0.004692574	0.007714711	0.007897348	0.003897756	0.003342226	0.004970332	0.002899844	0.003244743	0.004525645	0.002952809	0.007038936	0.002586649	0.00729511	0.01577733	0.004183494	0.003988161	0.008025032	0.005925944	0.00430529	0.004750913	0.009815493	0.01120537	0.005073744	0.003496736	0.02888561	0.05453281	0.01396693	0.01036316	0.01437957	0.009530684	0.004142446	0.001707253	0.009980428	0.005175843	0.008540062	0.006073563	0.006447731	0.002827519	0.008022533	0.007710488	0.00587442	0.004562391	0.003796465	0.005865297	0.04334781	0.03331441	0.01252454	0.007725743	0.005644641	0.008180506	0.006289462	0.005544374	0.007270558	0.004030827
19.04.2020 12:25:00	66	0.003535182	0.003025339	0.002681033	0.002059668	0.001178068	0.003423913	0.007387275	0.003650335	0.00114782	0.002198019	0.004043719	0.002254436	0.004020998	0.004876651	0.005408568	0.002016444	0.002858556	0.01192631	0.003849165	0.004013148	0.003723371	0.006681671	0.002243046	0.00470739	0.002639082	0.00404341	0.002531711	0.004091955	0.003852702	0.005999817	0.003184855	0.002589134	0.004292808	0.002800029	0.002222379	0.003600478	0.003908265	0.004114931	0.005949644	0.003754428	0.003922292	0.006581548	0.007468658	0.003381962	0.002837482	0.004507221	0.002443047	0.002832472	0.004274908	0.002658739	0.005289289	0.002487113	0.00628212	0.01358378	0.0035073	0.003536643	0.006848124	0.005454475	0.003701083	0.004027095	0.008216972	0.01002321	0.004468923	0.002839851	0.02644658	0.04968601	0.01276685	0.009392255	0.01319734	0.008674028	0.003756601	0.001481142	0.008370824	0.004629403	0.007012602	0.005707451	0.005754243	0.002518306	0.006297179	0.006865665	0.005123032	0.003949091	0.002427424	0.005116733	0.03997765	0.03015438	0.01067402	0.006641283	0.005246467	0.006633582	0.005515856	0.005203418	0.006332848	0.003581438
19.04.2020 15:25:00	69	0.003282116	0.002617509	0.002149828	0.001584752	0.0009564378	0.002876288	0.005858599	0.003291951	0.001091733	0.001579158	0.00351043	0.001963445	0.003711035	0.004290872	0.004355602	0.001731029	0.002655212	0.01050043	0.003132623	0.003647156	0.003511156	0.00452579	0.002060633	0.002596593	0.002326963	0.003729466	0.001785653	0.003367607	0.003279809	0.005264634	0.002970899	0.00224887	0.00381548	0.002482302	0.0020415	0.003209566	0.003729675	0.003565208	0.005308427	0.003450545	0.003241381	0.00590668	0.007070106	0.002760738	0.002262269	0.003347031	0.002180152	0.001732617	0.003725607	0.00225107	0.004648308	0.002242886	0.005516574	0.01203092	0.002103822	0.003302202	0.006312991	0.005023243	0.003584298	0.003785517	0.006532776	0.008754607	0.004072552	0.002615591	0.02437424	0.04405249	0.01139237	0.007961372	0.01245311	0.00766221	0.003219132	0.001361219	0.007380484	0.004286613	0.006136097	0.004972409	0.005322844	0.002251153	0.005326547	0.006433819	0.004623987	0.003560922	0.002106843	0.004402746	0.03622139	0.02723668	0.008592837	0.005855719	0.004282863	0.006180177	0.004718062	0.004655395	0.005377477	0.002566075
