Vessel Name: 19052020_InCu_KaKr_KK1-69_AC1-5_P7_5
Metric: RFP Integrated Intensity / GFP Integrated Intensity
Cell Type: 
Passage: 0
Notes: 
Analysis: KaKr-A549-H2B-GFP/-RFP_DEFv10

Date Time	Elapsed	EZH1	FABP4	FAM105A	FAM107A	FAM110A	FAM20A	FAM46A	FAM72A	FBXO6	FCAR	FFAR2	FGL2	FOS	FPR2	GBP1	GBP3	GBP4	GBP5	GLIPR2	GLS	GMPR	GPC4	GPR141	GPR155	HAPLN3	HAVCR2	HELZ2	HERC5	HERC6	HES4	HESX1	HLA-B	HLA-C	HMHA1	HSH2D	IDO1	IFI16	IFI27	IFI35	IFI44	IFI44L	IFI6	IFIH1	IFIT1	IFIT2	IFIT3	IFIT5	IFITM1	IFITM2	IFITM3	IFNE	IFNG	IGF2BP3	IL15	IL15RA	IL1A	IL1RN	IL4I1	IRF1	IRF7	IRF9	IRG1	ISG15	ISG20	ITPKB	KCNE3	KLF7	LAG3	LAMP3	LAP3	LGALS3BP	LGALS9B	LILRA1	LILRA5	LRCH2	LRRC25	LY6D	LY6E	MAP3K1	MBD4	MCM2	BORCS8	MNDA	MS4A4A	C1 (Mx2)	C2 (STAT1)	C3 (MAVS)	C4 (BST2)	C5 (EIF2AK2)	C6 (RSAD2)	NTC1	NTC2	NTC3	NTC4	NTC5
19.05.2020 10:51:00	0	0.0001586923	0.0004391187	2.528264e-05	0.0002122982	0.0002723972	3.510724e-05	3.064187e-05	3.130709e-05	3.215925e-05	6.510498e-05	3.374354e-05	7.906626e-05	0.0002769475	3.437183e-05	3.126194e-05	8.626273e-05	7.954046e-05	3.411511e-05	3.154105e-05	3.97421e-05	3.197262e-05	3.778595e-05	3.60826e-05	2.702486e-05	3.759834e-05	3.711019e-05	3.477079e-05	0.0004768328	3.681211e-05	4.459263e-05	2.773862e-05	3.476938e-05	3.419812e-05	0.0006081131	3.429403e-05	3.234188e-05	2.843541e-05	3.416428e-05	3.57847e-05	3.532426e-05	3.302824e-05	3.371377e-05	2.934024e-05	3.18111e-05	3.231699e-05	3.436095e-05	3.323884e-05	4.758303e-05	0.0001627141	0.0001049473	3.574756e-05	6.630923e-05	3.819942e-05	3.588894e-05	7.516586e-05	0.0003045817	3.527382e-05	3.982725e-05	6.881594e-05	3.69535e-05	3.453015e-05	0.008188728	0.0001016409	3.444789e-05	0.0003485645	3.528309e-05	3.235457e-05	3.494035e-05	3.7613e-05	3.504427e-05	3.494879e-05	0.0001105968	3.623894e-05	3.487311e-05	3.894529e-05	3.729064e-05	3.894491e-05	0.0001592301	0.0001999985	0.0003275781	3.015769e-05	3.660573e-05	3.446034e-05	9.215755e-05	2.979536e-05	3.660284e-05	3.894078e-05	3.109386e-05	3.633535e-05	3.679375e-05	3.249332e-05	4.081988e-05	3.766003e-05	0.0001779493	3.633376e-05
19.05.2020 13:51:00	3	0.000222379	0.0003942288	2.311395e-05	0.0001631721	0.0002378808	3.381556e-05	2.592624e-05	2.849918e-05	2.785674e-05	6.232176e-05	2.867237e-05	7.963261e-05	0.0003680589	3.121477e-05	2.837923e-05	7.846671e-05	3.640846e-05	3.141564e-05	2.886962e-05	3.85106e-05	2.796917e-05	3.512466e-05	6.244855e-05	2.481245e-05	3.748863e-05	3.277551e-05	3.115891e-05	0.0004460496	3.530069e-05	3.785888e-05	2.793936e-05	3.16588e-05	2.95128e-05	0.0005500147	3.159494e-05	3.083709e-05	7.33934e-05	3.149028e-05	3.219121e-05	3.332711e-05	2.90908e-05	3.338525e-05	2.720408e-05	2.867947e-05	3.211271e-05	3.593331e-05	3.025032e-05	4.08985e-05	0.000167364	0.0001069101	3.270012e-05	3.672028e-05	3.470255e-05	3.478931e-05	7.231881e-05	3.177059e-05	3.095251e-05	0.0001502312	6.15293e-05	3.644183e-05	3.23932e-05	0.007884051	9.175715e-05	3.325265e-05	0.0003184362	3.481128e-05	2.89895e-05	3.174456e-05	3.480948e-05	3.29771e-05	3.127209e-05	9.828946e-05	3.185371e-05	3.380049e-05	3.426817e-05	3.211572e-05	3.773115e-05	0.0001218986	0.0001859347	0.0003075892	3.139362e-05	3.024066e-05	3.338155e-05	8.477083e-05	2.703888e-05	9.717715e-05	3.675053e-05	3.047032e-05	3.248977e-05	3.295096e-05	2.914583e-05	3.499755e-05	3.569717e-05	3.65634e-05	3.437452e-05
19.05.2020 16:51:00	6	0.0002054436	0.0005847886	1.741429e-05	0.000141216	0.000241069	0.0001041365	2.106852e-05	7.886641e-05	2.529512e-05	4.99552e-05	6.705225e-05	7.349775e-05	0.0001940775	2.579168e-05	2.318529e-05	6.684648e-05	8.019261e-05	6.901203e-05	5.604521e-05	3.18204e-05	9.407947e-05	0.0003231149	5.607893e-05	2.049387e-05	2.815167e-05	2.551074e-05	2.32936e-05	0.0005068646	2.625564e-05	3.195069e-05	2.053507e-05	0.0001346884	7.76085e-05	0.0004867008	2.342781e-05	2.527747e-05	2.100097e-05	2.523992e-05	2.746677e-05	2.581797e-05	2.284034e-05	2.430035e-05	2.361809e-05	2.314261e-05	2.356097e-05	2.496724e-05	2.538943e-05	3.456994e-05	0.0001418318	9.400846e-05	2.660744e-05	2.795847e-05	0.0001812446	2.69339e-05	6.35243e-05	7.139007e-05	7.065481e-05	0.0001264552	5.559286e-05	2.787889e-05	9.225232e-05	0.008263095	6.640184e-05	2.456454e-05	0.0003973972	0.0001354885	2.295412e-05	2.480232e-05	2.819912e-05	2.824043e-05	2.7148e-05	9.374509e-05	2.582665e-05	0.0001346537	2.916576e-05	9.355639e-05	7.319726e-05	8.78409e-05	0.0001659517	0.0002872807	2.418252e-05	0.0001610876	0.000104851	7.363946e-05	2.398769e-05	0.0001850997	2.769032e-05	2.468689e-05	0.0003074638	2.490364e-05	2.33334e-05	2.742573e-05	2.80945e-05	2.8665e-05	7.750249e-05
19.05.2020 19:51:00	9	0.00103366	0.001815496	0.0007821837	0.001256573	0.000940259	0.0006264643	0.0006021886	0.0005852895	0.0008207628	0.0008488012	0.0005554301	0.0005000522	0.001243189	0.001163495	0.00135882	0.001237974	0.002062303	0.001936462	0.0009994811	0.00118645	0.0008471804	0.001993085	0.001354393	0.0007349427	0.0007322043	0.001748719	0.001181477	0.002238042	0.001024354	0.001161505	0.00090691	0.001924548	0.00138172	0.001786836	0.00158535	0.0005721085	0.001634687	0.001380513	0.002470608	0.001694997	0.001577103	0.00132881	0.001515352	0.001394055	0.001368688	0.001007081	0.001296791	0.0004885438	0.0009372107	0.001479813	0.001761265	0.001686275	0.002027548	0.001668644	0.001242273	0.001557305	0.001710829	0.001199367	0.001480507	0.001052262	0.002638735	0.008884383	0.001695937	0.0003917477	0.001926316	0.00190222	0.001037006	0.001108523	0.001345168	0.001030841	0.001281027	0.0005912481	0.000930535	0.001780824	0.0004188343	0.001816108	0.001456902	0.0009970828	0.00148504	0.002043348	0.001644111	0.0006386289	0.001013793	0.0008009429	0.0007179244	0.002759343	0.001905083	0.0006217656	0.007709696	0.0004607092	0.0007572933	0.001050222	0.0008101973	0.000724012	0.0006050438
19.05.2020 22:51:00	12	0.004647108	0.00478771	0.004412668	0.006183483	0.005479978	0.004463441	0.004305334	0.0041826	0.005729958	0.004226522	0.004425548	0.003423395	0.005654702	0.006757988	0.007981898	0.008198069	0.008669812	0.008623905	0.00606099	0.009176542	0.005814052	0.008077111	0.008361642	0.003787609	0.003759779	0.009657206	0.005440147	0.009602536	0.007442013	0.007334095	0.006063092	0.008363184	0.007017595	0.009138143	0.00862337	0.003898728	0.007198791	0.006765564	0.01163998	0.009380721	0.01016637	0.007857151	0.006146857	0.00773914	0.00851157	0.007891859	0.008981562	0.002714667	0.004767118	0.006697291	0.008218451	0.008585957	0.009499875	0.007975852	0.006791621	0.0087628	0.009569041	0.006535456	0.008006504	0.003840192	0.0109861	0.01622866	0.006667203	0.004519914	0.008470706	0.009083667	0.007584545	0.008206532	0.008308193	0.005617544	0.007238053	0.003654625	0.006067376	0.008159609	0.005092548	0.009681689	0.00771205	0.005993776	0.006331907	0.009307885	0.008143734	0.005291123	0.006141436	0.00541371	0.005196274	0.01495552	0.007037612	0.004825998	0.02528755	0.004181982	0.004857328	0.004534875	0.004305575	0.004978645	0.004559664
20.05.2020 01:51:00	15	0.01131512	0.01128051	0.01135556	0.01458816	0.01437492	0.01268348	0.01141899	0.01158689	0.0147867	0.01116929	0.01038368	0.009835288	0.01465556	0.01601665	0.02096249	0.02181606	0.02194244	0.02025012	0.01707015	0.02255472	0.01626166	0.01798548	0.02152614	0.01017189	0.01144445	0.02193348	0.01388826	0.02425315	0.01946855	0.01790539	0.0167743	0.01977527	0.02054024	0.0235337	0.01965578	0.009933555	0.01804703	0.01811712	0.02788955	0.02198919	0.02432385	0.02064667	0.01711771	0.0208783	0.02158472	0.01994694	0.02169407	0.007402305	0.01301439	0.01819388	0.02171748	0.02138367	0.02336396	0.02233884	0.01563943	0.022198	0.02282189	0.01779149	0.0219746	0.009935599	0.02672465	0.02755114	0.0187435	0.01330172	0.0200865	0.02174984	0.02266148	0.01940445	0.01771063	0.01571983	0.01927718	0.009833894	0.01372871	0.02213126	0.0142734	0.02287141	0.0188449	0.01470502	0.01746113	0.02306506	0.01988427	0.01337316	0.01665391	0.01335353	0.01259646	0.03384061	0.0169972	0.01240149	0.04538917	0.01117952	0.01170939	0.0118684	0.01152905	0.01245285	0.01196377
20.05.2020 04:51:00	18	0.01913972	0.02124256	0.01905331	0.02517889	0.02457485	0.02399764	0.02113711	0.02006721	0.02480509	0.02040648	0.01898271	0.01816558	0.0256991	0.02685228	0.0361685	0.03943541	0.03811583	0.03537019	0.03021456	0.03871839	0.03002655	0.03297522	0.03616524	0.01777275	0.02033937	0.03482647	0.02552202	0.03777352	0.03373229	0.03253984	0.02964636	0.03293929	0.03809967	0.03967416	0.03308719	0.0182348	0.03136356	0.03283225	0.04822343	0.0388696	0.04135597	0.03779074	0.03002296	0.03537861	0.03803279	0.03401512	0.037116	0.01480874	0.02403029	0.03236859	0.03811129	0.03744433	0.03992345	0.03840162	0.02827439	0.03753929	0.0397521	0.03030349	0.03826525	0.01831939	0.04960596	0.04050884	0.03361693	0.02545096	0.03514215	0.03636733	0.04104373	0.03602083	0.03293318	0.02967317	0.03348916	0.01860958	0.02536447	0.03670335	0.02509719	0.04015104	0.03416938	0.02563322	0.03193427	0.0397101	0.03466287	0.02387653	0.02927572	0.02433182	0.02367493	0.06265545	0.03042752	0.02288673	0.06505302	0.02109215	0.0202579	0.02009518	0.02075048	0.02315338	0.02172656
20.05.2020 07:51:00	21	0.02857509	0.03098249	0.02818886	0.0372813	0.03353438	0.03464425	0.03026496	0.02804581	0.03655943	0.02978866	0.02839279	0.02722047	0.0345328	0.03732827	0.05300587	0.05584444	0.0525961	0.04978723	0.04482585	0.05372634	0.04268602	0.04753839	0.05472378	0.02511465	0.03100612	0.04709507	0.03761596	0.05314318	0.04866745	0.04641791	0.04221886	0.04675001	0.05495168	0.05478955	0.04990589	0.02712494	0.04521363	0.04564049	0.0668206	0.05683544	0.05934615	0.05451817	0.04093383	0.04938707	0.05443939	0.04656482	0.05169439	0.02221202	0.03510824	0.04597684	0.05538635	0.05297084	0.05739259	0.05303452	0.0402881	0.05180777	0.05574512	0.0436418	0.05613982	0.02833163	0.07705566	0.05382835	0.04811561	0.03755457	0.04760479	0.05031395	0.05925919	0.05382896	0.05023411	0.04485517	0.04721072	0.02763386	0.03589049	0.05239537	0.03672408	0.05626403	0.04781175	0.03709197	0.04669737	0.05527226	0.04880518	0.03610397	0.04044765	0.03456465	0.03299966	0.09840862	0.04584943	0.03454461	0.08110081	0.03010127	0.03013563	0.02881322	0.0294036	0.03357387	0.030994
20.05.2020 10:51:00	24	0.03610089	0.03877104	0.03446058	0.0466826	0.04147933	0.04390559	0.03946482	0.03500301	0.04745498	0.03843967	0.03587581	0.03405735	0.04242286	0.04655773	0.06689437	0.06856412	0.0660908	0.06347988	0.05564948	0.06841927	0.05479747	0.0594736	0.07023764	0.03164047	0.04065637	0.05747021	0.04943266	0.06518092	0.06122733	0.06021883	0.05308972	0.05807714	0.06913768	0.06709329	0.06385794	0.03496631	0.05711959	0.05760901	0.08834397	0.06986064	0.07591897	0.07002176	0.04989692	0.06402232	0.06852525	0.05824655	0.06184083	0.02912513	0.0427739	0.0552888	0.07024352	0.06543352	0.06993745	0.06512993	0.04864916	0.06338849	0.07029662	0.0536141	0.07195811	0.03648989	0.109799	0.0631446	0.05831094	0.0478225	0.05839285	0.06366637	0.0761916	0.06944706	0.06597341	0.05875135	0.05928037	0.03569965	0.04420629	0.06644844	0.04651959	0.06933227	0.05900598	0.04793981	0.05951088	0.06863349	0.06080115	0.04693323	0.04991024	0.04407015	0.04305276	0.1345609	0.06510343	0.04462553	0.08979912	0.03889006	0.03865663	0.03692565	0.03625245	0.04294698	0.03770238
20.05.2020 13:51:00	27	0.04182133	0.04399605	0.03794343	0.05373441	0.04733018	0.05133405	0.04552688	0.04121562	0.05515861	0.04590229	0.04190166	0.03990321	0.04703707	0.05248483	0.07623937	0.07672389	0.07751055	0.07324132	0.0641695	0.08009381	0.06138461	0.06765291	0.08023377	0.03577853	0.04612033	0.06578554	0.05616522	0.0749919	0.06934216	0.06831571	0.06118444	0.06546675	0.0789759	0.07530443	0.07305564	0.04066244	0.06574945	0.06531558	0.1068981	0.08008377	0.08707516	0.08075128	0.05651113	0.07355944	0.07795536	0.06679901	0.07155007	0.03333957	0.04762369	0.06237955	0.08098989	0.07564216	0.07793431	0.07307107	0.05445848	0.0704356	0.0799365	0.06062924	0.08511081	0.04280256	0.1422149	0.06876585	0.06395683	0.05420763	0.06623572	0.07308635	0.08763158	0.08086864	0.07653876	0.06887271	0.06654654	0.0425669	0.05157059	0.07617396	0.05457384	0.08002588	0.06684388	0.05453766	0.06939837	0.08015797	0.06907251	0.05421958	0.0562344	0.0486136	0.05046102	0.1712278	0.08351639	0.05236888	0.09464002	0.04467545	0.04467423	0.04284525	0.04225625	0.05000044	0.04224935
20.05.2020 16:51:00	30	0.04449429	0.04728695	0.03878369	0.05819316	0.04994068	0.05591149	0.04861545	0.04402819	0.06029492	0.04837567	0.04472734	0.04349142	0.04932245	0.05342332	0.08145397	0.08219974	0.08318975	0.07857295	0.06575744	0.08801354	0.06232755	0.07145871	0.08477629	0.03855804	0.04849868	0.06996244	0.0590633	0.07979281	0.07320986	0.07211411	0.06561055	0.068505	0.08575043	0.07889274	0.07962036	0.04265141	0.06967669	0.06819128	0.1173431	0.08406458	0.09244227	0.0868347	0.06052734	0.07869217	0.08217206	0.07317213	0.07753229	0.0367203	0.04761169	0.06542702	0.08649058	0.08103803	0.08095275	0.07948032	0.05796685	0.07393435	0.08461211	0.06482486	0.09650844	0.04531615	0.1652562	0.06878959	0.06590629	0.0582894	0.07086395	0.07732346	0.09383906	0.09017308	0.08200793	0.0742067	0.06889143	0.04526424	0.05343725	0.08230901	0.05837332	0.08416405	0.07010768	0.05693073	0.07402945	0.08596318	0.07281866	0.05899574	0.06034761	0.04726857	0.05453355	0.1996844	0.09802318	0.0574756	0.09507035	0.04702557	0.04848078	0.04638534	0.04446325	0.05216642	0.04527589
20.05.2020 19:51:00	33	0.04634471	0.04894179	0.03831723	0.05788988	0.05149155	0.0558653	0.0490904	0.04484939	0.06104556	0.04974917	0.04460628	0.04453333	0.04867272	0.05419926	0.08172126	0.08527672	0.08564092	0.0810146	0.06812266	0.09160511	0.06281301	0.07436155	0.08523216	0.03803146	0.04921946	0.07224027	0.05906923	0.08085598	0.07396347	0.07213516	0.06665	0.06855559	0.08919779	0.08026559	0.08187106	0.04254429	0.07006212	0.06949826	0.1240185	0.0862498	0.09351105	0.08911926	0.05983954	0.08313818	0.0822069	0.07644335	0.07786829	0.03773814	0.04803875	0.06775825	0.08784815	0.08249022	0.08123183	0.08072915	0.05966937	0.07582358	0.08688804	0.06647083	0.1034229	0.04667675	0.1869299	0.07028528	0.06475508	0.0611585	0.07326946	0.08045482	0.09643009	0.09272923	0.08586472	0.07666773	0.07085019	0.04630328	0.05432313	0.08417384	0.06125358	0.0859821	0.07086273	0.05606268	0.07527976	0.08786443	0.07460709	0.05941533	0.06307159	0.04710592	0.05624259	0.2246992	0.1107471	0.05920197	0.09191176	0.0480875	0.04964945	0.04768912	0.04610498	0.05490195	0.04705802
20.05.2020 22:51:00	36	0.04607521	0.0475032	0.03602044	0.0569341	0.05185699	0.0552183	0.04814677	0.0434186	0.06100327	0.04895203	0.04360872	0.04209714	0.04671459	0.05280566	0.0820842	0.08515662	0.08580653	0.08052399	0.06790674	0.09046466	0.06140092	0.07360487	0.08221883	0.03615502	0.04823317	0.07298346	0.05899449	0.0799431	0.07106845	0.07172105	0.06503236	0.06938636	0.08881063	0.0784962	0.08213142	0.04084164	0.06798513	0.0687314	0.1248781	0.08689225	0.09025239	0.0883607	0.0578151	0.08100439	0.08074368	0.07781217	0.0752894	0.0359098	0.04474693	0.06728438	0.08797991	0.08191376	0.07991037	0.08026332	0.05938672	0.07370459	0.08671702	0.06408265	0.1056759	0.04524208	0.2043918	0.06966386	0.06139192	0.05994703	0.07416542	0.07739137	0.09764601	0.09283306	0.08677299	0.0762338	0.07163202	0.0467275	0.05475397	0.08398006	0.06237193	0.08436022	0.06931477	0.05581014	0.07499033	0.08964027	0.07403646	0.05834061	0.06096441	0.04721243	0.0564198	0.2425767	0.1198412	0.0586773	0.08455025	0.0471554	0.04894771	0.04754241	0.04615059	0.05701649	0.04583505
21.05.2020 01:51:00	39	0.04339933	0.04540069	0.03396732	0.05564011	0.05029084	0.05353468	0.04455289	0.0422757	0.05912567	0.04683419	0.04242112	0.04033092	0.04437304	0.05137445	0.08072516	0.08358697	0.08400058	0.07977366	0.06593024	0.08959796	0.05956066	0.07262023	0.07845076	0.03457925	0.04485263	0.07118832	0.05553834	0.07415285	0.06866679	0.06965155	0.06303658	0.06679326	0.08538635	0.07668095	0.07878308	0.03771276	0.06380958	0.06658816	0.1258489	0.0862389	0.08767837	0.08824567	0.05614298	0.07449556	0.08006275	0.07529488	0.07128913	0.03397965	0.0417709	0.063448	0.08554604	0.07790696	0.07675286	0.07770636	0.0574008	0.0716045	0.08542509	0.06177263	0.1065242	0.04391578	0.2130739	0.06546821	0.05645303	0.05728554	0.07242752	0.07553864	0.09852658	0.09096245	0.08456335	0.07376104	0.06893245	0.04691968	0.05321545	0.08248315	0.0601531	0.08186875	0.06730194	0.05471152	0.07294996	0.08798198	0.07049557	0.05667008	0.05866266	0.04582788	0.0559842	0.2568282	0.1263329	0.05468566	0.07602224	0.04572191	0.04615004	0.0468391	0.04451768	0.05641643	0.04345507
21.05.2020 04:51:00	42	0.03964182	0.04111244	0.03111605	0.05318965	0.047568	0.05016072	0.04222399	0.0388598	0.05635645	0.04404643	0.03957424	0.03663317	0.04039628	0.04852144	0.07725657	0.08095407	0.08354742	0.07601222	0.06424462	0.08816696	0.05637022	0.07054225	0.07500399	0.03188412	0.04256488	0.06900331	0.05313706	0.07063558	0.0655688	0.06596814	0.06137048	0.06295767	0.08134554	0.07173762	0.07431097	0.03522836	0.06193191	0.06294432	0.1237599	0.08475689	0.08699454	0.08419681	0.0521554	0.07082298	0.07497989	0.07104547	0.06720208	0.03112872	0.03917353	0.06078874	0.08414953	0.0727161	0.07463468	0.07342273	0.05363127	0.07000101	0.08323746	0.05715108	0.1054448	0.04178253	0.2181167	0.06379875	0.05361388	0.05595303	0.07077256	0.07151835	0.09707836	0.08703225	0.080028	0.07186119	0.06522093	0.04309471	0.04979501	0.07878346	0.05723649	0.0796765	0.06501007	0.05337156	0.07012419	0.08475237	0.06769509	0.05458629	0.05673649	0.0439823	0.05375221	0.2700002	0.1317461	0.0519135	0.06908144	0.04307634	0.04268723	0.04485665	0.04326935	0.05398845	0.04091119
21.05.2020 07:51:00	45	0.03617877	0.0390369	0.02883599	0.04981161	0.04516629	0.04620809	0.03915228	0.0357707	0.05384994	0.04087565	0.03716838	0.03478368	0.03635364	0.04625392	0.07401399	0.07786891	0.07808331	0.07207763	0.0595023	0.08727099	0.05368666	0.0667081	0.06988009	0.02881118	0.03992242	0.06673733	0.04873618	0.06821867	0.06235984	0.0608436	0.05871274	0.05934913	0.07737407	0.0696092	0.0718727	0.03201519	0.0567216	0.05868654	0.1197316	0.08101586	0.08238645	0.08054216	0.04896602	0.066782	0.07047717	0.06639945	0.0627479	0.02873691	0.03607569	0.05749822	0.07987893	0.07120269	0.0706977	0.07041897	0.04996633	0.06615525	0.0786163	0.05333552	0.1048622	0.03917855	0.2214951	0.061298	0.04690921	0.05243295	0.06751852	0.0685065	0.09314214	0.08417967	0.07444931	0.06922156	0.06194272	0.03897067	0.04639186	0.07603279	0.05399139	0.0787484	0.06233797	0.05099205	0.06634251	0.07990419	0.06472644	0.05212194	0.05403961	0.0406866	0.04990061	0.2746767	0.135389	0.04806147	0.0627128	0.0404981	0.0391329	0.04247247	0.04016985	0.0517096	0.0377915
21.05.2020 10:51:00	48	0.033938	0.03531158	0.02626739	0.04698976	0.04280753	0.04159238	0.03471481	0.03306668	0.05163843	0.03769904	0.03350597	0.03243608	0.03351572	0.043132	0.06911615	0.0729337	0.07559342	0.06752008	0.05530571	0.08476833	0.04873902	0.06286716	0.06589556	0.02556014	0.03533461	0.06352033	0.04455519	0.0630101	0.05874586	0.05635061	0.05438005	0.05651358	0.07241616	0.06490214	0.06891647	0.02915854	0.05280025	0.05528865	0.1111585	0.07585723	0.07729688	0.07742441	0.04420326	0.06283253	0.0667678	0.06237658	0.05831917	0.02599026	0.03376065	0.05467958	0.07527165	0.06719747	0.06701688	0.06626647	0.04763316	0.06355656	0.07384071	0.04896422	0.1028717	0.03626395	0.2225327	0.05671977	0.03911011	0.04853398	0.06287304	0.06285532	0.08779037	0.07855143	0.06908876	0.06608779	0.0579885	0.03360217	0.04142024	0.07240114	0.0494472	0.07399493	0.06019468	0.04806723	0.0614118	0.07439949	0.06048136	0.04826302	0.05036517	0.03775539	0.04633548	0.2779728	0.1355178	0.04523897	0.05641669	0.03584738	0.03630657	0.0400037	0.03851206	0.04959984	0.03516156
21.05.2020 13:51:00	51	0.03048538	0.03135735	0.0237836	0.0440325	0.03899679	0.03795327	0.03106258	0.03089864	0.04756419	0.0350736	0.02989581	0.030402	0.03116282	0.03996083	0.06446387	0.06766862	0.07265007	0.06403104	0.05059697	0.07782115	0.04470798	0.05951895	0.06135997	0.02336139	0.03204604	0.05901837	0.03872333	0.05805716	0.05425524	0.0515521	0.05077825	0.05215278	0.06725728	0.0593486	0.06434504	0.02697613	0.0477616	0.05108206	0.1041933	0.07309522	0.07311327	0.0724287	0.03966291	0.05801438	0.05945195	0.05712701	0.05293782	0.02282097	0.03105012	0.05080352	0.07142013	0.06244447	0.06121594	0.05942631	0.04489003	0.05946991	0.06889578	0.04640024	0.09912529	0.03270647	0.2207112	0.05391847	0.03476178	0.04556371	0.05898293	0.05911807	0.08264421	0.07394322	0.06373315	0.06038717	0.05498836	0.03199527	0.03811955	0.06868115	0.04536633	0.06997904	0.05657214	0.0437558	0.05596251	0.06991316	0.05587691	0.04485721	0.0472542	0.03491587	0.04333192	0.2772071	0.1337576	0.04169265	0.05109887	0.03378836	0.03385483	0.036814	0.03590783	0.04458769	0.03306541
21.05.2020 16:51:00	54	0.02774839	0.02943072	0.02164196	0.04140322	0.03624366	0.03463102	0.02869653	0.02862258	0.0442967	0.03211215	0.02758564	0.02807384	0.0284156	0.03665172	0.06012677	0.06164131	0.06750888	0.06035525	0.04668111	0.07368167	0.03974328	0.05589525	0.05774949	0.02005789	0.02757937	0.05429281	0.03248022	0.05434117	0.04990343	0.04727136	0.04660613	0.04758472	0.06272068	0.05428596	0.06000467	0.02368758	0.0446641	0.04702648	0.09799084	0.06902866	0.06769335	0.06867018	0.03599581	0.05398411	0.05334599	0.05086542	0.04700181	0.02062814	0.02768449	0.04738091	0.06696171	0.05740859	0.05716004	0.05377778	0.04014574	0.05304803	0.06402136	0.04380759	0.09569717	0.02977239	0.2182439	0.05026627	0.03104551	0.04225201	0.05608147	0.05267595	0.07806403	0.06423887	0.05857982	0.05680316	0.0510413	0.02510242	0.03499192	0.06438356	0.03959062	0.06452934	0.05145195	0.03828404	0.0506011	0.06571344	0.05127065	0.04049923	0.04251691	0.0312721	0.0396289	0.2714191	0.1315051	0.03771367	0.04473573	0.03109298	0.03138895	0.03366319	0.03338588	0.04013855	0.03084692
21.05.2020 19:51:00	57	0.02559337	0.02670296	0.01939691	0.03795543	0.03251353	0.03133796	0.0265859	0.02467366	0.04147392	0.02845115	0.02473859	0.02510824	0.02564855	0.03257968	0.05592027	0.05636254	0.06292672	0.05502372	0.04168196	0.06843516	0.03598262	0.05091494	0.05242217	0.01744769	0.02561154	0.04939387	0.02878347	0.05060495	0.04683576	0.04426587	0.04328641	0.04441948	0.05875307	0.05107459	0.05563616	0.02210356	0.04076524	0.04328658	0.09181335	0.06375802	0.06223338	0.06485101	0.03237395	0.04956516	0.04777179	0.04585093	0.04206106	0.01873617	0.0248596	0.0443015	0.06151218	0.05430776	0.05261835	0.04887151	0.03602761	0.04877771	0.05626035	0.04072565	0.09225585	0.02787697	0.2140656	0.04479996	0.02603601	0.03894528	0.05222536	0.04767429	0.07335751	0.05996288	0.05378496	0.05131476	0.04685592	0.02251041	0.03242999	0.05922283	0.03599274	0.05966013	0.04686288	0.0351241	0.04709744	0.0613208	0.04736014	0.03673441	0.03974103	0.02803098	0.03600074	0.2676441	0.1276329	0.03474897	0.03978842	0.02812425	0.02830844	0.03108528	0.03063643	0.03680223	0.02819253
21.05.2020 22:51:00	60	0.02212407	0.0232823	0.01732993	0.03447173	0.02957947	0.02768536	0.02346226	0.02160629	0.03554438	0.02553679	0.02241185	0.02324051	0.02317616	0.02901104	0.05230327	0.05098157	0.05916513	0.05012188	0.03817892	0.06102612	0.03220281	0.04622497	0.0482667	0.01554478	0.02310103	0.04513491	0.02539914	0.0462901	0.04229442	0.04136355	0.03983581	0.03981959	0.05407514	0.04659318	0.0511776	0.02053222	0.03730154	0.03866711	0.08543838	0.05989175	0.05846935	0.06105471	0.02928674	0.04345373	0.04432628	0.04032469	0.03797662	0.01705052	0.02159806	0.04111736	0.05725871	0.04966183	0.04854829	0.04287931	0.03295727	0.04403142	0.05225915	0.03726406	0.08834136	0.02515713	0.2094205	0.04261369	0.02174012	0.03620455	0.0484065	0.04398749	0.0688619	0.05568044	0.04928378	0.04673709	0.04044455	0.01887575	0.02997153	0.0529509	0.0329829	0.0551899	0.04278977	0.03183446	0.04311047	0.05645977	0.04363269	0.03345591	0.03712961	0.02595728	0.03241228	0.2650641	0.121945	0.03227873	0.03618677	0.02596816	0.02480266	0.02744389	0.0275782	0.03450661	0.02554008
22.05.2020 01:51:00	63	0.02003581	0.02101737	0.01504277	0.03086432	0.02654481	0.0258644	0.02121319	0.02038082	0.03186342	0.02344205	0.02053291	0.02104338	0.02102122	0.02536271	0.04892475	0.04790324	0.05406647	0.04578376	0.03495692	0.05619925	0.02938105	0.04158019	0.04395134	0.01409487	0.01968325	0.0419623	0.02225807	0.04198678	0.03893844	0.03753611	0.03615913	0.03685796	0.05059678	0.04238579	0.04760007	0.01860669	0.03465421	0.03520307	0.0800987	0.05565037	0.05435907	0.05723208	0.02612353	0.03917617	0.04085448	0.03530375	0.03462378	0.0161205	0.02046352	0.03702167	0.05416632	0.04621217	0.04552945	0.04077385	0.0306306	0.04099851	0.04877395	0.03268999	0.08341153	0.02249074	0.2017763	0.03912636	0.01771795	0.03276536	0.04580207	0.03985415	0.06351934	0.0515161	0.04516624	0.04151713	0.03725528	0.01713106	0.02720257	0.04972828	0.0297884	0.05026243	0.03820248	0.02965224	0.03834693	0.05217861	0.04090137	0.03069965	0.03375179	0.02295831	0.02989244	0.2555154	0.118127	0.02806833	0.03323239	0.02346165	0.02268896	0.02489844	0.02596201	0.03212883	0.02360497
22.05.2020 04:51:00	66	0.01775929	0.01905268	0.01339383	0.02811852	0.02330603	0.0235718	0.01901147	0.01851349	0.02908795	0.02182152	0.01820077	0.01952215	0.01796732	0.02273359	0.04563269	0.04486208	0.04947672	0.04195394	0.0316653	0.05121914	0.02646959	0.03847696	0.0399982	0.01239793	0.0182924	0.03797272	0.01972969	0.03922692	0.03580393	0.03395934	0.03303783	0.0342052	0.04702268	0.03862309	0.04381708	0.01687891	0.03226577	0.03250394	0.07143253	0.05032922	0.04891588	0.05342883	0.02447904	0.03465606	0.03643959	0.03198761	0.0314036	0.01427632	0.01833375	0.03186161	0.0488847	0.04298159	0.04045942	0.03678052	0.02797523	0.03689668	0.04536578	0.02999653	0.07718828	0.02000834	0.1949735	0.03699227	0.0139431	0.02893523	0.04277942	0.03653728	0.05902708	0.0472359	0.04170845	0.03862772	0.03414854	0.0157284	0.02566454	0.04580527	0.02657245	0.04582192	0.03604338	0.02767345	0.03624762	0.04622632	0.03677698	0.027522	0.03097704	0.02076679	0.02789909	0.2488891	0.1127451	0.02527773	0.03009581	0.02166604	0.01997755	0.02240529	0.02426246	0.02911448	0.0217661
22.05.2020 07:51:00	69	0.01548794	0.01759728	0.01188478	0.02525206	0.02099442	0.02172665	0.01739915	0.01708982	0.02618263	0.02047783	0.01616783	0.01729099	0.01604535	0.02023227	0.04110293	0.04053535	0.04440676	0.03882885	0.02890477	0.04608117	0.02316775	0.03476445	0.03694611	0.01104368	0.01664652	0.03545213	0.01759056	0.03569271	0.03262701	0.03103947	0.03016188	0.03169287	0.04339721	0.03565147	0.04072941	0.01560698	0.02851302	0.0293474	0.06229828	0.04683572	0.04529873	0.05003871	0.02178618	0.03120626	0.03189017	0.02878829	0.02532016	0.01259877	0.01584178	0.02933124	0.04409288	0.03784111	0.03702575	0.03359606	0.02592495	0.03386139	0.04127435	0.02619625	0.07251459	0.01754383	0.1850658	0.03413742	0.01158966	0.02641546	0.03899074	0.03120397	0.05367246	0.04367537	0.0383173	0.03516878	0.03111806	0.014316	0.02345878	0.04210728	0.02387106	0.0410751	0.03263351	0.02582288	0.03361516	0.04178808	0.03219791	0.02440409	0.0289467	0.01898496	0.02619878	0.2424299	0.1063161	0.02396097	0.02641509	0.0198016	0.01807647	0.0203714	0.02184475	0.02564114	0.01992372
