Vessel Name: 25042020_InCu_KaKr_KK1-61_P7_3
Metric: RFP Integrated Intensity / GFP Integrated Intensity
Cell Type: 
Passage: 0
Notes: 
Analysis: KaKr-A549-H2B-GFP/-RFP_DEFv10

Date Time	Elapsed	AC005013.1	ACO1	ADAM12	ADAMDEC1	ADAR	ADORA3	AIM2	AKAP2	ALOX5AP	ANKRD22	APOBEC3A	APOBEC3G	APOL1	APOL2	APOL3	APOL4	APOL6	ARAP1	ARL9	ASGR1	ATF3	ATF7IP	ATXN1	BATF	BATF2	BRD3	C19orf66	C6orf100	C9orf91	CAPN15	CASP1	CBFA2T3	CCL13	CCL2	CCL24	CCL7	CCL8	CCNA1	CCR1	CCR2	CD180	CD274	CD38	CD69	CD80	CEACAM1	CFB	CFHR1	CH25H	CHST2	CLEC5A	CLECL1	CMKLR1	CMPK2	CNP	CTAGE1	CX3CR1	CXCL10	CXCL11	CXCL3	CXCL9	CYP2J2	DCT	DDX58	DDX60	DDX60L	DEFB1	DHX58	DOK1	DOK2	DOK3	DTX3L	DUSP7	EMP1	EMR3	ENG	ENPP2	EPHB2	EPSTI1	ETV7	EVI2A	Mx2	STAT1	MAVS	BST2	EIF2AK2	RSAD2	NTC1	NTC2	NTC3	NTC4	NTC5
25.04.2020 18:10:00	0	1.53463e-05	1.684314e-05	2.030916e-05	2.330141e-05	2.292188e-05	1.930272e-05	2.087503e-05	2.203391e-05	5.999877e-05	0.0005904693	1.741999e-05	8.745817e-05	1.774778e-05	0.0006541657	0.0001945371	1.924742e-05	0.0007769725	1.896566e-05	2.161377e-05	2.145445e-05	2.01698e-05	2.35993e-05	5.906394e-05	1.934018e-05	1.67559e-05	1.97632e-05	4.731372e-05	6.53714e-05	2.04322e-05	7.394709e-05	0.000203585	4.776748e-05	2.336033e-05	2.498759e-05	2.159993e-05	2.634235e-05	2.168727e-05	0.0002990705	1.838644e-05	1.759155e-05	2.09357e-05	5.49245e-05	0.0001128808	2.313554e-05	2.072599e-05	2.410462e-05	6.824605e-05	8.689349e-05	1.687539e-05	6.898541e-05	1.543744e-05	1.700374e-05	1.615303e-05	8.790628e-05	0.0001697922	4.111663e-05	1.892849e-05	2.255582e-05	2.072314e-05	2.022077e-05	5.615432e-05	0.0002896546	6.376661e-05	1.451422e-05	1.751448e-05	2.435637e-05	0.001255863	9.697425e-05	1.957713e-05	1.966934e-05	2.248223e-05	1.753722e-05	1.737482e-05	1.761834e-05	0.0001461073	0.0003960216	0.000306232	0.0001038595	1.824573e-05	2.052701e-05	4.199058e-05	1.847241e-05	7.400259e-05	0.0007230333	2.025539e-05	1.805155e-05	2.00804e-05	1.744529e-05	1.819356e-05	1.822577e-05	2.212203e-05	2.693391e-05
25.04.2020 21:10:00	3	4.940202e-05	1.757085e-05	1.940566e-05	2.019145e-05	2.088297e-05	1.997862e-05	2.034328e-05	1.925043e-05	4.982325e-05	0.0005314584	1.527472e-05	8.213104e-05	1.697349e-05	0.0006068102	0.0001881145	2.11211e-05	0.000711327	1.911798e-05	2.055334e-05	1.977244e-05	1.964966e-05	2.335154e-05	5.531512e-05	1.973988e-05	1.598107e-05	2.184818e-05	3.859882e-05	5.896051e-05	1.757708e-05	1.986804e-05	0.0001894147	4.585747e-05	2.150796e-05	2.237843e-05	4.442274e-05	1.961727e-05	1.970515e-05	0.0002739185	1.786175e-05	1.8212e-05	1.991645e-05	5.034999e-05	9.754441e-05	2.098936e-05	1.999753e-05	2.26538e-05	6.776206e-05	7.555947e-05	1.683813e-05	6.916252e-05	1.749865e-05	1.688619e-05	1.533024e-05	5.009736e-05	0.0001273229	3.816775e-05	1.852643e-05	2.095275e-05	2.067336e-05	2.091975e-05	5.479182e-05	0.0002756149	7.198172e-05	1.649229e-05	1.777589e-05	2.192607e-05	0.001250687	9.946463e-05	1.770924e-05	1.803388e-05	1.924234e-05	1.690275e-05	1.719487e-05	1.921645e-05	4.275011e-05	0.0004372761	0.0002957894	2.004627e-05	7.653875e-05	2.022346e-05	1.812674e-05	1.940512e-05	6.909866e-05	0.0005773501	1.895285e-05	1.841062e-05	1.911403e-05	1.633301e-05	1.725229e-05	1.822247e-05	2.06912e-05	2.460415e-05
26.04.2020 00:10:00	6	5.187903e-05	1.857482e-05	2.236053e-05	2.15852e-05	2.2635e-05	5.247265e-05	2.119112e-05	2.071938e-05	2.242869e-05	0.000507891	1.731878e-05	8.074813e-05	1.905253e-05	0.0004773742	0.0001650205	2.029406e-05	0.0005106711	8.716551e-05	2.230974e-05	2.372334e-05	2.07925e-05	2.378365e-05	5.350637e-05	2.024086e-05	1.849135e-05	2.272532e-05	6.29638e-05	6.195551e-05	1.830416e-05	2.135308e-05	0.0001722693	4.058684e-05	2.216657e-05	0.0001001105	7.990776e-05	2.021187e-05	2.059066e-05	0.000260113	1.870771e-05	7.287299e-05	1.841523e-05	4.981056e-05	9.699808e-05	2.183034e-05	9.594139e-05	2.386956e-05	6.525905e-05	7.315164e-05	1.985351e-05	6.276522e-05	1.768765e-05	1.816635e-05	1.648373e-05	5.087693e-05	0.0001476167	7.837593e-05	2.082079e-05	2.193038e-05	2.04552e-05	2.050262e-05	8.933579e-05	0.0002590247	0.0001404729	1.656239e-05	1.78609e-05	2.400503e-05	0.001205889	0.000109976	1.942457e-05	2.106164e-05	6.381062e-05	1.829034e-05	1.867985e-05	1.90484e-05	8.40982e-05	0.0004322605	0.0002977499	6.128565e-05	7.78273e-05	7.430676e-05	2.023456e-05	1.86985e-05	0.0001689683	0.0004954456	1.935118e-05	0.0002145991	2.092389e-05	3.002308e-05	1.829039e-05	1.842737e-05	2.165452e-05	0.000105834
26.04.2020 03:10:00	9	0.000318162	0.0003630086	0.0003769712	0.0004127156	0.0003983657	0.0004692173	0.0003310308	0.0003666352	0.0003496899	0.0005571013	0.000256684	0.0006082054	0.0008993064	0.0009788333	0.0009232878	0.000462591	0.001035324	0.0004546117	0.0004686966	0.0004089982	0.0009032964	0.0005085719	0.0001580566	0.001014608	0.0005965156	0.0004451224	0.0005718993	0.0008764902	0.0005062407	0.000466303	0.0005432774	0.0006770825	0.0003681753	0.001086398	0.0005641818	0.0005543718	0.001088877	0.00109025	0.000849841	0.0008367689	0.0005955041	0.0006804938	0.000609518	0.0006465612	0.0008669479	0.0003399168	0.0008537476	0.0004377042	0.0006592487	0.0005669486	0.001032026	0.0007112077	0.0004919848	0.0009288968	0.0003368384	0.001339964	0.000702469	0.0005741423	0.0005030017	0.0006748033	0.0008053983	0.0006309671	0.0006474527	0.0003277576	0.0005058128	0.0007002573	0.001446367	0.0007188046	0.0003406668	0.000364954	0.0002734645	0.001003458	0.0004532444	0.0007064386	0.0008182822	0.001378213	0.0007829817	0.0007701892	0.0006754847	0.001415674	0.0005032565	0.000273137	0.001169837	0.0006575168	0.0005189538	0.004431734	0.0004710608	0.0004574433	0.0003498906	0.0005187767	0.0008328559	0.0004929168
26.04.2020 06:10:00	12	0.002171683	0.00239237	0.002371416	0.001867271	0.002930172	0.002609652	0.001829336	0.001826211	0.002304677	0.0026479	0.001939658	0.003233283	0.006074323	0.004198242	0.004367824	0.003842947	0.003268139	0.003100335	0.002978768	0.003900927	0.004109027	0.003706138	0.002407294	0.003117495	0.003491463	0.003904744	0.002923305	0.004513791	0.00374176	0.004558954	0.003482038	0.00285782	0.003819729	0.003155479	0.00266481	0.003891938	0.005771949	0.004100276	0.003812405	0.003848867	0.004459514	0.004454849	0.003678123	0.004365571	0.003170509	0.003075384	0.00459624	0.003130123	0.003700571	0.003846799	0.004962018	0.003110148	0.003030925	0.004868839	0.003806461	0.005074674	0.004225459	0.003627704	0.003653208	0.004536266	0.004436679	0.003821881	0.004141957	0.003954593	0.002897321	0.004006517	0.006065322	0.003640822	0.003471001	0.002274319	0.002031807	0.005170077	0.003106016	0.004244245	0.003520262	0.005272797	0.004436995	0.004166263	0.004185095	0.005777849	0.003443387	0.002183298	0.006390573	0.002981545	0.002254052	0.01394034	0.001852105	0.002598318	0.002348524	0.002917794	0.003499663	0.003324306
26.04.2020 09:10:00	15	0.006280735	0.006801844	0.005739706	0.005187121	0.007190115	0.006357084	0.005328413	0.005067918	0.005799962	0.006111364	0.005418867	0.01004095	0.01350529	0.01037583	0.0114749	0.01024088	0.007836184	0.007805689	0.007951266	0.009815522	0.01109803	0.009678898	0.005950033	0.008934694	0.009909951	0.01082204	0.01031638	0.01003301	0.009903391	0.0104919	0.00925586	0.008836381	0.01030225	0.009011319	0.007185144	0.01131922	0.01502088	0.009956351	0.01153552	0.01103057	0.01141939	0.01226284	0.01066743	0.01231049	0.009147385	0.0069893	0.01090582	0.008854667	0.009995224	0.01229042	0.01328545	0.01048104	0.009144081	0.01349443	0.008834245	0.01258091	0.01124955	0.00825708	0.01024261	0.0110196	0.01216038	0.01131879	0.01040135	0.01024526	0.00821208	0.01034042	0.01196076	0.01087852	0.00971269	0.005885025	0.005046498	0.01302984	0.009610465	0.01136153	0.008706019	0.01347914	0.01226191	0.01207752	0.01111513	0.01380619	0.008553886	0.007003988	0.01716853	0.009605772	0.006599073	0.02859337	0.005761428	0.00769889	0.007352926	0.007592324	0.00877803	0.007970312
26.04.2020 12:10:00	18	0.01236369	0.01388709	0.0110367	0.01135829	0.01466346	0.0128771	0.01013375	0.009332111	0.01165317	0.01222553	0.01010493	0.01932967	0.02494938	0.01797328	0.02197742	0.02078336	0.01489713	0.01467358	0.0151632	0.0180286	0.02017003	0.02000466	0.01197985	0.01704533	0.01736369	0.01977349	0.02008555	0.01811312	0.01914976	0.02018019	0.01669743	0.0185727	0.01950472	0.01800798	0.01375273	0.02058096	0.02898021	0.01903774	0.02110723	0.0215855	0.02242861	0.02135069	0.02134954	0.02317594	0.02000877	0.01274821	0.01913244	0.01639578	0.02126463	0.02459821	0.02366037	0.02033655	0.01872698	0.02399515	0.01599453	0.02408524	0.0200338	0.01587186	0.01736383	0.02120862	0.02336605	0.0203244	0.01823694	0.02030452	0.01570593	0.02149444	0.02189564	0.02166349	0.01690206	0.01129233	0.01083421	0.02447457	0.01906179	0.02115938	0.01672157	0.0251051	0.02215782	0.02282539	0.02241509	0.02462098	0.01660652	0.01333814	0.03518179	0.01972159	0.01290295	0.04478773	0.01130514	0.0139693	0.01477457	0.01387832	0.01666345	0.01527558
26.04.2020 15:10:00	21	0.01991559	0.02223339	0.01779406	0.01800327	0.02393894	0.02022516	0.01550304	0.01474506	0.0202256	0.02110627	0.01569601	0.03098985	0.03764705	0.02774331	0.03334705	0.03418442	0.02372969	0.02344058	0.02221536	0.02935273	0.03102742	0.03193628	0.01900782	0.02683208	0.02639095	0.03091297	0.03214136	0.02784826	0.028919	0.03041123	0.02788835	0.03118502	0.02975111	0.02729296	0.0213866	0.03061627	0.04483852	0.02998304	0.0307848	0.03518303	0.03591612	0.03226511	0.03393346	0.03561777	0.03390707	0.01859152	0.02936029	0.02513239	0.03384379	0.03757971	0.03526232	0.031944	0.03032416	0.03589118	0.02485703	0.03743451	0.02930032	0.02347095	0.02635095	0.03307321	0.03709616	0.03324214	0.02969609	0.03395475	0.02535528	0.03311637	0.03523939	0.03390556	0.02560401	0.01803847	0.01789115	0.03694565	0.03114301	0.03245432	0.02691814	0.03988724	0.03400846	0.03500653	0.03577165	0.03777403	0.02535775	0.01922383	0.06305875	0.03495195	0.02099665	0.05997506	0.01865576	0.0219019	0.02450066	0.02171251	0.02584457	0.02296159
26.04.2020 18:10:00	24	0.02840308	0.03099312	0.02408853	0.02553846	0.03409086	0.0295306	0.02166305	0.02177231	0.0291612	0.0298563	0.02213223	0.04195784	0.05055631	0.03907663	0.04442963	0.04856016	0.03316656	0.0315562	0.02793716	0.04053471	0.04146625	0.04451163	0.02516102	0.03651869	0.03499133	0.04206747	0.04420249	0.0370738	0.03777578	0.04041461	0.04020392	0.04202291	0.04053197	0.03750431	0.02926792	0.04071426	0.06136183	0.04171329	0.03992834	0.0485029	0.04889828	0.04261319	0.04823926	0.04722197	0.04894916	0.02499687	0.03962908	0.03413701	0.04804602	0.05060589	0.04661473	0.04375796	0.04245793	0.04765723	0.03265078	0.04935473	0.03920195	0.03236413	0.03636124	0.04411355	0.0497402	0.04553293	0.04124814	0.05116133	0.03378982	0.044583	0.04782511	0.04564366	0.03437306	0.02473949	0.02430511	0.04842523	0.0416352	0.04344862	0.03720655	0.05443854	0.04561749	0.04726316	0.0486257	0.05004791	0.03523882	0.02552936	0.0984819	0.05245789	0.02904154	0.07116849	0.02560717	0.03010665	0.03543645	0.02897089	0.0354857	0.03128669
26.04.2020 21:10:00	27	0.03656315	0.03896073	0.0300675	0.03172366	0.04334429	0.03652631	0.02686021	0.02777603	0.03754271	0.0371879	0.02813408	0.05202403	0.06161769	0.0482103	0.05228557	0.0610885	0.04350616	0.0389543	0.03310525	0.04945366	0.04953572	0.05750097	0.03042535	0.04330284	0.04147798	0.0512315	0.05366571	0.04581535	0.04387028	0.04872523	0.05081014	0.05046972	0.04825349	0.04740411	0.03680478	0.04857068	0.07497691	0.05148739	0.04786931	0.05887613	0.05924823	0.05377855	0.05949903	0.05744941	0.06224161	0.03023871	0.04762572	0.04174703	0.05921421	0.06170668	0.05506521	0.05219596	0.05159829	0.05776434	0.03868718	0.05980529	0.04726101	0.03925765	0.04379953	0.05306746	0.06189797	0.05575887	0.0500613	0.07190148	0.04197641	0.05362769	0.05762824	0.05619209	0.04076442	0.03039165	0.02904328	0.05769253	0.05108362	0.0514553	0.04308724	0.06600857	0.05615298	0.05683873	0.05857131	0.06047703	0.04403006	0.03058975	0.1389003	0.07322166	0.03609111	0.07423943	0.03155501	0.03790116	0.04505423	0.03440991	0.04345858	0.03819319
27.04.2020 00:10:00	30	0.04161637	0.04484519	0.03526526	0.03650004	0.05061656	0.04158436	0.03045142	0.03205156	0.04326972	0.04228645	0.03205753	0.05805897	0.06974303	0.05537423	0.05856894	0.06906053	0.05003529	0.04302859	0.03788871	0.05713606	0.05370426	0.06666785	0.03256459	0.04844178	0.04655511	0.05656096	0.05995712	0.05086705	0.04741907	0.05455135	0.05916481	0.05603663	0.05295747	0.05391695	0.04328662	0.05381934	0.08412654	0.05775433	0.05206395	0.06767286	0.06671999	0.06263066	0.06805026	0.06377777	0.06908672	0.03440879	0.05205973	0.0478851	0.06691203	0.06993017	0.06052742	0.05816204	0.05779358	0.06622571	0.0435962	0.06618467	0.05295132	0.04456832	0.04824373	0.05858118	0.0699263	0.06216493	0.05460569	0.09238646	0.04678749	0.0612974	0.06312986	0.06277561	0.04567594	0.0343414	0.03230793	0.06394769	0.05690289	0.05562114	0.04765777	0.07364711	0.0635968	0.06313001	0.06488244	0.06702024	0.04936706	0.03377127	0.1771787	0.09316035	0.04153452	0.07300726	0.03513129	0.04356075	0.05411808	0.0378475	0.04894099	0.04321179
27.04.2020 03:10:00	33	0.04401154	0.0469105	0.03788023	0.03998271	0.05503926	0.04350989	0.03196432	0.0347662	0.04663946	0.04517339	0.0339471	0.0623807	0.07527231	0.05863865	0.06175076	0.07195017	0.05345866	0.0441327	0.04055115	0.06191601	0.05553246	0.07247586	0.03332643	0.04857865	0.04778265	0.0593502	0.06240986	0.05278521	0.04838822	0.05860185	0.06299803	0.0595399	0.05534255	0.0566987	0.04622609	0.05635152	0.09058137	0.06215403	0.05366887	0.07237545	0.07244327	0.06645733	0.07201658	0.06533904	0.07383735	0.03671314	0.0553832	0.05048407	0.07182483	0.07495379	0.06343084	0.05912241	0.05955663	0.06813335	0.04604066	0.06885859	0.05544179	0.04699077	0.04914628	0.06075535	0.07337175	0.06508145	0.05771893	0.1090013	0.04814111	0.06547665	0.06552903	0.06548016	0.04796866	0.03587142	0.03267813	0.06661875	0.05747702	0.05716148	0.04995796	0.079139	0.06698184	0.0666973	0.06837092	0.07083154	0.05251743	0.03495676	0.2101372	0.1114922	0.04380373	0.06827092	0.03720483	0.04728208	0.05821783	0.03898196	0.05118665	0.04518555
27.04.2020 06:10:00	36	0.04454648	0.04772245	0.0373651	0.04190539	0.05522485	0.04290752	0.03282004	0.03486644	0.04760955	0.04497312	0.03337979	0.06189048	0.07667879	0.05992215	0.06121064	0.07317271	0.0542901	0.04410411	0.03976257	0.06319402	0.05451185	0.0747965	0.03267064	0.04761528	0.04753276	0.05997812	0.0621082	0.05215149	0.04784332	0.05870289	0.06503235	0.05972619	0.05619007	0.05692143	0.0474849	0.05561138	0.09217847	0.06258813	0.05372578	0.0743914	0.07489931	0.06789786	0.0740364	0.06518654	0.07534821	0.03737039	0.0560696	0.0490001	0.07294231	0.07506117	0.0624084	0.05812769	0.05952278	0.06893193	0.04625293	0.06836516	0.05616867	0.04713327	0.04771462	0.06009226	0.07495824	0.06621973	0.05882206	0.1223989	0.0479379	0.06771483	0.06562753	0.06658518	0.04726671	0.03555061	0.03269948	0.06592371	0.05715219	0.05462563	0.04963734	0.07895699	0.06609024	0.06709181	0.06734481	0.07007778	0.05269907	0.03385864	0.2346372	0.1254997	0.04389646	0.06163226	0.03731702	0.04756172	0.05992258	0.03825262	0.0517983	0.04471379
27.04.2020 09:10:00	39	0.04255144	0.04509843	0.03606513	0.04210152	0.05429851	0.04228313	0.0320567	0.03534416	0.04672945	0.0439586	0.03180932	0.06121497	0.07536007	0.05751402	0.06016362	0.07359918	0.05340355	0.0426272	0.0396094	0.06076147	0.05274068	0.07505468	0.03058763	0.04558747	0.04537155	0.05876954	0.05914726	0.05030428	0.04620527	0.05745659	0.06430716	0.05730477	0.05361499	0.05540759	0.04617459	0.0541737	0.08966804	0.06258416	0.05173443	0.07298633	0.07316699	0.06739848	0.07279861	0.06089761	0.07525851	0.03644366	0.05437279	0.04698713	0.07173029	0.07341463	0.06053174	0.05556294	0.05681061	0.06848541	0.04517424	0.06725111	0.05562318	0.04584841	0.04574003	0.0583938	0.07453865	0.06483227	0.05755321	0.1322003	0.04629194	0.06595167	0.06514093	0.06483215	0.0452331	0.03459908	0.03034935	0.06264311	0.05542649	0.05247446	0.04743984	0.07763474	0.06489727	0.06605911	0.06497784	0.06789292	0.05042701	0.03180356	0.2538581	0.1359913	0.0413879	0.05498443	0.03497843	0.04649379	0.05778934	0.03750409	0.04994856	0.04420418
27.04.2020 12:10:00	42	0.03972359	0.04250363	0.03373065	0.04131605	0.05040117	0.04097111	0.02926933	0.03410016	0.04542572	0.04103278	0.02968925	0.05827254	0.07139292	0.05569926	0.05741407	0.07037663	0.05159586	0.04050502	0.03688994	0.05821636	0.04971405	0.07225615	0.02772054	0.04294512	0.04283969	0.05573786	0.05543833	0.04701605	0.04336008	0.05573293	0.06033763	0.05409876	0.0504071	0.05032278	0.04285243	0.05095051	0.08459491	0.05953917	0.04817412	0.06938178	0.06800184	0.06466626	0.07032876	0.05799814	0.07246054	0.03384373	0.05099076	0.04463792	0.06859858	0.07074885	0.05753326	0.05106472	0.05521138	0.06563461	0.04293834	0.06411319	0.05257699	0.04362435	0.04350498	0.05611859	0.07164407	0.0606691	0.0547023	0.1367185	0.04339008	0.0631842	0.06156871	0.06219144	0.04387439	0.03225156	0.02727092	0.05767169	0.05207402	0.04753706	0.04362646	0.07497483	0.06181239	0.06404172	0.06331884	0.06560499	0.04591112	0.03021974	0.264535	0.1461132	0.03885695	0.04649481	0.03267743	0.04299355	0.0550095	0.03569932	0.04654617	0.0412107
27.04.2020 15:10:00	45	0.03739602	0.03753109	0.03186974	0.03819763	0.04695888	0.03829498	0.02717728	0.03144937	0.0430499	0.03797919	0.02664638	0.05575458	0.06671912	0.05325185	0.05511105	0.06657538	0.04751096	0.03711769	0.03392027	0.05459757	0.04442276	0.06833049	0.02518341	0.03843838	0.03669459	0.05127766	0.05084001	0.04363417	0.03886758	0.0527409	0.05729157	0.05070832	0.0483527	0.04644427	0.04058497	0.04650868	0.08113439	0.0550364	0.04526061	0.06520261	0.06361226	0.06199198	0.06548166	0.05401995	0.06734075	0.03156544	0.04831234	0.04146933	0.06279447	0.06629518	0.0538521	0.0467847	0.05180587	0.0619835	0.04060512	0.06054312	0.04792256	0.04113367	0.03917547	0.05294262	0.06735244	0.05822769	0.05078429	0.136855	0.03943137	0.05979956	0.05825119	0.05668274	0.04030166	0.03017367	0.02454675	0.05421276	0.04856536	0.04201919	0.04025086	0.07041781	0.05735125	0.06108901	0.06001495	0.06137065	0.04317336	0.02839687	0.2719884	0.1500947	0.03645781	0.03795687	0.029541	0.04026196	0.05042312	0.03227966	0.04401281	0.03804744
27.04.2020 18:10:00	48	0.03371935	0.03347144	0.02959104	0.03364658	0.04262001	0.0335205	0.02529206	0.02843152	0.04039843	0.03389166	0.02429916	0.05188038	0.06291848	0.05023509	0.05112781	0.06091157	0.04469092	0.03400738	0.03000318	0.05139187	0.04143137	0.06421766	0.02357141	0.03373505	0.03302884	0.04700062	0.04597494	0.0389149	0.03354147	0.04989116	0.05348307	0.04629535	0.04488593	0.04229711	0.03627414	0.04318066	0.07714624	0.05138531	0.04200019	0.05923668	0.06025548	0.05854655	0.06173247	0.04992329	0.06280042	0.02884983	0.04412929	0.03752293	0.05811239	0.06132903	0.05097294	0.04224782	0.04689921	0.05707181	0.03673892	0.05567946	0.04436601	0.03745122	0.03569951	0.04850756	0.06214158	0.05446126	0.04675511	0.1360471	0.03535653	0.05549514	0.0537467	0.05182308	0.03641839	0.02645523	0.02130583	0.04894146	0.04456591	0.03721416	0.03636962	0.06527946	0.05413302	0.05536245	0.05646105	0.05618045	0.04000467	0.02537762	0.277633	0.151362	0.03360584	0.03259344	0.02657323	0.03703392	0.04674484	0.02901584	0.03952112	0.03539866
27.04.2020 21:10:00	51	0.03049898	0.02858256	0.02778913	0.02966839	0.03897902	0.03066073	0.02369484	0.02589797	0.03661649	0.02997163	0.02125599	0.04761432	0.05875859	0.04623015	0.04710773	0.056134	0.04127236	0.03119859	0.02816656	0.04729852	0.03618678	0.05957	0.02147349	0.02973169	0.03010735	0.04179467	0.04137826	0.03469761	0.03074587	0.04645211	0.04893606	0.04264215	0.04077384	0.03800122	0.03229922	0.03950182	0.07161025	0.04862378	0.03761049	0.05316385	0.05617599	0.05493526	0.05841092	0.04682605	0.05853191	0.02634485	0.03993199	0.03384235	0.05376131	0.05662539	0.04532131	0.03820755	0.04220707	0.05396539	0.03374932	0.0521776	0.04132513	0.03518135	0.03245103	0.04455142	0.05885564	0.05044808	0.04349015	0.1327208	0.03157178	0.05099749	0.04976471	0.04763577	0.03222596	0.02322701	0.01913054	0.04292925	0.04115222	0.03249057	0.03321727	0.05999257	0.04975935	0.05183834	0.05182894	0.05176312	0.03687522	0.02332481	0.2796199	0.1522708	0.03063693	0.02847606	0.02333288	0.03211962	0.0416727	0.02672399	0.03625082	0.03345646
28.04.2020 00:10:00	54	0.02770369	0.0261831	0.02485309	0.02704706	0.03384724	0.02702181	0.02087404	0.02443497	0.03419251	0.02665225	0.01827541	0.04305847	0.05493518	0.04305266	0.0422212	0.05146958	0.03757484	0.02777779	0.0262682	0.04293517	0.03142582	0.05422982	0.01893901	0.02631127	0.02761859	0.03732264	0.03729969	0.03199579	0.02644723	0.04345397	0.04542172	0.03890195	0.03775825	0.03380181	0.03016423	0.0359208	0.06564837	0.04481295	0.03409996	0.04777525	0.05175983	0.05116042	0.05464569	0.04314836	0.05324148	0.02362635	0.03603634	0.03039337	0.04805944	0.05221023	0.04004909	0.03334354	0.03795075	0.05054628	0.03031441	0.04776293	0.0370597	0.03187747	0.02893774	0.04139368	0.05524652	0.04722989	0.03970826	0.1273418	0.02691345	0.04634203	0.04533099	0.04166664	0.02877123	0.01987242	0.01671935	0.03745207	0.0370952	0.02867775	0.02888656	0.05190901	0.04502697	0.04666084	0.04721702	0.04711808	0.03362582	0.02031132	0.2780281	0.1506464	0.02677003	0.02414726	0.02082286	0.02779088	0.03798426	0.02423923	0.03265845	0.02966413
28.04.2020 03:10:00	57	0.02432149	0.02329935	0.02221154	0.02402822	0.03094068	0.02338189	0.01856246	0.02195815	0.02976482	0.02276618	0.01588764	0.03860079	0.04936428	0.03879077	0.03829186	0.04771734	0.03371805	0.02498381	0.02346949	0.03790511	0.02854988	0.04976511	0.01709187	0.02367065	0.02417437	0.0325064	0.03322282	0.02923337	0.02332799	0.04015772	0.04151982	0.03495632	0.03396664	0.03073286	0.02636839	0.03198616	0.05978519	0.04120268	0.03112527	0.04410535	0.04629264	0.04601291	0.05085257	0.03952847	0.04846738	0.0207152	0.03154485	0.02728323	0.0410158	0.04726188	0.03734693	0.03030684	0.03425855	0.04544343	0.02749122	0.04438636	0.03439608	0.02976985	0.02517792	0.03750096	0.04976947	0.04328023	0.03662717	0.1229359	0.02361837	0.04189849	0.03996086	0.03828632	0.02531907	0.0180018	0.01420805	0.03130138	0.03184743	0.02537108	0.02491945	0.04643258	0.04147303	0.04190671	0.04228698	0.04209444	0.02989721	0.01763789	0.2775617	0.1481095	0.0249432	0.02089781	0.01804169	0.02530481	0.03455849	0.02178086	0.02913449	0.02792139
28.04.2020 06:10:00	60	0.02183286	0.01945102	0.0198576	0.02035841	0.02818753	0.02008914	0.01652129	0.01965389	0.02556866	0.01966667	0.01383531	0.03553707	0.04542689	0.03597336	0.03440025	0.04313266	0.02997012	0.02263835	0.02130411	0.03288914	0.02505381	0.04631091	0.01551785	0.02044356	0.02133019	0.02849752	0.02863794	0.02618336	0.01992187	0.03667342	0.03773731	0.03193519	0.03005125	0.02690197	0.02359636	0.02897573	0.05403687	0.03800969	0.0279344	0.03984075	0.04188745	0.0415401	0.04593279	0.03417888	0.0436295	0.01887544	0.02750515	0.02387807	0.0355682	0.04338464	0.03295202	0.02642899	0.03090542	0.04169408	0.02475956	0.04015656	0.03132728	0.0273201	0.02267119	0.03426859	0.04568056	0.03951585	0.03334228	0.1175746	0.01999705	0.03809486	0.03616053	0.03367587	0.0232576	0.01551999	0.01130614	0.02788918	0.02694712	0.021996	0.02236054	0.04118786	0.03897558	0.03820177	0.03906044	0.03679347	0.02621271	0.01488156	0.2742964	0.1462069	0.02294432	0.01845154	0.01580232	0.02189827	0.03112379	0.01895344	0.02643496	0.02541203
28.04.2020 09:10:00	63	0.01917782	0.01708979	0.01784613	0.01730299	0.02562539	0.0176872	0.01497199	0.01762288	0.02180147	0.01744065	0.01217459	0.03250916	0.04049015	0.03166956	0.03067731	0.03936264	0.0273081	0.02066384	0.0189783	0.02925357	0.02235058	0.04245519	0.01354719	0.01788257	0.01922885	0.02522842	0.02511087	0.02322012	0.01760797	0.0333651	0.03409784	0.02768281	0.02711213	0.02399988	0.02060365	0.02556049	0.04896737	0.0340169	0.02547801	0.03626475	0.03787051	0.03785401	0.04170004	0.03088627	0.03946571	0.01686454	0.0240991	0.02213262	0.03214798	0.0388702	0.03024068	0.02376853	0.02810347	0.03634438	0.02291034	0.03551637	0.02732583	0.02483778	0.02084	0.03035474	0.0419939	0.0360857	0.02975873	0.1113829	0.01737824	0.03458589	0.03312324	0.02948741	0.02018508	0.01399644	0.0093329	0.02512598	0.02383953	0.01912438	0.01975757	0.03787729	0.03658425	0.03462977	0.03591652	0.03302827	0.02321954	0.01306402	0.271295	0.1425689	0.0207086	0.0169691	0.01414806	0.01929912	0.02650943	0.01718815	0.02359758	0.02278005
28.04.2020 12:10:00	66	0.01699252	0.01485412	0.01535411	0.01417801	0.02264786	0.01601014	0.01350255	0.01601043	0.02000996	0.01606697	0.01072345	0.02963045	0.03603979	0.02762112	0.02778491	0.03654567	0.02500836	0.01870371	0.01715606	0.02620896	0.01887345	0.03753465	0.01160617	0.01548959	0.0164998	0.02204764	0.02246264	0.02022713	0.01607668	0.02866461	0.03070009	0.02529277	0.02372782	0.0209789	0.01852407	0.02322854	0.04452401	0.03005251	0.02248131	0.03214906	0.03377094	0.03375165	0.0371991	0.02674353	0.03490166	0.01373618	0.02166973	0.02040035	0.02839046	0.03420545	0.02701742	0.02145605	0.02507115	0.03274516	0.02009842	0.03080416	0.02370134	0.02265184	0.01952592	0.02605626	0.03835857	0.03301682	0.02729223	0.105377	0.01564715	0.0316887	0.03065866	0.02688547	0.01799878	0.01288282	0.008136766	0.02187911	0.02133695	0.01619252	0.01725189	0.03313132	0.03406471	0.03123524	0.03270089	0.02966392	0.0197026	0.01141379	0.263954	0.1383786	0.01876843	0.0135974	0.01214657	0.01700012	0.02363369	0.01565035	0.02128623	0.01981853
28.04.2020 15:10:00	69	0.01546949	0.01316425	0.01335636	0.01269235	0.02030053	0.0145898	0.01241934	0.01486899	0.01808942	0.01457412	0.009667244	0.02738033	0.03321519	0.02578445	0.02514116	0.03339927	0.02244172	0.01684166	0.01599062	0.02335514	0.01662012	0.03370703	0.01101569	0.01339066	0.01510268	0.01917708	0.01983196	0.01748049	0.0146384	0.02614303	0.0284246	0.02235781	0.02188988	0.01882587	0.01601875	0.02066055	0.04087847	0.02669314	0.02052202	0.02908669	0.02936802	0.02995999	0.03412553	0.02384141	0.03079795	0.01217032	0.01946466	0.01835321	0.02557248	0.0315989	0.02466961	0.01965233	0.02346269	0.03038101	0.0186058	0.02854227	0.02171596	0.02036005	0.01757206	0.02396084	0.03391923	0.02973713	0.02479725	0.09834027	0.0136293	0.02876013	0.02732023	0.02441743	0.01680099	0.01126572	0.006943339	0.01953529	0.01882369	0.01404068	0.01535553	0.02918299	0.03136334	0.02810288	0.02980625	0.02756625	0.01779287	0.01031272	0.2590609	0.1304567	0.01702703	0.01263774	0.01088626	0.01461024	0.02044418	0.0135685	0.01906933	0.01794193
28.04.2020 18:10:00	72	0.01393451	0.01168797	0.01163291	0.01156813	0.01873648	0.01249148	0.01128122	0.01323427	0.01633063	0.01270335	0.008603937	0.02492819	0.03153476	0.02341512	0.02259746	0.03079246	0.02096292	0.01537629	0.01454991	0.02151071	0.01444952	0.03022413	0.01015275	0.0123898	0.01341189	0.01711562	0.01861285	0.0159344	0.01336654	0.02410424	0.02582499	0.02030928	0.01986802	0.01684421	0.01404259	0.0184787	0.03766125	0.02371256	0.01764476	0.0269347	0.02583823	0.02717824	0.03120032	0.02079575	0.02785042	0.01088026	0.01750252	0.01669271	0.02268107	0.02963879	0.02263786	0.01783782	0.02176188	0.02793592	0.01681282	0.02633305	0.01998091	0.01785748	0.01645856	0.02158862	0.03099781	0.02737866	0.02213887	0.09259332	0.01179619	0.02551088	0.02465697	0.02219708	0.01534322	0.009997794	0.006241972	0.01781917	0.01589001	0.01259207	0.01347669	0.02728513	0.02757162	0.0252698	0.02665943	0.02493512	0.0158251	0.009079429	0.2526813	0.1237094	0.01616228	0.01147876	0.009621633	0.01317425	0.01821259	0.01259231	0.01715212	0.01508505
