Vessel Name: 19062020_InCu_KaKr_KK1-78_P7_9
Metric: RFP Integrated Intensity / GFP Integrated Intensity
Cell Type: 
Passage: 0
Notes: 
Analysis: KaKr-A549-H2B-GFP/-RFP_DEFv10

Date Time	Elapsed	MSR1	MT1H	MT1HL1	MT1M	MT2A	MX1	MX2	MYCL	MYD88	NCOA7	NEXN	NKX3-1	NMI	NT5C3A	NUPR1	OAS1	OAS2	OAS3	OASL	OGFR	P2RY14	PALM2-AKAP2	PAQR8	PARP10	PARP11	PARP12	PARP14	PARP9	PCDH17	PDCD1LG2	PDZD2	PGAP1	PHF11	PID1	PIWIL4	PLEKHA4	PLSCR1	PLXDC2	PMAIP1	PNPT1	POLD1	POLI	PPM1K	PSMB8	PSMB9	PTAFR	RAI14	RARRES3	RASA2	RASGEF1B	RASGRP3	RGL1	RGS1	RHBDD2	RIN2	RNF213	RSAD2	RTCB	RTP4	RUFY4	S100A4	SAMD9	SAMD9L	SAMHD1	SDS	SECTM1	SERPINA1	SERPINB13	SERPINB3	SERPINB4	SERPING1	SIGLEC1	SLAMF7	SLC11A1	SLC15A3	SLC16A10	SLC1A5	SLC25A28	SLFN12L	SLFN5	SOCS1	SP100	SP110	SREK1IP1	C1 (Mx2)	C2 (STAT1)	C3 (MAVS)	C4 (BST2)	C5 (EIF2AK2)	C6 (RSAD2)	C7 (NTC1)	C8 (NTC2)	C9 (NTC3)	C10 (NTC4)	C11 (NTC5)
19.06.2020 10:52:00	0	9,138429E-05	2,84879E-05	8,710077E-05	3,246019E-05	0,0008001495	2,539037E-05	2,430683E-05	2,551863E-05	2,757711E-05	2,563622E-05	3,074436E-05	2,638291E-05	2,53999E-05	3,053196E-05	2,959967E-05	2,839023E-05	2,777612E-05	2,943549E-05	3,298067E-05	2,626517E-05	3,273517E-05	0,0001184423	3,185702E-05	2,80717E-05	2,827845E-05	3,321129E-05	3,430411E-05	3,253277E-05	6,638985E-05	2,879974E-05	2,48806E-05	2,898295E-05	2,977761E-05	6,176736E-05	3,013806E-05	2,982159E-05	0,0001411353	2,857848E-05	3,205346E-05	2,893028E-05	2,897922E-05	2,827294E-05	0,1149917	3,110262E-05	 	 	 	 	0,0004936953	3,373732E-05	2,929592E-05	3,079485E-05	8,200272E-05	3,140842E-05	3,144415E-05	0,0002313004	3,51678E-05	3,236124E-05	3,576239E-05	2,504999E-05	3,105194E-05	3,245326E-05	6,945548E-05	3,27489E-05	3,361071E-05	3,107769E-05	0,003901791	0,4293787	 	 	 	 	0,0007185161	2,924202E-05	3,613705E-05	3,279807E-05	3,939557E-05	3,404219E-05	3,37846E-05	3,862394E-05	3,443345E-05	4,17842E-05	4,083966E-05	3,539577E-05	0,0006245387	8,197295E-05	3,737899E-05	4,07085E-05	3,93339E-05	3,587316E-05	3,580613E-05	3,965351E-05	3,881479E-05	0,0001831253	5,555239E-05
19.06.2020 13:52:00	3	2,320886E-05	2,682913E-05	7,322468E-05	3,104649E-05	0,0007397149	2,381705E-05	2,296166E-05	2,425813E-05	2,240391E-05	2,273785E-05	2,786765E-05	2,389779E-05	2,209197E-05	2,901241E-05	2,681958E-05	2,589363E-05	2,579268E-05	2,580323E-05	3,04189E-05	2,463222E-05	8,859092E-05	0,000110711	2,798376E-05	2,728598E-05	2,621891E-05	3,184452E-05	2,834128E-05	2,830437E-05	5,861929E-05	2,726134E-05	2,364294E-05	2,757781E-05	2,616984E-05	5,426963E-05	2,81566E-05	2,784691E-05	0,0001319365	2,649189E-05	2,936589E-05	2,539196E-05	2,601089E-05	2,66813E-05	0,09715509	3,053422E-05	 	 	 	 	0,0004106976	2,972788E-05	2,785617E-05	3,025745E-05	7,808754E-05	2,822064E-05	2,760537E-05	0,0002208273	3,306124E-05	3,17069E-05	3,128999E-05	2,560414E-05	2,802774E-05	3,138166E-05	3,047959E-05	2,868699E-05	3,209728E-05	2,71086E-05	0,003618034	0,376949	 	 	 	 	0,0006842874	2,873404E-05	0,0001465046	2,950254E-05	3,508945E-05	2,946783E-05	3,018539E-05	3,623984E-05	3,491114E-05	3,852914E-05	4,107573E-05	3,261455E-05	0,0005580082	7,58007E-05	3,03199E-05	3,989688E-05	3,806783E-05	3,109165E-05	3,111812E-05	3,387136E-05	3,944748E-05	0,0001812882	5,426025E-05
19.06.2020 16:52:00	6	0,0007529662	0,001132907	0,0005057126	0,0003057842	0,0009036575	0,000341041	0,0006578873	0,0002407052	0,0004357179	0,0006259742	0,0005325095	0,0003986036	0,0003051553	0,0008348582	0,0005279771	0,0006963954	0,001026686	0,001172887	0,0006095308	0,0001023446	0,0005570993	0,0006328667	0,0005773307	0,0006676161	0,0003954252	0,000845984	0,0006670217	0,0004873156	0,0009581763	0,0008213839	0,0007487354	0,0006317064	0,0004653423	0,0005931743	0,0004779936	0,0005007572	0,0009910804	0,0006121954	0,0006490487	0,0009090391	0,0009424568	0,0003474035	0,09791221	0,0007371674	 	1,06847	 	 	0,0007792457	0,0007701777	0,0009360996	0,000262205	0,0008266368	0,0009535759	0,0008155342	0,0005554262	0,001078171	0,0006620801	0,0007698175	0,0005653121	0,0003896365	0,0005873292	0,0009883386	0,0003971966	0,0004136103	0,0002523211	0,003527456	0,3754186	 	 	 	 	0,001296852	0,0004232386	0,0008730761	0,0004803708	0,00033346	0,00022332	0,0003725367	0,000822656	0,0006683633	0,0004731935	0,0005432001	0,0009063183	0,0009333636	0,001239493	0,0003490838	0,0006018556	0,006496728	0,0004414145	0,0003315557	0,0009588141	0,0003744608	0,0006427242	0,0005111836
19.06.2020 19:52:00	9	0,008384062	0,01126445	0,009123823	0,008778536	0,007193355	0,008202084	0,009460581	0,00888736	0,008689734	0,01062705	0,01194942	0,0107337	0,00938885	0,01174319	0,0113452	0,01128521	0,01189529	0,02914608	0,009027081	0,007975267	0,009734466	0,009982496	0,01233413	0,01017611	0,01009585	0,01148934	0,01306255	0,01024316	0,01350622	0,0115513	0,0106089	0,0103709	0,01063388	0,01042483	0,01238506	0,01135978	0,01200042	0,01031375	0,01032684	0,01231299	0,01260456	0,007025559	0,08453643	0,01282112	 	 	3,820047	 	0,009559317	0,01002215	0,009989399	0,01173548	0,01114603	0,01259674	0,01007205	0,008976227	0,01202605	0,0125668	0,01226598	0,0107181	0,008497538	0,01179073	0,01218112	0,009701714	0,01066766	0,009206576	0,003340651	0,3676078	 	 	 	 	0,01308287	0,01075752	0,01140377	0,01130045	0,007226998	0,008076509	0,00961624	0,009748227	0,01081054	0,009709701	0,00961954	0,007853859	0,009278392	0,009958335	0,009346514	0,00943285	0,05523087	0,009053412	0,007721259	0,0105886	0,01118902	0,008467336	0,009615506
19.06.2020 22:52:00	12	0,0298931	0,03549505	0,03159593	0,03034762	0,0273635	0,02606724	0,02971734	0,03071321	0,02734043	0,03487078	0,03828733	0,03530044	0,03445825	0,03677216	0,04070244	0,03867219	0,0403509	0,1126846	0,03108516	0,03009574	0,03713642	0,03419025	0,03943009	0,03507824	0,03550534	0,03865699	0,04047842	0,03799652	0,04026462	0,03754817	0,03325954	0,03352056	0,03630624	0,03408177	0,04092883	0,03855031	0,03748614	0,03302597	0,03430548	0,03694982	0,04007396	0,0264651	0,08616473	0,03919762	 	 	 	 	0,03366502	0,03635056	0,03598126	0,03691434	0,03803596	0,03928858	0,03543826	0,03223745	0,04070704	0,04097332	0,03864462	0,03308384	0,03342435	0,03545114	0,03984759	0,03531572	0,03635518	0,03493125	0,02303945	0,3701293	 	 	 	 	0,03875605	0,03663177	0,03565736	0,03856862	0,03119257	0,03341454	0,03562185	0,03575404	0,03315366	0,03854524	0,03446786	0,02917723	0,02927565	0,03624009	0,03339773	0,03368669	0,1342413	0,03060091	0,02904204	0,03249516	0,0345581	0,0297009	0,03200509
20.06.2020 01:52:00	15	0,05869744	0,06754983	0,06441707	0,05999956	0,05473044	0,05349243	0,05808241	0,05974692	0,0556267	0,0666647	0,07634436	0,07006779	0,06547809	0,06872403	0,07637373	0,07541039	0,07878168	0,2531736	0,06117797	0,06140354	0,07423192	0,0658731	0,0763211	0,0709464	0,0713765	0,0710738	0,07787263	0,07521855	0,07361811	0,07127183	0,06134991	0,06447092	0,07351857	0,06851384	0,07565647	0,07233957	0,06957119	0,06526279	0,06755935	0,07163645	0,07527431	0,05714614	0,07857946	0,07866247	 	 	 	 	0,06658962	0,07060724	0,06841739	0,07237504	0,07352047	0,07228349	0,06917842	0,06102214	0,08071187	0,08199984	0,07116991	0,06419772	0,06468669	0,0678275	0,07388402	0,06827789	0,06844223	0,07202084	0,03889992	0,3655048	 	 	 	 	0,07088357	0,07173289	0,07387147	0,07326071	0,06412366	0,06885996	0,06813656	0,07040199	0,06999427	0,07427151	0,06885578	0,05615084	0,05818135	0,07195015	0,06825969	0,06844627	0,206952	0,06040203	0,0581562	0,06333762	0,06372952	0,0605887	0,06891581
20.06.2020 04:52:00	18	0,08982229	0,1018367	0,09723736	0,09266676	0,08274141	0,08423281	0,09096212	0,09185068	0,08673412	0,1050474	0,1180227	0,1101902	0,09785617	0,1012739	0,1147211	0,1137949	0,1192386	0,430813	0,0977408	0,098881	0,1126951	0,1008422	0,1110325	0,1065727	0,1061927	0,1048646	0,1123914	0,1103995	0,1067177	0,1030251	0,08838566	0,09489145	0,1078177	0,1026132	0,1136406	0,1063224	0,1022545	0,09713648	0,1043385	0,1057551	0,1087319	0,09333703	0,0992123	0,1147508	 	 	 	 	0,1002266	0,1039507	0,09984217	0,1088612	0,1072326	0,105157	0,105265	0,09155761	0,1221538	0,123976	0,1050276	0,09771295	0,09563194	0,1009155	0,1086599	0,1003146	0,100808	0,1089992	0,0557565	0,3626789	 	 	 	 	0,1051033	0,1056488	0,1109502	0,1099399	0,1005482	0,1051618	0,1015751	0,1083262	0,1046017	0,1126954	0,1034845	0,08460627	0,09180914	0,1092132	0,1068457	0,105541	0,2651902	0,09050727	0,08463903	0,09619542	0,09758804	0,09659399	0,1085113
20.06.2020 07:52:00	21	0,1197448	0,133597	0,1277553	0,1229502	0,1095113	0,1129659	0,1227893	0,1214033	0,116744	0,1429403	0,1543513	0,1480623	0,1279453	0,1276161	0,1490352	0,1470502	0,1535506	0,6204682	0,1289578	0,1342529	0,1464792	0,130006	0,1436419	0,1381082	0,1363613	0,133525	0,142477	0,1450686	0,1373653	0,132849	0,1141696	0,1218934	0,1402029	0,1333043	0,1482443	0,1383154	0,1337088	0,1245013	0,1390756	0,1365121	0,1374794	0,1302986	0,0871089	0,1469693	 	 	 	 	0,1326637	0,1351316	0,1304003	0,1409887	0,1340792	0,1313504	0,1369645	0,1210415	0,1562301	0,1614586	0,1366056	0,1282116	0,1259561	0,1309043	0,1404286	0,1302836	0,1281585	0,1445114	0,06138853	0,3937984	 	 	 	 	0,1345587	0,1379904	0,1427564	0,1405736	0,1338952	0,1400399	0,1360359	0,1399918	0,1361658	0,1513164	0,1353336	0,1108767	0,1229412	0,1483667	0,1433948	0,1401189	0,3090968	0,119785	0,1109492	0,1254671	0,1283112	0,1281927	0,1431109
20.06.2020 10:52:00	24	0,1438629	0,1595345	0,1535959	0,1477973	0,1331831	0,1381878	0,1499196	0,1469831	0,1422008	0,1721896	0,1821211	0,1799768	0,1540883	0,1492419	0,1784548	0,1736283	0,1850979	0,8143405	0,1552115	0,1619832	0,1735021	0,1537545	0,1689214	0,1622529	0,1623196	0,1576981	0,168948	0,1725014	0,1612461	0,1562273	0,1357449	0,1440195	0,1672443	0,1559796	0,1747329	0,1660576	0,1614511	0,1488344	0,1638765	0,1600436	0,1631245	0,1645988	0,4659798	0,1741541	 	 	 	 	0,1576792	0,1594846	0,153919	0,1703038	0,1577383	0,1551431	0,1630313	0,1423753	0,1856042	0,1947553	0,1613121	0,1531074	0,1499759	0,1541528	0,1692373	0,1531804	0,1526456	0,1724286	0,08634528	0,400966	 	 	 	 	0,1611395	0,1626518	0,1738465	0,164911	0,1622703	0,1705579	0,1659151	0,1676469	0,1614936	0,1816563	0,1641823	0,1324523	0,1486883	0,1845933	0,179247	0,1720991	0,33705	0,1429613	0,1348774	0,1542538	0,154761	0,1563457	0,1723107
20.06.2020 13:52:00	27	0,1612704	0,1765227	0,1741237	0,1648519	0,150276	0,1557705	0,1692412	0,1666734	0,1612247	0,1958102	0,2048955	0,2014169	0,1732305	0,1641093	0,2010109	0,1948278	0,2054494	1,013771	0,1792526	0,1836584	0,1931044	0,1716226	0,1868381	0,1783182	0,1789721	0,1768439	0,1892565	0,1925579	0,1783332	0,1730946	0,1499152	0,1602116	0,1874601	0,1733812	0,1949654	0,1865073	0,183281	0,166652	0,1831306	0,1780506	0,1792236	0,1910016	0,7113544	0,1911341	 	 	 	 	0,175599	0,1781227	0,1712398	0,1870434	0,1763904	0,1703723	0,1816897	0,1554135	0,2060323	0,2197829	0,176947	0,1701801	0,1691685	0,1746873	0,1880648	0,1708475	0,1721322	0,194493	0,1043327	0,4202338	 	 	 	 	0,1792767	0,1778818	0,1960271	0,1850706	0,1837232	0,1942592	0,1872124	0,1896912	0,1806233	0,2050716	0,1835553	0,1489778	0,1686202	0,2167861	0,2100845	0,1974118	0,3481675	0,15596	0,1518467	0,1753859	0,1700348	0,1770152	0,1933897
20.06.2020 16:52:00	30	0,172314	0,1881662	0,1851106	0,1777359	0,1577983	0,1674024	0,1845148	0,1810961	0,1755603	0,2113332	0,2183464	0,2176796	0,1840044	0,1720234	0,2162912	0,2087162	0,2222516	1,191934	0,1963115	0,1971683	0,207772	0,1818157	0,2019943	0,19	0,1898302	0,1862249	0,2022255	0,2038725	0,192589	0,1847201	0,1604292	0,1696423	0,2027553	0,184712	0,2083505	0,2000682	0,1972626	0,178482	0,1979352	0,1853733	0,1903797	0,2112572	0,7382177	0,2039592	 	 	 	 	0,1886001	0,1882359	0,182381	0,1995384	0,1878544	0,1793428	0,1951082	0,1655789	0,2206924	0,2374201	0,1904828	0,1811019	0,1800256	0,1845593	0,1975867	0,1833677	0,1825751	0,2072107	0,1165559	0,4158759	 	 	 	 	0,1886291	0,1892713	0,2125905	0,1966195	0,194307	0,208635	0,2028178	0,2052403	0,1952201	0,2195319	0,1986057	0,1592881	0,1847498	0,2415526	0,2342579	0,2157885	0,3459539	0,1649847	0,1653881	0,1911554	0,1832807	0,1927778	0,2082135
20.06.2020 19:52:00	33	0,1763458	0,1944376	0,190439	0,1856966	0,1626775	0,1706104	0,1927497	0,1893608	0,1829046	0,2234127	0,2283822	0,2288938	0,1883324	0,1777011	0,2264543	0,2169467	0,2325974	1,359944	0,2077858	0,2079536	0,2195611	0,191485	0,2124819	0,1980429	0,1946778	0,1957398	0,2099198	0,2130557	0,2011357	0,1921498	0,1646728	0,1729679	0,2133134	0,1926861	0,2164159	0,2079001	0,2045724	0,1835366	0,2101819	0,1913339	0,1969538	0,2255571	0,7680633	0,21085	 	 	 	 	0,1956502	0,1923157	0,1883475	0,2049843	0,1957128	0,1861343	0,2005646	0,1722327	0,2297188	0,2514051	0,1940692	0,1884946	0,1879992	0,1918294	0,204715	0,1896231	0,1901295	0,2169328	0,1381528	0,383453	 	 	 	0,2505175	0,1963552	0,1972514	0,2212633	0,2062665	0,2016979	0,2200661	0,2113474	0,2136967	0,2047807	0,2319121	0,2099012	0,1643917	0,1916521	0,2586718	0,2532517	0,2254564	0,3356984	0,1713794	0,1720029	0,1995786	0,1899064	0,2003767	0,2201433
20.06.2020 22:52:00	36	0,1741485	0,1957553	0,1949991	0,1915441	0,1658375	0,1745549	0,1957185	0,1947425	0,1886446	0,2296364	0,2344572	0,2371332	0,1927012	0,1768322	0,2322502	0,2227369	0,2384648	1,520132	0,2128576	0,2125094	0,225534	0,1936855	0,2160857	0,202274	0,1949715	0,1960806	0,213129	0,2200844	0,2045464	0,1947333	0,1646837	0,1734841	0,2174538	0,1954408	0,2191921	0,2136671	0,2095525	0,1850749	0,2132237	0,1929792	0,1973684	0,2359027	0,8356763	0,2147002	0,5565522	 	4,691543	 	0,1961822	0,1920132	0,1906989	0,207672	0,1979731	0,188637	0,2041061	0,1740812	0,2368015	0,262829	0,1950583	0,1924251	0,1925853	0,1961942	0,2078545	0,192498	0,192228	0,2210016	0,1700374	0,4010807	 	 	 	0,05811983	0,2005163	0,1998465	0,2264393	0,2096417	0,2033196	0,225015	0,2127421	0,2230933	0,2077635	0,2381009	0,2135877	0,1668364	0,1962252	0,2705528	0,2679932	0,2345615	0,3126405	0,1738488	0,1761562	0,2035477	0,1925108	0,2054127	0,2223476
21.06.2020 01:52:00	39	0,1719703	0,1938498	0,1954223	0,192748	0,1646625	0,1724942	0,198575	0,1973674	0,1884368	0,2307426	0,2375542	0,2364246	0,1914576	0,1776826	0,232299	0,2239772	0,2415427	1,657298	0,2167314	0,2130022	0,2261839	0,1944984	0,2172873	0,2063068	0,1929693	0,1936659	0,2158645	0,2252734	0,2046702	0,1933773	0,1640763	0,1710387	0,2158872	0,1958362	0,2210622	0,2116578	0,2081992	0,1819574	0,2143566	0,1905237	0,1962882	0,2420415	0,8597245	0,2119206	 	 	 	 	0,1941133	0,191992	0,1893031	0,2084349	0,1976261	0,1888829	0,2042447	0,174248	0,2361679	0,2719475	0,1947583	0,1935173	0,1939653	0,1984748	0,207501	0,1941718	0,1948483	0,2219047	0,2006793	0,3685301	 	 	 	0,05719886	0,1999661	0,201839	0,227535	0,2128843	0,2065828	0,2256371	0,2142761	0,2259286	0,2038195	0,238362	0,218654	0,1659904	0,1986428	0,277876	0,2772573	0,2415975	0,2962064	0,1748282	0,1739346	0,200072	0,1918006	0,2070048	0,2227933
21.06.2020 04:52:00	42	0,1682729	0,1922231	0,192636	0,1918388	0,1627333	0,167644	0,1982811	0,1965127	0,1871016	0,2285319	0,2357224	0,2331062	0,1889001	0,1746612	0,231764	0,2234263	0,2411215	1,769661	0,2145004	0,2084412	0,2268346	0,1932796	0,2177799	0,2051056	0,1902745	0,1934087	0,2161355	0,226838	0,2033263	0,1913253	0,1618276	0,1685335	0,2123986	0,1931038	0,2196853	0,2054148	0,2059269	0,1771361	0,2133459	0,1861964	0,1931389	0,2450223	0,9033793	0,2075402	 	 	 	 	0,1916985	0,1886331	0,1862569	0,2083746	0,1936344	0,1858605	0,2023302	0,1711719	0,2361762	0,2735566	0,1940848	0,1911503	0,1915459	0,1975096	0,2059122	0,194697	0,1920165	0,2217346	0,2024183	0,4124962	 	 	 	0,05773721	0,1985097	0,1988751	0,2259427	0,2127729	0,2042766	0,2237104	0,2152761	0,2271805	0,200926	0,2360934	0,2188442	0,1641121	0,196497	0,2823288	0,2874303	0,2425024	0,2782767	0,1726271	0,17095	0,1970442	0,1889231	0,2078634	0,2207088
21.06.2020 07:52:00	45	0,161981	0,1868054	0,1886046	0,1883152	0,1604131	0,1613307	0,1957201	0,1945222	0,1855565	0,2241559	0,2318894	0,2288163	0,1830492	0,1727258	0,2293719	0,2205166	0,2349327	1,870932	0,207573	0,2039728	0,2214448	0,1896231	0,2128945	0,1986233	0,1870101	0,1874668	0,2114148	0,2248704	0,1994504	0,1856604	0,1563344	0,1651418	0,2100074	0,1907258	0,2162346	0,1990027	0,2015025	0,1729367	0,2100772	0,1797291	0,1896705	0,2431939	0,8075475	0,2025844	 	 	 	 	0,1878165	0,1861985	0,184478	0,2017197	0,192524	0,1796276	0,2001472	0,1660201	0,2330074	0,2732658	0,1917935	0,1863108	0,1843407	0,1942429	0,2035278	0,1914988	0,1895283	0,2191539	0,2017604	0,3705721	 	 	 	0,0331867	0,194187	0,196759	0,2231826	0,2104328	0,2036607	0,2211978	0,2115413	0,2211808	0,1966015	0,2304252	0,2155762	0,1607797	0,1909368	0,2817302	0,2942958	0,2387551	0,2595131	0,1683275	0,1672485	0,1925959	0,1861549	0,2047144	0,217874
21.06.2020 10:52:00	48	0,1550895	0,180332	0,1834201	0,1829859	0,1573527	0,1531131	0,1902769	0,1906233	0,1811103	0,2184744	0,227492	0,2212915	0,1736305	0,1704379	0,2260465	0,2179932	0,2311806	1,954485	0,2056312	0,2017417	0,2179195	0,1862915	0,2087913	0,1942562	0,1805063	0,1813629	0,2087681	0,2218471	0,1963751	0,1822915	0,1517058	0,1584161	0,2066811	0,1868044	0,2096583	0,1946739	0,1955846	0,1681406	0,2063643	0,172222	0,1805762	0,2414961	0,8862632	0,199845	 	 	 	 	0,1831147	0,1809258	0,1820673	0,1959386	0,1912084	0,1747192	0,1949838	0,1603562	0,2240793	0,2724527	0,186565	0,1793293	0,1810782	0,1906462	0,1998333	0,1857456	0,1843147	0,2166158	0,2020388	0,4124271	 	 	 	0,02639314	0,1870994	0,1930527	0,2216847	0,207471	0,1998449	0,2175153	0,2072631	0,2157598	0,1928172	0,2265021	0,2060495	0,1561394	0,1863776	0,2798382	0,2930798	0,2375634	0,2386171	0,1643385	0,1617627	0,1882704	0,1823461	0,2008075	0,2120601
21.06.2020 13:52:00	51	0,1449334	0,1731353	0,175905	0,1803133	0,1526684	0,1444104	0,1843995	0,1864157	0,1761055	0,2140327	0,22467	0,2167603	0,1647004	0,1653486	0,222994	0,2161413	0,2265106	2,026257	0,1987441	0,197279	0,2120457	0,18196	0,2015686	0,18956	0,1778755	0,1770372	0,2037046	0,2174614	0,1942335	0,1799541	0,1464697	0,1522672	0,2005117	0,1797066	0,2017348	0,1895977	0,1881842	0,1667126	0,2020181	0,1668719	0,1746604	0,2395941	0,9448801	0,1934153	 	 	3,251585	 	0,1738801	0,174585	0,1746099	0,1909102	0,1891764	0,1679951	0,1856995	0,1532648	0,2213385	0,269738	0,1776305	0,1716774	0,1774061	0,1841702	0,1971245	0,1805439	0,1777212	0,2136801	0,1986753	0,3880848	 	 	 	0,03239005	0,182008	0,191126	0,2183832	0,2028007	0,1969049	0,21202	0,19909	0,2134135	0,1870393	0,2189801	0,1991213	0,1475813	0,179903	0,2798753	0,2931165	0,2366001	0,215916	0,1595951	0,1564126	0,1819325	0,1759603	0,1971681	0,2081319
21.06.2020 16:52:00	54	0,1385461	0,1686965	0,1696354	0,1750327	0,1453971	0,1387674	0,1810191	0,1794043	0,1694749	0,2062193	0,2156997	0,2123123	0,1602312	0,1603674	0,2161468	0,2100253	0,2176484	2,08145	0,1934909	0,1881886	0,2062334	0,1755856	0,1958779	0,1820211	0,1722837	0,1718375	0,1945929	0,2130307	0,1893344	0,173255	0,1397411	0,1445896	0,1953622	0,1737079	0,1964086	0,1817318	0,1819187	0,1636969	0,1943447	0,162017	0,1703353	0,2367792	0,9940609	0,1863534	 	 	 	 	0,1672559	0,1699556	0,1716191	0,1853334	0,1810291	0,1639209	0,1814943	0,1460922	0,2150471	0,2687625	0,1735268	0,1666608	0,1703072	0,1812242	0,1913798	0,1772479	0,170567	0,2070718	0,1965282	0,3893104	 	 	 	0,03029047	0,17785	0,1855629	0,2149711	0,1970573	0,1897727	0,2092485	0,1899911	0,2068899	0,179995	0,2155641	0,1929315	0,1433674	0,1738431	0,2789693	0,2937281	0,2307308	0,199376	0,1549239	0,1516678	0,1754815	0,1703288	0,1900275	0,204614
21.06.2020 19:52:00	57	0,1330009	0,1644928	0,1655724	0,1671393	0,1386857	0,1315891	0,1766366	0,1725938	0,1633807	0,2010694	0,2100362	0,2056232	0,1545568	0,1536116	0,2110714	0,20463	0,2140913	2,129003	0,185511	0,1824732	0,2020195	0,1707463	0,1881473	0,1738494	0,166822	0,1647618	0,1883302	0,2060673	0,1857406	0,1667307	0,1322964	0,1379152	0,1887646	0,1688211	0,1931799	0,1774094	0,1760183	0,1573023	0,1904988	0,1550056	0,1649328	0,2311368	0,9298374	0,1815001	 	 	 	 	0,1581024	0,1625623	0,1648674	0,1764074	0,1693638	0,1596272	0,1745842	0,1376222	0,2042067	0,265305	0,1675617	0,1593802	0,1673465	0,1740676	0,1874398	0,1721465	0,1651695	0,2008266	0,1924031	0,1435252	 	 	 	0,03311417	0,1718114	0,1779117	0,209928	0,1910589	0,1836798	0,2021799	0,1776901	0,2018219	0,1721864	0,2095316	0,1867832	0,1382636	0,1695492	0,2747769	0,2911083	0,2250369	0,1798127	0,1496632	0,1434204	0,1677361	0,1640212	0,1836627	0,1960417
21.06.2020 22:52:00	60	0,1269826	0,1579472	0,163514	0,161572	0,1338869	0,1263682	0,1700544	0,1657124	0,155772	0,1935193	0,2039016	0,1963135	0,1509368	0,1483006	0,206477	0,1960444	0,2077039	2,169863	0,1779702	0,1761213	0,1987442	0,1636668	0,182217	0,1664066	0,1606578	0,1583059	0,1820765	0,2031983	0,1811998	0,161275	0,1249687	0,1325225	0,1813379	0,1642296	0,1850633	0,1738695	0,1674441	0,1520114	0,1855977	0,1500288	0,1589667	0,2286893	0,8899263	0,1741217	 	 	 	 	0,1501317	0,1551602	0,1544316	0,1704393	0,1638088	0,1532719	0,1675462	0,1333227	0,1990817	0,2587739	0,1606162	0,1517358	0,1610108	0,1663835	0,1838413	0,1665143	0,1593085	0,1939271	0,1957743	0,4046054	 	 	 	0,03762318	0,1657508	0,1717933	0,2051273	0,1844639	0,1772504	0,1956703	0,1704416	0,1946991	0,1677103	0,2008131	0,1797528	0,1323285	0,1654858	0,2700033	0,2910689	0,2224294	0,1659033	0,1459053	0,1398415	0,1604906	0,1576595	0,1727086	0,1879205
22.06.2020 01:52:00	63	0,1203561	0,1535568	0,1569083	0,1567819	0,1290738	0,1203133	0,1631024	0,1606623	0,1505033	0,1860777	0,1976007	0,1850679	0,1455419	0,1425891	0,1996319	0,1891255	0,2025445	2,175627	0,1692406	0,1657021	0,1914773	0,1582561	0,1718842	0,1594255	0,1537267	0,1527727	0,1753222	0,1992171	0,173115	0,1541433	0,1198833	0,1292285	0,1736585	0,1629751	0,1803088	0,1679139	0,1583899	0,1440835	0,17871	0,1443479	0,1539183	0,2228496	0,8831528	0,1657617	 	 	 	 	0,1456289	0,148738	0,1468246	0,1636784	0,1589874	0,1480779	0,1626948	0,127102	0,1931984	0,248799	0,1534367	0,1449113	0,1536805	0,1573661	0,1750774	0,158249	0,1540218	0,1857229	0,1814706	0,2902568	 	 	 	0,03413079	0,1580032	0,1621589	0,1984458	0,1796389	0,1724735	0,1910584	0,1654514	0,1879265	0,159646	0,1931552	0,1702163	0,1262689	0,1556667	0,2625196	0,2842315	0,2172701	0,1549081	0,1415495	0,1328856	0,1558154	0,1507241	0,1665992	0,1806204
22.06.2020 04:52:00	66	0,1155531	0,1474147	0,1519397	0,1495299	0,1245322	0,1142143	0,1552575	0,1552901	0,1445447	0,1776434	0,1896239	0,1768584	0,1380401	0,1368717	0,1938228	0,1820993	0,1984707	2,152653	0,1635032	0,1580809	0,1823617	0,1534201	0,162572	0,154497	0,1470487	0,1460465	0,1667404	0,1935631	0,1650947	0,1485009	0,1156488	0,1254599	0,1670225	0,1575395	0,173331	0,1619396	0,1533376	0,13766	0,1702579	0,1375283	0,1505356	0,2167712	0,8789148	0,1541632	 	 	 	0,2157338	0,1408335	0,1427113	0,1418386	0,1559861	0,1528209	0,1403295	0,1570125	0,1199463	0,185818	0,2382668	0,147851	0,1381724	0,1470605	0,1489379	0,166765	0,1538009	0,1442214	0,181445	0,1640304	0,1670061	 	 	 	0,04655829	0,1505653	0,1547739	0,1904654	0,174632	0,1670708	0,1845353	0,1618215	0,1822252	0,1529314	0,1840765	0,1642877	0,1204852	0,1495462	0,2562927	0,2787261	0,2106222	0,1429535	0,1359458	0,1252025	0,1500142	0,143018	0,1601558	0,1724406
22.06.2020 07:52:00	69	0,1095883	0,1414178	0,1472922	0,1437942	0,1194115	0,1095935	0,1494054	0,1499887	0,1394958	0,1736805	0,18314	0,1672552	0,1331722	0,130798	0,1867418	0,176397	0,1936957	2,135141	0,1574035	0,1531275	0,1776107	0,1484953	0,1591956	0,1499549	0,1412556	0,1399674	0,1609282	0,1871698	0,1586805	0,142735	0,1104564	0,1212156	0,1610197	0,1515597	0,1664419	0,1550208	0,1489417	0,1332395	0,1638337	0,1314605	0,1440366	0,2111274	1,028915	0,1471539	 	 	 	 	0,1342035	0,1356723	0,1357686	0,1503771	0,1465775	0,134757	0,1496858	0,1124562	0,1808929	0,2345467	0,1414343	0,1331727	0,1388535	0,1445544	0,1599593	0,1495791	0,1379452	0,174766	0,1579487	0,1387502	 	 	 	0,07905145	0,1440644	0,1467793	0,182807	0,169353	0,15957	0,1787782	0,1550137	0,1772699	0,1466481	0,1768134	0,1576938	0,1142569	0,1401759	0,2475912	0,2697649	0,2061936	0,1301394	0,132512	0,1198425	0,1412158	0,1384554	0,1543067	0,1629401
