Vessel Name: 11-08-2020_KaKr_Screen_P3_7
Metric: SARS-CoV-2  Integrated Intensity / A549-mRFP  Integrated Intensity
Cell Type: 
Passage: 0
Notes: 
Analysis: KaKr_SARS-CoV-2_DEFv9(TopH)

Date Time	Elapsed	MSR1	MT1H	MT1HL1	MT1M	MT2A	MX1	MX2	MYCL	MYD88	NCOA7	NEXN	NKX3-1	NMI	NT5C3A	NUPR1	OAS1	OAS2	OAS3	OASL	OGFR	P2RY14	PALM2-AKAP2	PAQR8	PARP10	PARP11	PARP12	PARP14	PARP9	PCDH17	PDCD1LG2	PDZD2	PGAP1	PHF11	PID1	PIWIL4	PLEKHA4	PLSCR1	PLXDC2	PMAIP1	PNPT1	POLD1	POLI	PSMB8	RASA2	RASGEF1B	RASGRP3	RGL1	RGS1	RHBDD2	RIN2	RNF213	RSAD2	RTCB	RTP4	RUFY4	S100A4	SAMD9	SAMD9L	SAMHD1	SDS	SECTM1	SLAMF7	SLC11A1	SLC15A3	SLC16A10	SLC1A5	SLC25A28	SLFN12L	SLFN5	SOCS1	SP100	SP110	SREK1IP1	C1 (Mx2)	C2 (STAT1)	C3 (MAVS)	C4 (BST2)	C5 (EIF2AK2)	C6 (RSAD2)	NTC1	NTC2	NTC3	NTC4	NTC5
11/08/2020 17:00:00	0	0.001050133	0.001837735	0.0009028734	0.0005805882	0.0	0.00265195	0.0006009474	0.007083837	0.0004073549	0.0	0.0003798589	0.001327294	0.003963653	0.001873424	0.002530586	0.002410889	0.0007095805	0.001175115	0.0006181311	0.000832368	0.0005229184	0.001958716	0.0002000408	0.003953992	0.0006735522	0.00117111	0.0004160596	0.001193751	0.0006135621	0.0002742114	0.0009885932	0.001506172	0.000434532	0.0009719189	0.002595829	0.0002675123	0.002575118	0.0008420549	0.0008925919	0.0006989102	0.0001033087	0.0005913798	0.001948669	0.001125391	0.0009444237	0.0003089971	0.0007010539	0.002434944	0.002115064	0.0008698545	0.0	0.000617937	0.002712124	0.0009533221	0.001481513	0.00306595	0.0001158963	0.0001902358	0.003264161	0.001272869	0.001345187	0.001649393	0.002438657	0.003168166	0.001186838	0.001333146	0.0006079892	0.0003483386	0.001149738	0.001243224	0.0	0.000596925	0.001074034	0.00111773	0.006146789	0.00133215	0.0008241846	0.0	0.001483125	0.002635214	0.001529807	0.001423376	0.0004280043	0.001080668
11/08/2020 20:00:00	3	0.001509865	0.001902378	0.001669767	0.0008601968	0.0	0.002529728	0.0003454176	0.004869004	0.0003193071	0.0	0.0	0.0009338208	0.002236941	0.001981298	0.002312251	0.003541396	0.001471146	0.0009933945	0.0004556347	0.002390914	0.0008718865	0.001330421	0.00068074	0.002951166	0.001731862	0.0003867216	0.0004427558	0.0008876894	0.0005574017	0.0004575018	0.0	0.0006847497	0.0005871796	0.0007474264	0.001604231	0.0	0.002145927	0.0006239674	0.0003474773	0.0	0.0003069152	0.0001235521	0.002227078	0.001700425	0.0005456597	0.0005181417	0.0005450145	0.001675532	0.0009188289	0.0007955495	0.0008984833	0.0005246541	0.00154035	0.0007334305	0.0004708885	0.001429574	0.0002390487	0.0	0.0009942706	0.0008125341	0.0001857154	0.000916145	0.002490798	0.003487846	0.001207582	0.0004405169	0.0004158552	0.000205763	0.0008707685	0.0005912465	0.000423165	0.0002817677	0.00034675	0.001446577	0.005759096	0.001361716	0.0003909415	0.0002234549	0.0007028362	0.0007914525	0.001657769	0.001322017	0.0009815242	0.0004020525
11/08/2020 23:00:00	6	0.001916868	0.001433154	0.000532888	0.0007194338	0.0006801314	0.002694115	0.0001378484	0.001666441	0.0006719978	0.000228403	0.0001750971	0.0008857567	0.001895942	0.001280893	0.0005647675	0.002323053	0.001719152	0.0006062299	0.0007973331	0.0009137092	0.0006076273	0.001501389	0.0001678882	0.003972952	0.0004754019	0.0003499971	0.0002094364	0.001213672	0.0004818286	0.0001322345	0.0002550662	0.0009955115	0.0003487267	0.001067172	0.0007266401	0.0003644858	0.001246258	0.0005419526	0.0004419309	0.0005746975	0.0001383264	0.0001155801	0.001942574	0.0009502729	0.0	0.0004691713	0.0005582504	0.001915904	0.0006845546	0.0007774271	0.0	0.0006420211	0.001453481	0.0006537972	0.0006975522	0.001018095	0.0004145075	0.0	0.0005409095	0.001320019	0.0	0.001272177	0.002095835	0.0024051	0.000476737	0.0004310941	0.0003808908	0.0001913308	0.0009914479	0.0006612482	0.0001019788	0.000435165	0.0	0.00156739	0.005618156	0.0002366624	0.0005277086	0.0001716766	0.000810008	0.0007269565	0.0008614056	0.00132984	0.0004312443	0.0
12/08/2020 02:00:00	9	0.004674118	0.00252072	0.00172753	0.001291918	0.001354464	0.003053658	0.002366336	0.001438006	0.004140824	0.002102051	0.002875085	0.003788593	0.002371721	0.001197492	0.001591494	0.003190901	0.001319549	0.0009404329	0.001272276	0.003620056	0.0006668159	0.003787019	0.001308428	0.005150236	0.0009372929	0.001572184	0.0008159233	0.001793563	0.001331911	0.001784287	0.0006597272	0.003409104	0.0003374901	0.00267909	0.00139957	0.002070943	0.003316504	0.0009141602	0.0009132267	0.0006915553	0.0007120423	0.0001053686	0.002967544	0.002045272	0.001050972	0.0005805403	0.001080935	0.002013061	0.00123931	0.001439635	0.001293488	0.0004505181	0.00218481	0.001576801	0.001280428	0.002048016	0.001868081	0.001729582	0.000750363	0.000703255	0.0009074819	0.002008132	0.003198169	0.002598137	0.00101729	0.001610332	0.0008204081	0.0003978929	0.001549554	0.001578194	0.0005318557	0.0009829819	0.001035979	0.001578918	0.008059925	0.002159373	0.0009853247	0.002198708	0.002365146	0.001875516	0.003179034	0.002352001	0.001911006	0.002796871
12/08/2020 05:00:00	12	0.008609699	0.005361107	0.004291128	0.003633165	0.005016526	0.006468418	0.009226571	0.004236516	0.009283583	0.008245416	0.006972895	0.00726669	0.006145139	0.002687129	0.005887617	0.00719324	0.005003207	0.002900463	0.005651443	0.007345944	0.003105655	0.00841692	0.004850178	0.009982453	0.001368203	0.003528523	0.004345234	0.005668723	0.004660715	0.005827812	0.003511899	0.008647075	0.004808746	0.006643783	0.003703069	0.004940062	0.007673863	0.003514967	0.002783205	0.002142678	0.003195831	0.003072392	0.005371753	0.005162347	0.00501021	0.003878907	0.001718946	0.004932154	0.003647359	0.004389414	0.004069559	0.001544889	0.005957114	0.003794273	0.004884944	0.003439821	0.004819348	0.0030511	0.001674809	0.002740769	0.003864813	0.004249778	0.004260446	0.003041493	0.00346305	0.003190558	0.002629468	0.003226161	0.004952519	0.004067427	0.002794474	0.003775915	0.002626253	0.005025433	0.01286776	0.005475225	0.003120891	0.007248838	0.005357739	0.003112616	0.007245475	0.005783376	0.005730019	0.007189395
12/08/2020 08:00:00	15	0.01324026	0.008530356	0.009231144	0.006528127	0.007738651	0.008844373	0.01542401	0.009269433	0.01443645	0.01333903	0.01031768	0.01303909	0.009300525	0.005105675	0.009957837	0.009868003	0.009094494	0.00714684	0.01196774	0.01054114	0.006861413	0.01122999	0.008493721	0.01498505	0.002957457	0.006032703	0.007027961	0.01130154	0.008454908	0.009068416	0.007988716	0.01387996	0.008988054	0.008692104	0.007081755	0.008511804	0.01148803	0.00533548	0.004493454	0.003881603	0.006549491	0.006686206	0.009450856	0.008083477	0.008562325	0.007458508	0.003436583	0.007440816	0.006163257	0.006123887	0.007980836	0.003468859	0.00962744	0.006335684	0.006441589	0.006232209	0.007503707	0.006176443	0.003085072	0.00511419	0.006250802	0.005728607	0.00545184	0.005112555	0.005627424	0.005588799	0.005277941	0.006328695	0.008166268	0.00532885	0.004683628	0.00671702	0.004206182	0.01092761	0.01689197	0.008991254	0.005887241	0.01029327	0.01019265	0.005123713	0.01205551	0.009616633	0.008932124	0.01162338
12/08/2020 11:00:00	18	0.01654507	0.01318115	0.01408622	0.009197273	0.01143095	0.01220516	0.02005478	0.01299668	0.01768927	0.01693533	0.01492034	0.0179567	0.0119428	0.007503264	0.01142772	0.01315358	0.01420462	0.01104022	0.01606834	0.01337761	0.009998127	0.01427207	0.01268837	0.02117538	0.005262168	0.007861181	0.01098963	0.01507634	0.01155537	0.01052115	0.011137	0.01647762	0.01344874	0.01086534	0.009212486	0.0132036	0.01569996	0.006669314	0.006307893	0.005503233	0.009968686	0.00908126	0.01400683	0.01081912	0.01150733	0.01015634	0.0057768	0.01073285	0.008643099	0.009053853	0.01102818	0.00599404	0.01298782	0.01060479	0.009470752	0.008173608	0.009970461	0.009518484	0.00479472	0.007953142	0.008507124	0.008239698	0.006759574	0.007623279	0.009039118	0.006913028	0.007350561	0.008515335	0.01066025	0.008137328	0.006368818	0.009154965	0.006316739	0.01459243	0.02036968	0.01207948	0.008884992	0.0147415	0.01446177	0.007982288	0.01597794	0.0122405	0.01222509	0.01408113
12/08/2020 14:00:00	21	0.02038949	0.01643414	0.01647003	0.01100524	0.01379152	0.01432046	0.02462395	0.01731361	0.01911155	0.01993958	0.01783241	0.02096035	0.01436735	0.01095294	0.01437151	0.01614953	0.01753258	0.01428022	0.01978344	0.01746323	0.01150673	0.01716642	0.01499803	0.02572832	0.006021613	0.009689521	0.01312913	0.01825063	0.01459146	0.01328728	0.01246586	0.01990376	0.01652482	0.01340241	0.01165295	0.01621171	0.01858702	0.008389437	0.007860973	0.007126868	0.01292478	0.01030188	0.0159313	0.01254958	0.01295852	0.01180397	0.008610378	0.01380892	0.01142586	0.0104647	0.01286182	0.008024254	0.01496455	0.01301646	0.01330756	0.01001702	0.01250543	0.01109983	0.00551011	0.01023842	0.01097683	0.01030932	0.007974682	0.00959886	0.01012159	0.00824499	0.009326674	0.01079529	0.01296366	0.01033043	0.007900431	0.01178002	0.008790476	0.01709932	0.02426745	0.01500536	0.01122628	0.01779741	0.01771771	0.01037119	0.01914096	0.01385257	0.01395205	0.01632357
12/08/2020 17:00:00	24	0.02218063	0.01827952	0.01980973	0.01298839	0.01810779	0.01585419	0.02871266	0.02227561	0.01971217	0.02044847	0.02040537	0.02428536	0.01649515	0.01373377	0.01728023	0.01885193	0.02063082	0.01853031	0.02195962	0.01954662	0.01309613	0.01823366	0.01763603	0.02987466	0.007694919	0.011235	0.0146116	0.02117904	0.01587597	0.01488772	0.01435836	0.02226573	0.01799635	0.01422199	0.01282664	0.01961085	0.0211562	0.00976751	0.008820226	0.009517274	0.01530493	0.01144247	0.01777557	0.0133114	0.0144396	0.0129173	0.01041212	0.01591089	0.01382852	0.01213953	0.01425905	0.009811301	0.01654473	0.01545178	0.01730694	0.01199466	0.01419763	0.01272217	0.006604583	0.01105178	0.01230037	0.01170743	0.008565871	0.01103514	0.01107942	0.009911515	0.01041533	0.01305697	0.01502478	0.01178474	0.009360365	0.01299398	0.01108717	0.019388	0.02690524	0.01766963	0.01261056	0.01964089	0.01933046	0.01290682	0.02101234	0.01578617	0.01606534	0.01799561
12/08/2020 20:00:00	27	0.02356074	0.01941422	0.02114032	0.01429853	0.02169501	0.01787022	0.03062571	0.02476417	0.02091064	0.02231235	0.02199414	0.02619017	0.01688985	0.01463648	0.01752517	0.02112473	0.0216496	0.02152017	0.02285999	0.02027818	0.01469799	0.02026858	0.01962105	0.03118841	0.008804089	0.0118815	0.01540667	0.02339181	0.01600682	0.0169115	0.0152629	0.02219072	0.01988294	0.01507456	0.013686	0.02154972	0.0228477	0.01050425	0.009761412	0.0114499	0.01651365	0.01177421	0.01912858	0.01370655	0.01494996	0.01350393	0.01142157	0.0175042	0.01570626	0.0139795	0.01561407	0.01140285	0.01718886	0.01718624	0.01821459	0.01174677	0.01597574	0.01400318	0.007449351	0.01202585	0.01322723	0.01198109	0.009140942	0.01230696	0.01257769	0.01000356	0.01142524	0.01421071	0.01593862	0.01313573	0.01039252	0.01341457	0.0126572	0.02179002	0.02733537	0.0187047	0.01321017	0.02079866	0.02056181	0.01378788	0.02101647	0.01569273	0.01717361	0.01862687
12/08/2020 23:00:00	30	0.02590183	0.02055874	0.02210261	0.01488782	0.02379654	0.01827979	0.03108253	0.02675998	0.02087008	0.02301952	0.02294488	0.02645993	0.01704962	0.01649722	0.0179791	0.02214723	0.0223753	0.02389114	0.02327696	0.02019116	0.01536216	0.02155033	0.01967816	0.03132704	0.009267229	0.01304898	0.01536472	0.02453145	0.01672749	0.01825434	0.01604944	0.02308646	0.02059192	0.015856	0.0142433	0.02178611	0.02282921	0.01123287	0.01061785	0.01208201	0.01787701	0.01236742	0.0203807	0.01490245	0.01508006	0.0138448	0.01193876	0.01830534	0.01692002	0.0152457	0.01670773	0.01174114	0.01796584	0.01757631	0.01943789	0.01202673	0.01703444	0.01480944	0.008079519	0.013422	0.01419409	0.01280439	0.00967811	0.01222644	0.01333574	0.01084579	0.01198604	0.01527465	0.01670375	0.01405617	0.01090292	0.01331623	0.013778	0.02324689	0.02754754	0.0198979	0.0145075	0.02233216	0.02133959	0.01492779	0.02181129	0.01613449	0.01777888	0.01849871
13/08/2020 02:00:00	33	0.02643277	0.01959904	0.02200242	0.01553826	0.0252323	0.01867262	0.0318541	0.02666523	0.02156241	0.02282658	0.02254101	0.02824122	0.01786193	0.01749216	0.01907277	0.02199344	0.02213507	0.02568011	0.02453439	0.02057747	0.01590096	0.02213969	0.01922274	0.03168599	0.0100225	0.01376236	0.01564248	0.02533138	0.01693492	0.01831298	0.01612132	0.02331357	0.02078409	0.01607361	0.01471591	0.02263262	0.02219049	0.01205561	0.01159761	0.01298752	0.01835777	0.01235261	0.02077022	0.01505176	0.01558918	0.013665	0.01227064	0.01816354	0.01696509	0.01657598	0.01746526	0.01198203	0.01803524	0.01641097	0.01905864	0.01212485	0.01764919	0.01515595	0.00822173	0.01352942	0.01464904	0.0132154	0.009662854	0.01245328	0.01308246	0.01107542	0.01226965	0.01523054	0.01685648	0.0148227	0.01098891	0.01333363	0.01463136	0.02495687	0.02702887	0.02097724	0.01406697	0.02302554	0.02022914	0.01557522	0.02198718	0.01578859	0.01831262	0.01904086
13/08/2020 05:00:00	36	0.02671957	0.0201534	0.02196014	0.01569178	0.02514502	0.01887744	0.03178226	0.02616321	0.02139897	0.02263535	0.02178468	0.02689474	0.01809552	0.01785799	0.01859328	0.02170538	0.02162736	0.0263652	0.02318058	0.02022722	0.01678222	0.02270994	0.01889358	0.0318433	0.01003097	0.01389954	0.01550697	0.02521175	0.01688299	0.01854873	0.01619393	0.02316279	0.02006568	0.01558895	0.0143369	0.02378788	0.02128699	0.01167868	0.01145686	0.01315579	0.01890268	0.01244973	0.02025183	0.01515049	0.01535376	0.01328131	0.01314224	0.01751291	0.01675677	0.01615809	0.01733895	0.01296969	0.01777187	0.01617647	0.01929656	0.01215899	0.01767923	0.01634865	0.008014446	0.01387165	0.01479287	0.01299253	0.009739742	0.01225775	0.01323521	0.01080798	0.01216535	0.01492738	0.01653745	0.01475724	0.01143414	0.01303142	0.01529474	0.02494569	0.02725382	0.02255624	0.01384318	0.02366825	0.02036857	0.01610858	0.02153573	0.01498239	0.01855619	0.0196205
13/08/2020 08:00:00	39	0.02611216	0.01948053	0.02093469	0.01490183	0.02404419	0.01890931	0.03060003	0.02483633	0.02073264	0.02238681	0.02170747	0.02835092	0.01884043	0.01794299	0.01887287	0.02170906	0.02116625	0.02614265	0.02251693	0.0201523	0.01710667	0.02286702	0.01824258	0.03058533	0.009854198	0.01447404	0.01550271	0.02396144	0.01682485	0.01790627	0.01613396	0.02237673	0.02020987	0.01566674	0.01427483	0.02352909	0.02114948	0.01141418	0.01025587	0.01223744	0.01854119	0.01267661	0.01997207	0.01464339	0.01502369	0.01271747	0.01326813	0.01666549	0.01648002	0.01613415	0.0171444	0.01257426	0.01719641	0.01597257	0.01847887	0.01182426	0.01705097	0.01667271	0.006669654	0.01405956	0.01465203	0.01280597	0.00967954	0.01136492	0.01368585	0.01039059	0.0122005	0.0148528	0.01628463	0.01461706	0.01005355	0.01250021	0.01519371	0.02638447	0.0272029	0.02134579	0.01348932	0.02431428	0.02047656	0.01608951	0.02149995	0.01483745	0.01898372	0.01914635
13/08/2020 11:00:00	42	0.02507785	0.01852822	0.02055348	0.01504862	0.02367439	0.01883721	0.02956039	0.02450143	0.02017228	0.02199252	0.02084172	0.02680538	0.01809715	0.01719756	0.01837179	0.0213244	0.02069192	0.02562788	0.02110049	0.02024785	0.01733128	0.02248386	0.01863802	0.02911979	0.009429421	0.01477254	0.01459182	0.02295001	0.01663798	0.01742201	0.0166539	0.02151876	0.01980164	0.01598373	0.01446115	0.02350177	0.0206376	0.01104475	0.01015846	0.01231781	0.0186053	0.01250092	0.01947867	0.01424271	0.01360634	0.01271189	0.01347413	0.01445811	0.01701215	0.016153	0.01649802	0.01231772	0.01720935	0.01684459	0.01828823	0.01134463	0.01611893	0.01681485	0.006237456	0.01396692	0.01442523	0.01278537	0.009276379	0.01091043	0.01401105	0.01020697	0.0118969	0.01496676	0.01537761	0.01420552	0.01025668	0.01222117	0.01484583	0.02501323	0.02737329	0.02080736	0.01289408	0.0251561	0.02042589	0.01576341	0.02168098	0.01395424	0.01902462	0.01833756
13/08/2020 14:00:00	45	0.02471611	0.01782394	0.02004354	0.01391349	0.02272557	0.01837	0.02853197	0.02251691	0.01957876	0.02177203	0.02100733	0.02537908	0.01783648	0.01709445	0.01763005	0.02145823	0.02044945	0.02537124	0.02048846	0.02028405	0.01759115	0.02315201	0.01712903	0.02971895	0.009262389	0.01484276	0.01315849	0.01941798	0.0154863	0.01645445	0.01713555	0.02075108	0.01884008	0.01533208	0.01441729	0.02262599	0.01981889	0.01045401	0.009720757	0.0117842	0.01856952	0.01220394	0.01761545	0.01372596	0.01417175	0.0118876	0.01363261	0.01403857	0.01641811	0.0159385	0.0164775	0.01224886	0.01708662	0.01502817	0.016502	0.01137844	0.01552329	0.01694654	0.006250197	0.01338981	0.01412307	0.01209288	0.008797691	0.01089804	0.01369075	0.009608589	0.01138675	0.01452685	0.01502935	0.01373294	0.01017007	0.01150509	0.01469815	0.02656049	0.02638046	0.01978167	0.01274638	0.02390783	0.01896406	0.01524766	0.02123429	0.01422034	0.01920174	0.01859067
