Vessel Name: 11-08-2020_KaKr_Screen_P2_7
Metric: SARS-CoV-2  Integrated Intensity / A549-mRFP  Integrated Intensity
Cell Type: 
Passage: 0
Notes: 
Analysis: KaKr_SARS-CoV-2_DEFv9(TopH)

Date Time	Elapsed	EZH1	FABP4	FAM105A	FAM107A	FAM110A	FAM20A	FAM46A	FAM72A	FBXO6	FCAR	FFAR2	FGL2	FOS	FPR2	GBP1	GBP3	GBP4	GBP5	GLIPR2	GLS	GMPR	GPC4	GPR141	GPR155	HAPLN3	HAVCR2	HELZ2	HERC5	HERC6	HES4	HESX1	HLA-B	HLA-C	HMHA1	HSH2D	IDO1	IFI16	IFI27	IFI35	IFI44	IFI44L	IFI6	IFIH1	IFIT1	IFIT2	IFIT3	IFIT5	IFITM1	IFITM2	IFITM3	IFNE	IFNG	IGF2BP3	IL15	IL15RA	IL1A	IL1RN	IL4I1	IRF1	IRF7	IRF9	IRG1	ISG15	ISG20	ITPKB	KCNE3	KLF7	LAG3	LAMP3	LAP3	LGALS3BP	LGALS9B	LILRA1	LILRA5	LRCH2	LRRC25	LY6D	LY6E	MAP3K1	MBD4	MCM2	BORCS8	MNDA	MS4A4A	STAT1	MAVS	BST2	EIF2AK2	RSAD2	NTC1	NTC2	NTC3	NTC4	NTC5
11/08/2020 17:00:00	0	0.001052047	0.001223591	0.0	0.002020005	0.001138618	0.001958783	0.000103052	0.001456329	0.001259641	0.0005744991	0.0008313207	0.001544829	0.0004163125	0.0	0.0	0.001144631	0.0002067772	0.0009541284	0.0004540238	0.0006359011	0.0004119251	0.001615159	0.0006491517	0.0005652657	0.0008534143	0.0001147027	0.0003664007	0.0	0.001115208	0.001075161	0.001246445	0.0	0.003073919	0.001329392	0.0008858026	0.0008861002	0.0008759191	0.0	0.0001610169	0.0005582841	9.594535e-05	0.0001272929	0.001826397	0.0	0.000293733	0.0004767779	0.0002247395	0.001178189	0.0	0.00150286	0.0003078046	0.001149978	0.0	0.0001166756	0.0008836951	0.0003698029	0.0005512017	0.0002829735	0.002611011	0.0001199501	0.0001857515	0.0	0.003084815	0.001042138	0.0004420838	0.00224633	0.0003056319	0.0001275428	0.0002870926	0.0003677424	0.0	0.004601616	0.002297258	0.0008315214	0.001685691	0.0002204862	0.0004039874	0.0001947152	0.0	0.0	0.0005131164	0.001123374	0.0007244625	0.0007790884	0.002133864	0.0	0.0003014211	0.0002133671	0.002079096	0.003608351	0.0004669245	0.0006082729	0.0	0.0
11/08/2020 20:00:00	3	0.0008167184	0.0009655059	0.0	0.001946143	0.0009820713	0.0005152627	0.0	0.001260183	0.001073827	0.000375244	0.0007897824	0.0009999728	0.0	0.0	0.0	0.0008416701	0.0002049393	0.0002870484	0.0	0.0006071424	0.0001834121	0.001408922	0.0005328018	0.0	0.0	0.0	0.0002944635	0.0	0.0005274042	0.000736016	0.002477331	0.0	0.005155309	0.0004737636	0.0005532461	0.001291454	0.000339862	0.0	0.0001146461	0.0004070198	0.0	0.0001917023	0.0004677634	0.0	0.0	0.0001159901	0.0	0.001928303	0.0	0.0004970198	0.0003882841	0.001035281	0.0001787062	0.0	0.0007645687	0.0003672011	0.0002710822	0.0002612486	0.0	0.000137211	0.0002963832	0.0	0.002760404	0.0008975642	0.000388953	0.002587046	0.0002967467	0.0	0.000262755	0.0	0.0	0.004420489	0.0007013669	0.0005406956	0.001561741	0.000206623	0.0	0.0	0.0	0.0002280706	0.0005749045	0.0	0.0004342867	0.0005876776	0.001643865	0.000178826	0.0002805454	0.0002797201	0.002178787	0.00294069	0.0002186873	0.0005751864	0.0	0.0
11/08/2020 23:00:00	6	0.001052357	0.0009623403	0.0	0.001703008	0.001035632	0.0008848114	0.0	0.001134401	0.001035271	0.0	0.0005830713	0.002252185	0.0	0.0	0.0001276677	0.0008573551	0.0002126973	0.000262394	0.000282542	0.0006303992	8.924317e-05	0.001714608	0.0003986669	0.0	0.0001697147	0.0	0.0005524122	0.000268775	0.0002355838	0.0004894972	0.001706953	0.0	0.001505437	0.0009755133	0.00064838	0.0005009185	0.0004635698	4.706433e-05	0.0	0.0004530174	0.0	0.0	0.0005545744	0.0	0.0	0.0	0.0	0.0008145044	0.0	0.0001638497	0.0002743237	0.0007047647	0.0	0.0	0.0007344772	0.0003299626	0.00035176	0.0004033202	0.0001517679	0.0	0.0001389458	0.0001618686	0.002533951	0.001056247	0.0003631836	0.002344251	0.0002629671	0.000154357	0.0002345607	0.0002030904	0.0001353663	0.003883242	0.000600034	0.0005259201	0.00148528	0.000193133	0.0001341069	0.0	0.002363384	0.0	0.0004384628	0.0004797715	0.0003255609	0.0009830266	0.001886455	0.0005380046	0.0002479841	0.0003608603	0.001567182	0.003049168	0.0005950246	0.00052077	0.0	0.0
12/08/2020 02:00:00	9	0.003206977	0.003011063	0.001429791	0.003055453	0.004390207	0.00169219	0.000613761	0.002046552	0.001778627	0.001565704	0.001726954	0.005540503	0.002698663	0.0008684191	0.001092181	0.001033643	0.0005139711	0.001449525	0.0006542131	0.00166014	0.0002473507	0.001647976	0.001401759	0.001012373	0.001648524	0.0007710603	0.001471884	0.0006257089	0.001580604	0.00190444	0.002429513	0.0007638212	0.00380795	0.001260811	0.001452806	0.001102966	0.001113147	0.0007014478	0.0008039598	0.0007797215	0.001237073	0.001849843	0.002175508	0.001811586	0.00231932	0.0007152201	0.0003228356	0.0002136851	0.0004449309	0.001098668	0.0006333792	0.0008032926	0.0006750787	0.00144917	0.001711946	0.001032536	0.001128323	0.001232508	0.0005829288	0.0009197305	0.0003694223	0.000169205	0.003594641	0.002556663	0.0009978497	0.003016048	0.001626849	0.001233264	0.001173911	0.0004362276	0.0006009279	0.005434372	0.002161017	0.0008345211	0.002006072	0.001486742	0.001301222	0.0003454202	0.003152362	0.0006712615	0.0006692153	0.003651306	0.001839575	0.001188388	0.003036206	0.0009325973	0.001366273	0.0005828121	0.002980048	0.003813063	0.001846595	0.00106288	0.001513674	0.001899074
12/08/2020 05:00:00	12	0.008310338	0.006238556	0.006983046	0.005090056	0.009584188	0.00457	0.004757634	0.006365529	0.005151637	0.006621604	0.006535284	0.008805732	0.008384678	0.003741943	0.005039062	0.002990532	0.004312965	0.004245972	0.005047525	0.00584871	0.004046446	0.002623881	0.004981818	0.004486625	0.005106645	0.004652474	0.002793267	0.002171554	0.005101995	0.005887914	0.007868347	0.002853422	0.007355392	0.004171566	0.004872422	0.003288301	0.005234146	0.002363727	0.003765156	0.003152898	0.003825924	0.005264337	0.004058017	0.00734617	0.006668435	0.003027348	0.002359331	0.003163336	0.003246336	0.004170682	0.003160331	0.002873105	0.002900078	0.004245795	0.004296361	0.005093085	0.005183175	0.004407353	0.003641994	0.003184582	0.004255838	0.002215698	0.00623473	0.004936807	0.002803394	0.005712584	0.005664296	0.004971751	0.004085619	0.002433121	0.003873346	0.008011789	0.005082728	0.003843048	0.003972321	0.005110883	0.002934681	0.002388408	0.005046388	0.003946401	0.004080356	0.009131615	0.005823003	0.003971172	0.006306936	0.00326508	0.005027644	0.00206627	0.005720324	0.007475224	0.005939718	0.003565909	0.004024324	0.006775068
12/08/2020 08:00:00	15	0.01429823	0.01022025	0.01063472	0.007520618	0.01319836	0.008798554	0.008644689	0.01100066	0.01009926	0.0132774	0.01110552	0.01429141	0.01332244	0.007658083	0.008033295	0.005269161	0.009872858	0.007836697	0.007825564	0.01160423	0.00936717	0.004650134	0.007942774	0.007696959	0.00688515	0.007268522	0.006148429	0.004803021	0.00878142	0.01046417	0.01138596	0.005615846	0.01117046	0.006512331	0.01154086	0.006392801	0.008628187	0.006561745	0.007325199	0.005857987	0.007727228	0.01054686	0.009079943	0.01201217	0.01070565	0.006935318	0.004614045	0.008309678	0.006850037	0.008307772	0.006170214	0.007854185	0.007730163	0.008561154	0.00710744	0.008427404	0.009090305	0.008292266	0.007167364	0.006227189	0.00837063	0.005868634	0.01146418	0.008405295	0.004597642	0.008618171	0.009270272	0.008543662	0.007892896	0.004690025	0.006971426	0.01113405	0.008393917	0.005509997	0.007532609	0.008628457	0.004641285	0.006890432	0.0114754	0.008329688	0.006867593	0.01539705	0.009290805	0.006609771	0.009029383	0.007889371	0.007894958	0.005730865	0.007370296	0.01043593	0.0119274	0.007459956	0.006474414	0.01192892
12/08/2020 11:00:00	18	0.02006583	0.01385973	0.01291159	0.01031063	0.01747201	0.01282919	0.01501013	0.01450699	0.01555105	0.01711344	0.01551835	0.02164327	0.01779669	0.01170947	0.01115443	0.008370206	0.01440654	0.01171685	0.01087368	0.01721965	0.01415219	0.006123219	0.01181383	0.01106931	0.008779887	0.01022704	0.008241974	0.008206433	0.01350596	0.01529935	0.01470474	0.009008243	0.01386356	0.01015768	0.01658478	0.008479162	0.01357549	0.01124705	0.0114685	0.008531962	0.01132584	0.01398727	0.01322316	0.0184902	0.01466515	0.01130445	0.007927274	0.00996286	0.009860187	0.01276323	0.008604372	0.01041486	0.01074731	0.01218896	0.01012134	0.01184364	0.01264826	0.01071655	0.009924245	0.009185823	0.01267928	0.00793134	0.01546248	0.01053523	0.00724461	0.0120384	0.01234649	0.01106971	0.01140071	0.007742192	0.01052214	0.01509054	0.01155096	0.00707047	0.009240779	0.01129718	0.006059626	0.01220787	0.01585622	0.01173813	0.009979976	0.01924885	0.01360465	0.01017296	0.01307398	0.01039848	0.01142274	0.008729669	0.009888508	0.01372602	0.01607416	0.01068397	0.008952388	0.01584077
12/08/2020 14:00:00	21	0.02520676	0.01773402	0.0160257	0.01350585	0.02042102	0.01660267	0.01891848	0.01602862	0.01917171	0.01960192	0.0169532	0.02590576	0.02043876	0.01283093	0.0130049	0.01143146	0.01757351	0.01553081	0.01335111	0.02092514	0.01930534	0.007924754	0.01432417	0.01341464	0.01153151	0.01296168	0.01163696	0.01159011	0.01703381	0.01911515	0.01709396	0.01178973	0.01665777	0.01287201	0.01986871	0.0101145	0.016942	0.01362271	0.01400703	0.0120263	0.01442567	0.01617102	0.01501007	0.02237684	0.01712056	0.01381042	0.01083336	0.01198342	0.01344389	0.01586582	0.01160882	0.01299799	0.01305613	0.01518519	0.01289478	0.01490459	0.01591956	0.01303256	0.01285633	0.01062721	0.01594892	0.01067828	0.01722833	0.01354329	0.009616156	0.01488423	0.0156821	0.01449504	0.01441315	0.01031132	0.01293034	0.01882306	0.01475517	0.009473186	0.010815	0.01403635	0.008194167	0.01812707	0.01950197	0.01412786	0.01316136	0.02169361	0.01627354	0.01211865	0.01727902	0.01281925	0.01405815	0.01220441	0.01100048	0.01603351	0.02005605	0.013297	0.01118926	0.02039954
12/08/2020 17:00:00	24	0.02735155	0.02199363	0.01820253	0.01646948	0.02397818	0.018528	0.02231224	0.01741549	0.02308099	0.02341898	0.01674066	0.02777767	0.01989155	0.01416054	0.01595937	0.01362244	0.01971691	0.01840661	0.0148323	0.02344706	0.02312554	0.009890818	0.01632165	0.01486854	0.01489703	0.01604053	0.01340587	0.01357893	0.01821008	0.02209309	0.01973216	0.01378109	0.01907261	0.01597232	0.02288805	0.01220656	0.02175127	0.01549159	0.01696083	0.0139116	0.01760632	0.01881246	0.01591952	0.02560976	0.01816422	0.015398	0.01334385	0.01349931	0.01625048	0.0187968	0.01357876	0.01642437	0.01351173	0.01717541	0.01610505	0.01595898	0.01969766	0.01560152	0.01653955	0.01372465	0.01877133	0.01275339	0.01731361	0.01555789	0.01039451	0.01650429	0.01903157	0.0149167	0.01675074	0.01221447	0.01506647	0.02140963	0.01771931	0.01177161	0.01255749	0.01671922	0.01059959	0.02316954	0.02235193	0.01509866	0.01540803	0.0229027	0.01719257	0.01599703	0.02123372	0.01543506	0.0166923	0.01527188	0.01718193	0.01740814	0.02231721	0.01738828	0.0127304	0.02253708
12/08/2020 20:00:00	27	0.0282881	0.02510118	0.01953724	0.01840932	0.02663973	0.0204338	0.02363229	0.0188211	0.02509898	0.02419207	0.01778015	0.03313525	0.02104574	0.01522011	0.0163166	0.01438408	0.02111551	0.0210394	0.01723359	0.02604683	0.02427181	0.01117443	0.0180159	0.0155857	0.01667654	0.01726564	0.01437731	0.0153748	0.02006274	0.02519891	0.02119416	0.01507857	0.02046959	0.01719735	0.02468811	0.01250728	0.02373124	0.01665011	0.01823404	0.01643811	0.01920085	0.02007469	0.01708147	0.02740767	0.01934036	0.01667836	0.01456036	0.01548601	0.01815666	0.0213049	0.01470026	0.01721117	0.01499906	0.01880045	0.01841156	0.01677696	0.02159462	0.01708101	0.01827219	0.01543298	0.02101626	0.0141897	0.01819927	0.01812896	0.01147647	0.01757691	0.02175263	0.01657223	0.01846812	0.01348181	0.01610017	0.02330719	0.02036647	0.0130075	0.01257279	0.01953577	0.01238088	0.02678657	0.0241041	0.01583916	0.01680455	0.02327005	0.01665958	0.01836018	0.02252412	0.01799102	0.0176699	0.01701079	0.0186668	0.01899382	0.02415703	0.01928871	0.01368633	0.02532426
12/08/2020 23:00:00	30	0.03062925	0.02659412	0.02059897	0.01944133	0.02981834	0.01929701	0.02437112	0.01997674	0.02618623	0.02534156	0.02001487	0.03387485	0.02131923	0.01588239	0.01695173	0.01434636	0.02196755	0.02313099	0.01819606	0.02790409	0.02466239	0.01174807	0.01949223	0.01593938	0.01818648	0.01861895	0.01548298	0.01680528	0.02069156	0.02806603	0.02231612	0.01604778	0.02043666	0.01760312	0.02445541	0.01222666	0.02507786	0.0164826	0.01925017	0.01811802	0.0199215	0.02092462	0.01832449	0.02746466	0.01979899	0.01694707	0.01644818	0.01551367	0.01960363	0.02231677	0.01544097	0.01877343	0.01602985	0.01941947	0.02025161	0.01792078	0.0213387	0.01851151	0.02003676	0.01591212	0.02216456	0.01465395	0.01793046	0.01927159	0.01199372	0.01825842	0.02260629	0.0175854	0.0194829	0.01363087	0.01678265	0.02421477	0.02064846	0.01340156	0.01244882	0.02035809	0.01261155	0.03028115	0.02589267	0.01610666	0.01727472	0.0241797	0.0176493	0.02002587	0.02305192	0.02047496	0.01825966	0.0179218	0.0198423	0.01876193	0.02516307	0.01974571	0.01431785	0.02709307
13/08/2020 02:00:00	33	0.03033488	0.0281042	0.0200096	0.01966823	0.03180593	0.02041392	0.02441388	0.02030144	0.02622696	0.02539974	0.02224087	0.03566293	0.02145253	0.01629331	0.01717949	0.01466246	0.02229713	0.02394767	0.01890205	0.02855961	0.02393983	0.01285237	0.01969924	0.01631798	0.0186809	0.02009634	0.01640512	0.0167527	0.02088311	0.02893852	0.02304748	0.01677066	0.02130046	0.018233	0.02423777	0.01283914	0.02617172	0.01742565	0.02001372	0.01855232	0.02080984	0.021152	0.01833927	0.02729932	0.02077586	0.0171449	0.01726403	0.0166717	0.02028414	0.02266457	0.01527418	0.01911215	0.01664354	0.01920077	0.02114826	0.01866586	0.02225768	0.0198395	0.02083498	0.01645707	0.02244238	0.01469478	0.01728065	0.01918801	0.01249474	0.01855055	0.02294745	0.01781592	0.01987216	0.01345527	0.01638368	0.02467327	0.02111937	0.01244612	0.01182265	0.02081403	0.01317848	0.03252498	0.0251222	0.01577589	0.01692436	0.02522406	0.01772595	0.02057693	0.02374197	0.02196197	0.01893505	0.01838244	0.02072799	0.01822533	0.02524099	0.01984404	0.0143172	0.02786867
13/08/2020 05:00:00	36	0.03002709	0.02651787	0.02021569	0.01874579	0.03296159	0.01931422	0.02461593	0.02026449	0.02611688	0.02548762	0.02189447	0.03659644	0.0215381	0.01686414	0.01721569	0.01465929	0.02249509	0.02545699	0.01887821	0.02990766	0.02265306	0.01313066	0.01932706	0.01567719	0.0194994	0.02026048	0.01613218	0.01726534	0.02087045	0.02908357	0.0223116	0.01799894	0.02112155	0.01747318	0.02230808	0.01313474	0.02671844	0.01789688	0.02001676	0.01937357	0.02089592	0.02125557	0.017932	0.02714667	0.02104105	0.01765742	0.01718993	0.01631335	0.01934079	0.0227509	0.01540174	0.01949043	0.01678127	0.01940455	0.02173455	0.01867387	0.02214147	0.02042796	0.02144853	0.01631677	0.02364556	0.01510181	0.01671642	0.01894104	0.01237666	0.01923291	0.02317925	0.0180909	0.01994557	0.01377363	0.01675063	0.02478543	0.02020754	0.01249853	0.01146782	0.02035663	0.01311302	0.03523573	0.02413551	0.01613265	0.01610445	0.02597813	0.01778321	0.02088239	0.02435968	0.02288584	0.0189248	0.01857436	0.01855678	0.01783572	0.02616551	0.01942766	0.0131961	0.02807078
13/08/2020 08:00:00	39	0.0300072	0.0256677	0.01955372	0.01874453	0.03411088	0.02058578	0.02391226	0.01989638	0.02648271	0.02596696	0.02283581	0.03512261	0.02133159	0.01788638	0.01735074	0.01488088	0.02165567	0.02627381	0.01918053	0.03108523	0.0219845	0.01325883	0.01899201	0.01627032	0.01944935	0.02004343	0.01540275	0.01745	0.02066794	0.029021	0.02239447	0.01915063	0.02043908	0.017345	0.02184918	0.01317952	0.02771874	0.01776839	0.01989176	0.01914891	0.01962665	0.02097716	0.01777254	0.02667991	0.02028255	0.01768769	0.01720727	0.01661115	0.01953727	0.02285274	0.01503744	0.01795221	0.01753039	0.01924244	0.02122324	0.01909888	0.02320361	0.02033322	0.02205954	0.01669757	0.02259033	0.01505361	0.01636933	0.01901302	0.01259323	0.01913225	0.02235165	0.01781601	0.01917959	0.0135586	0.01693023	0.02424397	0.02013996	0.01223643	0.01102315	0.01995673	0.01302225	0.03664172	0.0215945	0.01433773	0.01510421	0.02626567	0.01771355	0.0199805	0.02481226	0.02318596	0.01828982	0.01810439	0.01808138	0.01742648	0.02734703	0.01869113	0.01311853	0.02886511
13/08/2020 11:00:00	42	0.02890476	0.02479657	0.01939005	0.01857917	0.02609798	0.01968782	0.02388881	0.01859675	0.02569734	0.025413	0.02339726	0.03391407	0.02165299	0.01810275	0.01658873	0.01446788	0.02166604	0.02646615	0.01758439	0.03104173	0.02063155	0.01388151	0.01836404	0.01575944	0.01960077	0.01919933	0.01511558	0.01809558	0.01944091	0.02911369	0.02247253	0.01963186	0.0208986	0.01684334	0.02122782	0.01313673	0.02830385	0.01713523	0.0190563	0.01931117	0.01924154	0.02067709	0.01730279	0.02575909	0.01966724	0.01775334	0.01659854	0.01671927	0.01969897	0.02255115	0.01496468	0.01772202	0.0182008	0.01838643	0.02104716	0.0190683	0.02304307	0.01989675	0.0228933	0.01639478	0.02257027	0.01495736	0.01552519	0.01863089	0.01275715	0.01977	0.02125151	0.0181122	0.0190686	0.01257129	0.01677972	0.02415877	0.01905047	0.01256317	0.01064343	0.01914256	0.01275978	0.03782998	0.01986614	0.01406308	0.01477446	0.02696025	0.01747926	0.01981684	0.02575873	0.02406933	0.01913632	0.01835692	0.01794467	0.01686434	0.02578437	0.01829334	0.01284783	0.02840588
13/08/2020 14:00:00	45	0.02680882	0.02428655	0.01927335	0.01830697	0.02531237	0.01837606	0.02259297	0.01798848	0.02536271	0.02541061	0.02247788	0.03337188	0.02165552	0.01849573	0.01661533	0.01412124	0.02174079	0.02662338	0.0171234	0.03065719	0.01982329	0.01381768	0.01803646	0.01497593	0.01946179	0.01844872	0.01524004	0.01747022	0.01934124	0.02832902	0.02096535	0.01992412	0.02058365	0.01661346	0.02077928	0.01301874	0.02810133	0.01644486	0.01886918	0.01947498	0.01934936	0.02005677	0.0166038	0.025349	0.01861068	0.01813911	0.01598401	0.01535249	0.01941436	0.02231758	0.01443583	0.01759318	0.01859501	0.01875601	0.02071687	0.01871179	0.02384432	0.02026815	0.02405663	0.01589505	0.0216607	0.01500195	0.01533458	0.0177391	0.0122529	0.02021663	0.0207057	0.01691679	0.01785588	0.01179687	0.01656229	0.02426522	0.01836754	0.01128186	0.01056314	0.01706802	0.01230949	0.03851038	0.01878241	0.01365526	0.01431624	0.02687715	0.01772159	0.01891164	0.02521551	0.02394903	0.01889356	0.01815447	0.02018613	0.01637108	0.02617446	0.01812335	0.01253881	0.02857148
