Vessel Name: 28-07-2020_KaKr_Screen_P2_3
Metric: SARS-CoV-2  Integrated Intensity / A549-mRFP  Integrated Intensity
Cell Type: 
Passage: 0
Notes: 
Analysis: KaKr_SARS-CoV-2_DEFv9(TopH)

Date Time	Elapsed	EZH1	FABP4	FAM105A	FAM107A	FAM110A	FAM20A	FAM46A	FAM72A	FBXO6	FCAR	FFAR2	FGL2	FOS	FPR2	GBP1	GBP3	GBP4	GBP5	GLIPR2	GLS	GMPR	GPC4	GPR141	GPR155	HAPLN3	HAVCR2	HELZ2	HERC5	HERC6	HES4	HESX1	HLA-B	HLA-C	HMHA1	HSH2D	IDO1	IFI16	IFI27	IFI35	IFI44	IFI44L	IFI6	IFIH1	IFIT1	IFIT2	IFIT3	IFIT5	IFITM1	IFITM2	IFITM3	IFNE	IFNG	IGF2BP3	IL15	IL15RA	IL1A	IL1RN	IL4I1	IRF1	IRF7	IRF9	IRG1	ISG15	ISG20	ITPKB	KCNE3	KLF7	LAG3	LAMP3	LAP3	LGALS3BP	LGALS9B	LILRA1	LILRA5	LRCH2	LRRC25	LY6D	LY6E	MAP3K1	MBD4	MCM2	MEF2BNB	MNDA	MS4A4A	C1 (Mx2)	C2 (STAT1)	C3 (MAVS)	C4 (BST2)	C5 (EIF2AK2)	C6 (RSAD2)	C7 (NTC1)	C8 (NTC2)	C9 (NTC3)	C10 (NTC4)	C11 (NTC5)	C11 (NTC5),(-IFNa)
28/07/2020 17:20:00	0	0,004511164	0,005719613	0,002944832	0,005932345	0,008752645	0,006343207	0,005301192	0,007038212	0,009821223	0,009895602	0,01199397	0,01029587	0,01617962	0,005760636	0,00391619	0,007124533	0,006971918	0,005362757	0,005406342	0,004926795	0,001472391	0,008332714	0,005148211	0,007496929	0,02197268	0,006631369	0,0115324	0,007453335	0,00451549	0,005910502	0,01162329	0,003442814	0,004443671	0,004202189	0,005087228	0,006302848	0,02077558	0,003129922	0,008803202	0,004353741	0,00477281	0,005121596	0,00418829	0,003943106	0,005778457	0,002595886	0,005733787	0,009644333	0,007363508	0,01002387	0,008156647	0,007721081	0,003861393	0,02039797	0,005130515	0,007220616	0,006693878	0,008528899	0,00295563	0,002181676	0,02254162	0,01074571	0,002932372	0,006938867	0,006337932	0,005650819	0,01064615	0,002659168	0,00397973	0,004232145	0,008314135	0,03225062	0,01726641	0,001910179	0,02044462	0,003981469	0,007204565	0,02233298	0,008099969	0,003792804	0,006068589	0,01821319	0,001600199	0,01100975	0,005465231	0,006400086	0,01376009	0,01155555	0,007589878	0,003355196	0,003868408	0,003371823	0,006163471	0,002160368	0,01689514	0,00626568
28/07/2020 20:20:00	3	0,004004104	0,005092496	0,002529561	0,005119176	0,007340331	0,006092669	0,004866586	0,007202737	0,008578272	0,00953358	0,01073985	0,009399315	0,01496005	0,005488059	0,00315467	0,006551628	0,005979788	0,0045008	0,004967764	0,004938944	0,001022736	0,007381669	0,00448316	0,007060613	0,02061803	0,006272215	0,009108367	0,006084302	0,004158176	0,006050814	0,01071795	0,004488543	0,003376398	0,003924787	0,004647565	0,005421996	0,01819075	0,003034172	0,007398157	0,004303744	0,004169208	0,00536594	0,003791142	0,002958746	0,004533913	0,001350735	0,006287922	0,00883029	0,006724326	0,008430339	0,006410893	0,0054935	0,002795372	0,01201184	0,004038148	0,006451269	0,006569265	0,008628431	0,002405413	0,002534374	0,01852901	0,009582931	0,002946015	0,00609086	0,005995266	0,005451837	0,008739363	0,002109247	0,003443312	0,003555513	0,01016465	0,03011548	0,01703691	0,0008106264	0,0130866	0,003485744	0,005768655	0,02417853	0,007186361	0,003138529	0,005366042	0,01364319	0,002280605	0,01028025	0,005237853	0,005615761	0,008337617	0,01075821	0,007278222	0,003017177	0,003291293	0,003413078	0,00557456	0,00164252	0,004198957	0,005508365
28/07/2020 23:20:00	6	0,004306872	0,004998333	0,00198898	0,004739417	0,007369595	0,005199368	0,003893857	0,006484907	0,008265455	0,009121778	0,009864283	0,008805851	0,01493638	0,005171386	0,002956664	0,005107642	0,006131765	0,004565314	0,004637964	0,004788763	0,0009731188	0,007356248	0,004482039	0,006774972	0,01917532	0,005746339	0,004016777	0,004976346	0,004116888	0,005287271	0,01034652	0,002771885	0,003218519	0,003577197	0,004343234	0,00488326	0,01652552	0,003060365	0,007422053	0,004081154	0,003942621	0,004039686	0,004844475	0,003043388	0,004656573	0,001460129	0,006428182	0,008201345	0,006485415	0,005932534	0,003876664	0,00427972	0,002817094	0,006866513	0,003979957	0,006084073	0,005308996	0,008267956	0,002547381	0,002116344	0,02012999	0,00914291	0,002463944	0,006201713	0,006072613	0,005661007	0,006673102	0,002288763	0,002715078	0,003830899	0,006359483	0,03038589	0,0154385	0,001162369	0,008882922	0,003202556	0,005301489	0,01765859	0,006411868	0,00283531	0,0042038	0,01199596	0,002414774	0,009608433	0,004549987	0,005126717	0,005940346	0,01021487	0,006322625	0,00287443	0,003319284	0,003122172	0,006249831	0,001423262	0,001568215	0,004915157
29/07/2020 02:20:00	9	0,006990835	0,006708439	0,003665932	0,006361454	0,009175797	0,006469509	0,004769965	0,007352782	0,01115869	0,00932162	0,01253336	0,00912559	0,01778579	0,006594406	0,004186323	0,007320554	0,007031144	0,006613613	0,006437937	0,006521198	0,002591775	0,007954556	0,006329851	0,008701622	0,0205302	0,008177754	0,002204346	0,003520988	0,00590738	0,005986145	0,01274128	0,006163144	0,004000299	0,004156481	0,005260208	0,00644419	0,0162746	0,003225735	0,008167518	0,006246233	0,004789931	0,005216445	0,006064241	0,004365556	0,005818337	0,003014559	0,008385299	0,009125209	0,009888099	0,004618457	0,005493735	0,006703572	0,004368594	0,005146895	0,00669799	0,006689508	0,005372578	0,009472994	0,005154834	0,003467896	0,02248845	0,009747589	0,002742609	0,007800627	0,006767458	0,007524408	0,006127374	0,003847199	0,00353216	0,004422429	0,006514311	0,0291558	0,01553853	0,002230079	0,01007839	0,004827123	0,007048242	0,01941771	0,007302834	0,004140517	0,00595133	0,00974146	0,0038981	0,01050004	0,004460139	0,007226528	0,007231055	0,01324896	0,008456512	0,004432302	0,005225116	0,004829695	0,006338716	0,004118596	0,003854422	0,006580901
29/07/2020 05:20:00	12	0,01583236	0,01207751	0,01280559	0,01369036	0,01782344	0,01366697	0,01436713	0,01567836	0,01851781	0,01754592	0,02067944	0,01494223	0,02417378	0,01025072	0,009382141	0,01347767	0,01225796	0,01523083	0,01224876	0,01302935	0,00723346	0,01030745	0,0115602	0,01430724	0,02555891	0,01606212	0,0114086	0,009431779	0,01308708	0,01481768	0,0213318	0,01700778	0,01189748	0,008675663	0,01018152	0,01181684	0,02303883	0,009402974	0,01420064	0,01328728	0,008339881	0,01099375	0,0141933	0,009547239	0,01059908	0,01064737	0,01598597	0,01207082	0,0183739	0,01231543	0,01090004	0,01249769	0,01110488	0,008224575	0,01632942	0,01366442	0,008937258	0,01495942	0,01307659	0,009635943	0,03098666	0,01460481	0,007716987	0,01401777	0,01726205	0,01598949	0,01104574	0,0101163	0,009207458	0,008840235	0,01173582	0,0341815	0,02271468	0,009220961	0,01503566	0,01481469	0,01595524	0,02831559	0,01732907	0,009439621	0,01296403	0,01292528	0,007571809	0,01811189	0,01086457	0,01767197	0,014642	0,02121655	0,01845797	0,008969972	0,01378732	0,01693102	0,01418336	0,01440255	0,009356089	0,01718657
29/07/2020 08:20:00	15	0,02871448	0,02072577	0,02455591	0,02311744	0,02875348	0,02420482	0,02496355	0,02021344	0,02875615	0,02369612	0,02901061	0,02472737	0,03200945	0,01555191	0,01728331	0,02001399	0,0178076	0,02188536	0,01933745	0,02008533	0,01398832	0,01408903	0,01886072	0,02116603	0,03070618	0,02265626	0,01924	0,01669121	0,01935821	0,02182968	0,03196557	0,02403213	0,01774728	0,01725925	0,02103845	0,01913127	0,02932242	0,01490367	0,02133882	0,01929016	0,01654823	0,02058971	0,02159964	0,01669798	0,01859558	0,01881673	0,02275626	0,01736798	0,02933264	0,01846107	0,01625984	0,01865028	0,02059175	0,01335671	0,02263527	0,02248309	0,01574854	0,0223332	0,02090085	0,01788683	0,03950155	0,02126632	0,01468616	0,02203202	0,02486521	0,02389367	0,01842914	0,01604868	0,01700529	0,01470996	0,01754501	0,04209361	0,02899613	0,01665053	0,02182686	0,02140775	0,02610953	0,03816599	0,02826319	0,01644805	0,01945381	0,02003741	0,01450975	0,02976231	0,02074079	0,02772401	0,02666647	0,02820307	0,0299415	0,01969679	0,02079362	0,0271754	0,02534608	0,02613106	0,01920614	0,02919597
29/07/2020 11:20:00	18	0,03626286	0,02791906	0,03374978	0,03295448	0,03708374	0,03329989	0,03623493	0,02669402	0,03703932	0,03183057	0,03520872	0,03446935	0,03853498	0,02118835	0,02353731	0,02636842	0,02430937	0,02869684	0,0259799	0,02662083	0,02042379	0,01972509	0,02561801	0,02772276	0,03583809	0,02901026	0,02801689	0,02284846	0,02491833	0,02822454	0,04139629	0,03214423	0,02682088	0,0248797	0,02806261	0,02591906	0,03727042	0,0208433	0,02757885	0,02532956	0,02225978	0,02783952	0,02786274	0,02196917	0,02592115	0,02735617	0,02953979	0,02316931	0,03575059	0,02457777	0,02183851	0,02432859	0,02878341	0,01824724	0,03037411	0,03221773	0,02381259	0,02673952	0,02851112	0,02253994	0,0481868	0,02843765	0,01961904	0,02987551	0,03354108	0,0327765	0,02544311	0,02424933	0,02404517	0,01969251	0,02390212	0,04941357	0,03390017	0,02334854	0,0294853	0,02640176	0,03450528	0,05418208	0,03959901	0,02490254	0,02588415	0,02935088	0,02002695	0,03853033	0,03300361	0,03823094	0,03708059	0,03465852	0,03783002	0,02798808	0,02876347	0,03511317	0,03364273	0,03686387	0,03167667	0,04080807
29/07/2020 14:20:00	21	0,04458112	0,03518477	0,04189252	0,0396048	0,04408639	0,0419423	0,04336919	0,03481156	0,04567149	0,04024533	0,04090254	0,04286969	0,04315452	0,0251679	0,02863581	0,03165289	0,02992589	0,0357208	0,03251665	0,03161264	0,0256968	0,02416323	0,03142903	0,0336601	0,0436547	0,03484635	0,03465609	0,02705571	0,03139319	0,03418888	0,04877488	0,03899064	0,03263995	0,03174428	0,03365088	0,03303787	0,04302964	0,0270483	0,03389223	0,03033321	0,02865682	0,03472764	0,0334196	0,02727278	0,0302863	0,03239613	0,03439786	0,03073058	0,04327225	0,03080349	0,0278028	0,030159	0,03741633	0,02395206	0,0377152	0,04000406	0,02858012	0,03270489	0,03438445	0,02759914	0,05776635	0,03388323	0,0241391	0,03746199	0,04054839	0,03885759	0,03192057	0,03017428	0,0282278	0,02506538	0,03062708	0,05770066	0,03863057	0,02790195	0,0335976	0,03000458	0,04053107	0,06980944	0,045898	0,03075209	0,03181308	0,0343752	0,02663993	0,04714402	0,04325633	0,04920814	0,04501373	0,04208563	0,04281314	0,03650945	0,03370605	0,04334758	0,03967607	0,0455237	0,04144272	0,05305981
29/07/2020 17:20:00	24	0,05004307	0,03993714	0,04778867	0,04574413	0,05125454	0,0492452	0,04828064	0,0383654	0,05502571	0,04763794	0,0432674	0,0477514	0,04668994	0,02925099	0,03338201	0,03478056	0,03607458	0,04046303	0,03786999	0,03590444	0,02851329	0,02807927	0,03452182	0,03840249	0,04961652	0,04035148	0,04035499	0,03162651	0,03779162	0,03910127	0,05470508	0,04371512	0,03635728	0,0398927	0,03681038	0,03740704	0,0493827	0,0319332	0,03981088	0,03513185	0,03318797	0,03927568	0,03959748	0,03228104	0,03582425	0,03592965	0,03819593	0,03603742	0,05074302	0,03341298	0,03241197	0,03370031	0,04240767	0,0280349	0,0429329	0,04502145	0,03167797	0,03671437	0,0404316	0,02985432	0,06851552	0,03844718	0,02784743	0,04276156	0,04685203	0,04428596	0,03678726	0,03748243	0,03244942	0,02934637	0,03245057	0,06113461	0,04296702	0,03103618	0,03894939	0,03426153	0,04564952	0,08143935	0,05173146	0,03542003	0,03609003	0,03724285	0,03002373	0,05134292	0,05144209	0,05758095	0,05152577	0,04713784	0,0491741	0,04338209	0,03738881	0,04954338	0,04306755	0,05072511	0,05012731	0,06571498
29/07/2020 20:20:00	27	0,05567851	0,04406264	0,05181709	0,04947418	0,05487155	0,05179099	0,05094114	0,04200016	0,0603053	0,0535617	0,04725271	0,0527987	0,05071296	0,03100927	0,03748109	0,03727456	0,04121961	0,04240183	0,04104638	0,04102818	0,03103673	0,03055505	0,03708276	0,04230994	0,05376796	0,04513973	0,04432693	0,03432799	0,04184785	0,04139622	0,05819729	0,04858959	0,03895835	0,04480501	0,03887611	0,03957149	0,05305209	0,03658109	0,04431574	0,03677334	0,03703018	0,04236024	0,04250022	0,03721184	0,04007578	0,03834977	0,04170212	0,03942048	0,05745067	0,03595507	0,03602977	0,03674544	0,04797625	0,03157873	0,04760296	0,05052781	0,03415454	0,03975404	0,04440773	0,03201845	0,07807919	0,04124989	0,0312891	0,04733188	0,05015565	0,04676319	0,04041001	0,04166238	0,03600825	0,03186698	0,03373669	0,06501437	0,04593315	0,03458086	0,04162404	0,0383422	0,04954089	0,09301261	0,05713334	0,0376833	0,04018456	0,04017682	0,03326574	0,05519064	0,0557234	0,06572071	0,05576636	0,04902957	0,05286722	0,04661297	0,04021505	0,05413015	0,04655706	0,05249263	0,05668702	0,07243893
29/07/2020 23:20:00	30	0,05874725	0,047227	0,05391205	0,05237823	0,05608887	0,05336693	0,05387814	0,04454254	0,06402782	0,05952546	0,04931626	0,05420779	0,05213766	0,03427861	0,04003353	0,03986241	0,04353096	0,04398524	0,04371416	0,0445215	0,03253557	0,03191032	0,03970999	0,04549735	0,05639855	0,04760646	0,04672267	0,03643864	0,0446388	0,04280276	0,06099109	0,05023282	0,04040908	0,04480608	0,04034982	0,04240435	0,05050597	0,03860547	0,04832751	0,03878956	0,03936088	0,04393343	0,04420342	0,04014372	0,04373586	0,04107778	0,04234108	0,04168124	0,06105391	0,03851481	0,03966207	0,03799524	0,05161837	0,03338901	0,05120436	0,0527881	0,03632563	0,04293716	0,04735701	0,03363276	0,0819062	0,04346726	0,03276579	0,04896176	0,05156181	0,04827301	0,04243068	0,04425107	0,03883883	0,03426199	0,03539652	0,06795102	0,0477482	0,03635038	0,04245472	0,04124711	0,05092973	0,0998423	0,05784007	0,04046508	0,04350914	0,04171263	0,0356968	0,05888665	0,0567084	0,07024504	0,05914393	0,05139038	0,05502829	0,0494718	0,04261312	0,0566333	0,04897029	0,05511492	0,05982202	0,07820865
30/07/2020 02:20:00	33	0,05918768	0,0491074	0,05532866	0,05155789	0,056806	0,0546214	0,05591372	0,04601243	0,067332	0,06240124	0,05067648	0,0546635	0,05385518	0,03491468	0,04106076	0,04088798	0,04552715	0,04571198	0,04614642	0,0462328	0,03322871	0,032511	0,04105721	0,04820884	0,05846528	0,04875224	0,04830814	0,03774306	0,04600163	0,04390997	0,06249022	0,05173275	0,04081225	0,05392239	0,04052306	0,04333349	0,05148741	0,03997756	0,05120591	0,04095078	0,04098581	0,04452785	0,04423121	0,04165313	0,04603729	0,04134874	0,04247135	0,04423211	0,06325892	0,04037706	0,04157351	0,03904054	0,05351906	0,03456136	0,05263101	0,05430115	0,03735927	0,04525362	0,04824405	0,03360581	0,08183283	0,04601483	0,03501746	0,04831501	0,052302	0,05024228	0,04337089	0,04603606	0,03893732	0,03587634	0,03421376	0,06876584	0,04925966	0,03794742	0,04282274	0,04220192	0,05243977	0,1064018	0,05738512	0,04223103	0,04363613	0,04247558	0,03759998	0,05972125	0,05594978	0,07318534	0,05840888	0,05236677	0,05722483	0,05129997	0,04183503	0,05702212	0,0489457	0,05443936	0,06203751	0,08188257
30/07/2020 05:20:00	36	0,06121062	0,05028689	0,05506707	0,05225317	0,05522113	0,05472665	0,05548935	0,04744682	0,07040588	0,0636141	0,05254461	0,05668868	0,0553484	0,03632097	0,04075842	0,04166415	0,04652784	0,04573933	0,04772911	0,04631884	0,03368677	0,03333977	0,04254724	0,04879765	0,06036609	0,04814239	0,04971064	0,03739774	0,04565961	0,04461091	0,06120218	0,05145546	0,04128215	0,04944769	0,04117841	0,04385397	0,05190326	0,0408844	0,05358989	0,04230117	0,0407137	0,04413589	0,0443859	0,04267702	0,04712065	0,04194773	0,04180878	0,04567892	0,06441063	0,04047162	0,04302362	0,03881579	0,05497595	0,03468651	0,05489392	0,05513679	0,03897133	0,04619471	0,04896938	0,0338931	0,08236737	0,04689223	0,03421799	0,04819195	0,0519965	0,04932522	0,04335351	0,04756681	0,03979379	0,03474161	0,03308291	0,0702399	0,0475414	0,03882934	0,04435611	0,0433805	0,05508598	0,1130865	0,05614672	0,04379664	0,04473401	0,0425023	0,03854025	0,05802565	0,05735927	0,07387723	0,05778784	0,05262234	0,05749084	0,05058274	0,04207823	0,05565448	0,04855131	0,05458809	0,0624343	0,08225419
30/07/2020 08:20:00	39	0,05932254	0,05086445	0,05527585	0,05247999	0,05423933	0,0575434	0,05550161	0,04739115	0,06892126	0,0646346	0,05082574	0,05689745	0,05776412	0,03571924	0,04116133	0,04137156	0,04472742	0,04423995	0,04866752	0,04666752	0,03405496	0,0335542	0,04269191	0,04934496	0,06057986	0,04785812	0,05075939	0,0364393	0,04510074	0,04391584	0,0594361	0,04897774	0,04055793	0,05014538	0,03997597	0,04353961	0,05106543	0,04083281	0,05457827	0,04193167	0,04079691	0,04247936	0,04385433	0,04289558	0,0480368	0,03999954	0,04212686	0,04723808	0,06536891	0,03947193	0,04428663	0,03849623	0,05525783	0,03390956	0,05332693	0,05489068	0,04023584	0,04498495	0,04653677	0,0326291	0,085451	0,04669726	0,03379949	0,04677888	0,05094017	0,04807297	0,04292569	0,04652228	0,0415078	0,03198215	0,03338741	0,0702832	0,04746754	0,03847557	0,04359397	0,04267527	0,05462025	0,1177431	0,05424124	0,043173	0,04514289	0,04416499	0,03905173	0,05636297	0,05656444	0,07566448	0,05709693	0,0537564	0,05678052	0,05069025	0,04061551	0,05382767	0,04864192	0,05440094	0,06266897	0,07901508
30/07/2020 11:20:00	42	0,05896667	0,05073508	0,05492076	0,0519691	0,05359156	0,0537676	0,05381196	0,04669571	0,0660847	0,06514618	0,0517126	0,05792569	0,05450159	0,03595828	0,04120749	0,0409051	0,04478399	0,04372482	0,04880233	0,04583576	0,03356043	0,03267569	0,04236647	0,04848875	0,06170768	0,04697138	0,04870354	0,03631197	0,04394465	0,04290934	0,05800344	0,04675134	0,03990979	0,05113135	0,03870363	0,04364117	0,05071322	0,04044626	0,05625366	0,04139158	0,03984202	0,04037332	0,04305307	0,04261078	0,04790235	0,04035097	0,04190748	0,04712041	0,06639164	0,03967886	0,04516907	0,03755077	0,05393292	0,03363779	0,05407365	0,05409689	0,03968823	0,04407006	0,0485236	0,03205122	0,080491	0,04716889	0,03386589	0,04429671	0,04827825	0,04676628	0,04300532	0,04466235	0,04066772	0,03293189	0,03140284	0,06950166	0,04550587	0,03758053	0,04417975	0,04239568	0,05525054	0,1192048	0,05275979	0,04251229	0,04406518	0,04232403	0,03882254	0,05771302	0,05471622	0,07532663	0,05480648	0,05308854	0,0538591	0,04962086	0,04010416	0,05246911	0,04665797	0,05267167	0,06233947	0,07931571
30/07/2020 14:20:00	45	0,06010968	0,05060747	0,05344842	0,0518209	0,052593	0,05264903	0,04907145	0,04443214	0,06363379	0,06435727	0,04900454	0,05882274	0,0561764	0,0357625	0,04088223	0,03986217	0,0439062	0,04366507	0,04801188	0,04581884	0,03452798	0,03267673	0,04112719	0,04756976	0,06173864	0,04501171	0,04988779	0,03497377	0,04266748	0,04207077	0,05542495	0,0466653	0,03964267	0,05421074	0,03698882	0,04117558	0,05134529	0,03952217	0,05668179	0,04106466	0,03973599	0,0374772	0,04327381	0,04125587	0,04638729	0,0400288	0,0418978	0,04608196	0,0679206	0,04054819	0,04661147	0,03736068	0,05340376	0,0339912	0,05363871	0,05192399	0,0392519	0,04323436	0,04770059	0,03194185	0,07836642	0,04522989	0,03347812	0,0432248	0,04601499	0,04533884	0,03998815	0,04532899	0,04054292	0,03016895	0,03079912	0,06832996	0,04392726	0,03741587	0,04353694	0,04130369	0,05244014	0,123035	0,048964	0,04139572	0,0445444	0,04258764	0,03867849	0,05152631	0,05405322	0,07260002	0,05191431	0,05129588	0,05341377	0,04755947	0,03860224	0,05332575	0,04773058	0,05119612	0,06176422	0,07801034
30/07/2020 17:20:00	48	0,06028502	0,04897809	0,05291824	0,05054422	0,05115395	0,0487881	0,04645103	0,0422439	0,0609136	0,06472676	0,04784806	0,05778581	0,05466495	0,03502967	0,03991535	0,0377731	0,0420629	0,04264194	0,04675658	0,04467494	0,03452491	0,03196125	0,03996977	0,04574709	0,06101434	0,04307853	0,04886321	0,0334106	0,04157661	0,04164567	0,05446465	0,04451296	0,03869613	0,05340206	0,03471068	0,03989553	0,04976501	0,03771947	0,05496677	0,04016605	0,03784894	0,03601013	0,04168209	0,03950588	0,04173831	0,03467648	0,04149587	0,04513609	0,06794857	0,03979896	0,04613369	0,03623952	0,05219901	0,03310419	0,0520507	0,04928436	0,03736328	0,04185821	0,04420196	0,03104226	0,07664128	0,04500998	0,03234831	0,04053391	0,04488431	0,04383187	0,03838348	0,04151085	0,03931838	0,02839762	0,02953287	0,06542183	0,04211022	0,03578116	0,04115787	0,04060664	0,05011306	0,1212872	0,04620184	0,04080115	0,04336954	0,04133279	0,03849979	0,04674513	0,05181213	0,07247607	0,05079836	0,04875948	0,0505512	0,04831234	0,03584853	0,05045521	0,04656312	0,05028372	0,05809192	0,07723334
