Vessel Name: 31-07-2020_KaKr_Screen_P1_4
Metric: SARS-CoV-2  Integrated Intensity / A549-mRFP  Integrated Intensity
Cell Type: 
Passage: 0
Notes: 
Analysis: KaKr_SARS-CoV-2_DEFv9(TopH)

Date Time	Elapsed	AC005013.1	ACO1	ADAM12	ADAMDEC1	ADAR	ADORA3	AIM2	AKAP2	ALOX5AP	ANKRD22	APOBEC3A	APOBEC3G	APOL1	APOL2	APOL3	APOL4	APOL6	ARAP1	ARL9	ASGR1	ATF3	ATF7IP	ATXN1	BATF	BATF2	BRD3	BST2	C19orf66	C6orf100	C9orf91	CAPN15	CASP1	CBFA2T3	CCL13	CCL2	CCL24	CCL7	CCL8	CCNA1	CCR1	CCR2	CD180	CD274	CD38	CD69	CD80	CEACAM1	CFB	CFHR1	CH25H	CHST2	CLEC5A	CLECL1	CMKLR1	CMPK2	CNP	CTAGE1	CX3CR1	CXCL10	CXCL11	CXCL3	CXCL9	CYP2J2	DCT	DDX58	DDX60	DDX60L	DEFB1	DHX58	DOK1	DOK2	DOK3	DTX3L	DUSP7	EIF2AK2	EMP1	EMR3	ENG	ENPP2	EPHB2	EPSTI1	ETV7	EVI2A	C1 (Mx2)	C2 (STAT1)	C3 (MAVS)	C4 (BST2)	C5 (EIF2AK2)	C6 (RSAD2)	NTC1	NTC2	NTC3	NTC4	NTC5
31/07/2020 17:07:00	0	0.007570362	0.001121885	0.0009546571	0.001632396	0.003768078	0.001545269	0.00387516	0.00356747	0.001799644	0.00172845	0.001959288	0.002302247	0.009291448	0.001069371	0.002165923	0.0007945815	0.004014942	0.002398091	0.004534114	0.003537671	0.00287438	0.0007997339	0.002348044	0.003823239	0.002707758	0.002471115	0.009861749	0.0009695684	0.002010902	0.005916326	0.003006182	0.003102551	0.0008212285	0.001600837	0.0008699181	0.005034331	0.001503976	0.00568048	0.002549267	0.00200864	0.004373924	0.0009294825	0.002108686	0.00137973	0.003015775	0.002464155	0.003604281	0.0064084	0.001656807	0.005536977	0.005182277	0.001328747	0.009167127	0.007667566	0.004620506	0.00388131	0.002919295	0.0017252	0.002815699	0.02323425	0.001740673	0.002347108	0.00112992	0.003263968	0.006222085	0.004714775	0.009730889	0.003968547	0.002181707	0.001625543	0.004464837	0.009718683	0.004792554	0.005783816	0.004590164	0.003587481	0.004543973	0.006193588	0.004204628	0.002587692	0.001537709	0.004328027	0.002168792	0.004718184	0.00206241	0.004443921	0.008050359	0.003981866	0.0004999514	0.0028545	0.001747212	0.001841946	0.0005571552	0.002269386
31/07/2020 20:07:00	3	0.006559559	0.001276616	0.001069995	0.002177731	0.003640637	0.001408859	0.00327219	0.003093071	0.001404298	0.001457944	0.001385909	0.002179805	0.002311615	0.001498886	0.002177781	0.0007571745	0.003521546	0.00265353	0.003770511	0.003149317	0.002682112	0.001319053	0.002386006	0.002734817	0.002170019	0.001903096	0.008151205	0.0008736897	0.002040076	0.005507663	0.002689507	0.002743725	0.0007911804	0.00160545	0.0006108941	0.002986381	0.00173415	0.004782171	0.00263328	0.001126679	0.003643213	0.0007721985	0.001422264	0.0008744135	0.002497273	0.002074417	0.003235606	0.005792481	0.001643901	0.004301033	0.005553034	0.001065372	0.007758209	0.007113436	0.004230105	0.003142055	0.003005921	0.001370558	0.002765267	0.02162002	0.002177337	0.001698771	0.001076423	0.002557939	0.006187718	0.003414547	0.008366426	0.003471452	0.0021357	0.001146574	0.003281191	0.008984718	0.004344675	0.004857331	0.003606503	0.002878055	0.004100036	0.005337422	0.003513601	0.002773904	0.0009620013	0.002739262	0.001883686	0.004315635	0.001508377	0.003545777	0.004373678	0.003765921	0.0002247649	0.002742119	0.001199567	0.001536139	0.0003644803	0.002028898
31/07/2020 23:07:00	6	0.006406089	0.001062439	0.0007842736	0.001736624	0.00293341	0.001304334	0.003187675	0.003970254	0.00132631	0.001618156	0.001060503	0.002227782	0.00229808	0.001216162	0.001747816	0.001066263	0.003507247	0.002662695	0.003622207	0.002940267	0.002493545	0.0008240291	0.001941444	0.003407334	0.00250215	0.00182284	0.008168621	0.001103083	0.001791108	0.005026779	0.003164867	0.002649175	0.001557086	0.001324274	0.0005768997	0.003571818	0.001548623	0.004860777	0.002044054	0.001170823	0.003912952	0.0006081084	0.001653852	0.001372766	0.002495437	0.002557858	0.002259931	0.005074291	0.001261736	0.004589711	0.004497066	0.001282853	0.007439203	0.006636806	0.003781439	0.00326669	0.00216205	0.001287175	0.002661537	0.01087726	0.001280362	0.001565764	0.0009387576	0.002224577	0.005807253	0.004098371	0.008021976	0.003551578	0.002050947	0.0008670715	0.00324	0.007968163	0.004442109	0.004757004	0.006123756	0.0023124	0.003965126	0.005566315	0.00331209	0.002735686	0.001006513	0.002499544	0.001817413	0.003149074	0.001816545	0.002805769	0.006268511	0.003389635	0.0008866427	0.002332871	0.001290965	0.001731458	0.0003510768	0.001816592
01/08/2020 02:07:00	9	0.007195744	0.001985562	0.00371742	0.003698054	0.004382549	0.005611942	0.004846999	0.008079599	0.002996758	0.001785283	0.003373598	0.006430806	0.004088472	0.002443081	0.003083655	0.002053699	0.00481549	0.004968596	0.005680571	0.004166825	0.004681478	0.003671813	0.002285239	0.005594984	0.003523142	0.003460689	0.01107125	0.003078865	0.004295494	0.008790194	0.00462616	0.007844288	0.001972221	0.001996094	0.001085393	0.003290732	0.004145668	0.005486328	0.002891435	0.001558627	0.004727017	0.004103582	0.005836756	0.003234096	0.004954793	0.004064645	0.004403906	0.006415349	0.002807772	0.00660621	0.005933614	0.003831031	0.008750973	0.009798833	0.005415494	0.005534824	0.002573436	0.003442995	0.003825086	0.02159696	0.002204116	0.003679458	0.0021984	0.003236184	0.006991919	0.006164353	0.01043608	0.003945183	0.004569525	0.002628421	0.004769022	0.01004182	0.005650167	0.005815861	0.004521796	0.00507653	0.005918487	0.006908879	0.004703043	0.002964304	0.002603566	0.004487475	0.004289774	0.004358904	0.004141335	0.00422777	0.008419956	0.005147759	0.002980318	0.003688784	0.00364987	0.0024582	0.002725444	0.004219458
01/08/2020 05:07:00	12	0.01241819	0.006740924	0.009879676	0.008720523	0.01376987	0.01140908	0.008825461	0.01223771	0.008494006	0.005751983	0.008716994	0.01445728	0.008634335	0.006917994	0.005874427	0.004758793	0.008603239	0.01014494	0.01165813	0.007548468	0.009114842	0.0083582	0.005034215	0.0100954	0.007873069	0.009301236	0.01561689	0.00823926	0.009843528	0.01526362	0.01065762	0.01323013	0.006799586	0.004983698	0.005252658	0.009238366	0.008117694	0.01042382	0.006756252	0.007113414	0.01160214	0.009686311	0.01351468	0.009155536	0.01106248	0.006846532	0.01024991	0.01063804	0.00562388	0.01056588	0.01128707	0.01038905	0.01478571	0.01491899	0.009791361	0.01037505	0.003838397	0.007836938	0.009037289	0.02388886	0.004549697	0.007215045	0.007390546	0.005937845	0.01088042	0.01004256	0.01533432	0.00876724	0.006511799	0.00587401	0.007789232	0.0141746	0.01036029	0.01027356	0.008875301	0.01301274	0.008933263	0.01319086	0.007703958	0.005222614	0.006220168	0.009138727	0.008875365	0.009423453	0.008917102	0.01054128	0.01473763	0.01116447	0.008879662	0.008324072	0.007625633	0.005374335	0.009153258	0.009808723
01/08/2020 08:07:00	15	0.01805247	0.01243776	0.01719158	0.01421301	0.01986473	0.01720165	0.01319275	0.01699161	0.01511575	0.01008379	0.01462911	0.01968792	0.01307344	0.01113933	0.009126636	0.01002738	0.0148421	0.01745893	0.01708259	0.0143355	0.01484652	0.0140534	0.007387451	0.01547422	0.01137239	0.01463693	0.01993774	0.01320636	0.01559143	0.01961096	0.01480743	0.01942145	0.0110529	0.008969874	0.00834877	0.01687061	0.01334133	0.01385747	0.01052397	0.01266248	0.01826849	0.0154506	0.02007206	0.01374543	0.01568737	0.01026332	0.01503764	0.01643247	0.010591	0.01306656	0.01695461	0.01506001	0.0202067	0.0197818	0.01428031	0.01511329	0.007716783	0.01359131	0.01432076	0.022662	0.01015675	0.0110411	0.01234608	0.009880442	0.01542311	0.01352948	0.01781933	0.01423211	0.009521795	0.01164868	0.01048619	0.01940161	0.01488634	0.01330034	0.01418405	0.01717169	0.01341031	0.0193243	0.01090005	0.008718759	0.01151368	0.01359357	0.01307438	0.01387737	0.01337155	0.01749456	0.01844824	0.01675157	0.01586998	0.01488894	0.01239174	0.009829809	0.01472983	0.0145002
01/08/2020 11:07:00	18	0.02227742	0.01740404	0.02124971	0.01933315	0.02557191	0.01978114	0.01838567	0.01997822	0.02141675	0.01454356	0.01797531	0.02569614	0.01708063	0.01527668	0.01373836	0.01593652	0.02104698	0.02246722	0.02236891	0.01846527	0.01979104	0.02108628	0.01012307	0.0220211	0.01445503	0.01912155	0.02221082	0.01701012	0.02044845	0.02390322	0.01744856	0.02373344	0.01568464	0.01192704	0.01059955	0.02368946	0.0179615	0.01807245	0.01372463	0.01740634	0.02336471	0.02036247	0.02561198	0.01746203	0.0213886	0.01508922	0.01871326	0.0220115	0.01475404	0.01802988	0.02360949	0.02152922	0.02579471	0.02380127	0.01941966	0.01883772	0.01125333	0.01777509	0.01791205	0.03105594	0.01479075	0.01529868	0.01718923	0.01374494	0.01922874	0.01684011	0.02270627	0.0187789	0.01156928	0.01734488	0.01666875	0.02306398	0.01930921	0.01769991	0.01908126	0.0241927	0.01739691	0.02169511	0.01508832	0.01041683	0.01546561	0.01589828	0.01716187	0.01870294	0.0181673	0.02487979	0.0237875	0.02055634	0.02256301	0.0193221	0.0203239	0.01440408	0.02115893	0.0205304
01/08/2020 14:07:00	21	0.02698206	0.02222033	0.02556367	0.02416472	0.03069369	0.02202036	0.02325456	0.02312768	0.02528509	0.01705873	0.02252365	0.03104848	0.02119783	0.01888193	0.01937011	0.01998952	0.02658824	0.02669552	0.02631932	0.02171169	0.02468744	0.02826854	0.01275086	0.02721969	0.01827946	0.02112547	0.02606086	0.02088094	0.02395893	0.02911617	0.01940046	0.02686985	0.02064817	0.01451136	0.01397105	0.02931657	0.02121564	0.0206258	0.01543272	0.02137659	0.02843513	0.02437915	0.03028941	0.02018164	0.02423615	0.01717617	0.02286291	0.02902806	0.0191057	0.02132808	0.02776556	0.02549661	0.03152959	0.02839871	0.02226773	0.02216591	0.01518552	0.02032056	0.01918711	0.02828277	0.01897253	0.01924795	0.0217984	0.01794207	0.0228147	0.02226304	0.02557724	0.02335914	0.01455004	0.02156798	0.02153739	0.02630514	0.02323039	0.01991668	0.02071635	0.02965849	0.02141397	0.02539799	0.01672575	0.01297364	0.01897201	0.01829388	0.01982042	0.0233376	0.0229547	0.03033411	0.02776757	0.02481989	0.02747046	0.0257563	0.02595321	0.01925469	0.02524995	0.02506003
01/08/2020 17:07:00	24	0.02918648	0.02656621	0.02890967	0.02650746	0.03546139	0.02346257	0.02710333	0.02741362	0.02931841	0.02093205	0.02565528	0.03714971	0.02550274	0.02296781	0.02435839	0.02320553	0.02943903	0.03114457	0.03023148	0.02295249	0.02654867	0.02978483	0.0159131	0.03285944	0.02147241	0.02261472	0.02967617	0.02300431	0.02641239	0.03184744	0.02057805	0.02976672	0.02469452	0.01804122	0.01623775	0.03201703	0.02563411	0.02282538	0.01764925	0.02506779	0.03397461	0.02676537	0.03414353	0.0232939	0.02704726	0.01806623	0.0258122	0.03490849	0.02238717	0.02308657	0.03036275	0.02761506	0.03534899	0.03259656	0.024832	0.02263664	0.01849528	0.02271228	0.02423316	0.03632533	0.02309219	0.02167219	0.02518087	0.0217215	0.02499055	0.02667713	0.02808509	0.02657187	0.01712856	0.02522031	0.02470648	0.02929006	0.02701818	0.02101207	0.02206752	0.03290152	0.02320897	0.02893851	0.01874255	0.01556434	0.02103351	0.02048237	0.02220209	0.02766788	0.02676676	0.03387384	0.03210041	0.02760313	0.03253603	0.02918081	0.02986738	0.02293025	0.02908663	0.02794546
01/08/2020 20:07:00	27	0.03090243	0.02976104	0.0314193	0.02667155	0.03880278	0.02430101	0.02812581	0.02738275	0.03165481	0.0234261	0.02711131	0.04139155	0.02797739	0.0246044	0.02734798	0.02578568	0.03196619	0.03385738	0.03233195	0.02416167	0.0276403	0.03135428	0.01770453	0.03564579	0.02240696	0.02301904	0.03289508	0.02299514	0.02869774	0.03697023	0.02289305	0.03268601	0.02814701	0.02106339	0.01675049	0.03466323	0.02685585	0.02396618	0.02084416	0.02678283	0.03505073	0.02847002	0.03816634	0.02380501	0.02985376	0.01807458	0.02799312	0.03734915	0.02459414	0.02501367	0.03245745	0.02970769	0.03840572	0.03648543	0.02577976	0.02443522	0.02163022	0.02438489	0.02605987	0.0298346	0.02541355	0.02431647	0.03021291	0.02427314	0.0256366	0.03124858	0.0287424	0.02842081	0.01954222	0.02740861	0.02622919	0.03105602	0.03053544	0.02236804	0.02447928	0.03517992	0.02640614	0.03195163	0.01867592	0.01674129	0.02206771	0.02227216	0.02399751	0.03189716	0.03000942	0.03550128	0.03388152	0.02976334	0.03549144	0.03320716	0.03082236	0.0249341	0.03145026	0.03037541
01/08/2020 23:07:00	30	0.0310739	0.0321759	0.03399115	0.02720436	0.04270722	0.02574934	0.02936852	0.02863652	0.03318679	0.02608186	0.0281846	0.04426273	0.02936939	0.02469307	0.02968593	0.02781743	0.03335297	0.03778975	0.03427433	0.02536943	0.02868484	0.03173005	0.01852858	0.03812281	0.02360485	0.02329123	0.032895	0.02317715	0.03027728	0.03778241	0.02298662	0.03404946	0.0298502	0.02459491	0.01707446	0.03578411	0.02716666	0.02412417	0.02327712	0.0270412	0.03593604	0.0282876	0.03868493	0.02532992	0.03109463	0.02003854	0.02939051	0.04086155	0.02504508	0.02723053	0.03252281	0.03153922	0.04027176	0.03882017	0.02704977	0.02581855	0.02416103	0.02449838	0.02755825	0.03718912	0.0281926	0.02534108	0.03390803	0.02576249	0.02697417	0.0337935	0.0274191	0.02959405	0.02129525	0.02834532	0.02909377	0.03254742	0.03224199	0.02324999	0.02546434	0.03602747	0.02786944	0.03397091	0.01888681	0.01664218	0.02308248	0.02483467	0.02574411	0.0337318	0.03274712	0.03655747	0.03362167	0.02992978	0.03731507	0.03486207	0.03086613	0.02597567	0.03186398	0.03194746
02/08/2020 02:07:00	33	0.03152433	0.03312149	0.03430171	0.02608411	0.04266284	0.02639666	0.02919052	0.02971056	0.03334441	0.0277756	0.02786753	0.03967468	0.02968662	0.02405578	0.03105336	0.02823104	0.03379881	0.04007105	0.03487182	0.02605264	0.02912871	0.03200063	0.01871526	0.03900637	0.02369584	0.02371226	0.03298454	0.02344485	0.03136725	0.03870524	0.02305135	0.03492084	0.03132031	0.02576343	0.01719385	0.03734694	0.02676374	0.0244812	0.02452786	0.02729647	0.0364714	0.02797456	0.03897008	0.02591898	0.03153567	0.02095568	0.02942926	0.04156404	0.02589761	0.02741528	0.03317264	0.03276934	0.0408695	0.03922919	0.02713009	0.02768664	0.02510009	0.02418371	0.02899883	0.03181042	0.02972897	0.02553776	0.03575328	0.02592952	0.02714297	0.03592258	0.02703742	0.02916458	0.02272068	0.02864863	0.03042493	0.03464647	0.03306931	0.02400217	0.02500053	0.03738441	0.02904071	0.03641148	0.01878563	0.0162456	0.0221931	0.02592077	0.02505468	0.03465429	0.03434915	0.03686109	0.03537786	0.02944573	0.03842676	0.03576726	0.03088087	0.02596481	0.03089121	0.03136235
02/08/2020 05:07:00	36	0.0317479	0.03272945	0.03402534	0.02495692	0.04310791	0.02746786	0.02842402	0.02859772	0.0338532	0.02846129	0.02775006	0.04592838	0.02928872	0.02347973	0.03174824	0.02733039	0.03282354	0.04270146	0.03566026	0.02510601	0.02933197	0.03180489	0.01993517	0.03926197	0.02390469	0.02345445	0.03165868	0.02251179	0.03185756	0.0394478	0.0234646	0.03409196	0.03236781	0.02650027	0.01662075	0.03652272	0.02766386	0.02415328	0.02482682	0.02687295	0.03606146	0.0284166	0.03875851	0.02531151	0.03202783	0.02146647	0.03033647	0.04375863	0.02483913	0.02732577	0.03338053	0.03348497	0.04131554	0.03810173	0.02633261	0.02865251	0.02673403	0.02405928	0.03046208	0.03092735	0.03142476	0.02603731	0.03706053	0.02649343	0.02699794	0.03527626	0.02514974	0.02934974	0.02389701	0.02820931	0.03179579	0.03664432	0.03421176	0.02315667	0.02419103	0.03816103	0.02938871	0.03950255	0.01922925	0.01582631	0.02174471	0.02756155	0.02509752	0.03402304	0.03530225	0.03728023	0.03562669	0.02991133	0.04306244	0.03707504	0.03015246	0.02543442	0.03056914	0.03133009
02/08/2020 08:07:00	39	0.03230657	0.03192366	0.03324653	0.02391796	0.04265147	0.02803746	0.02840762	0.02770986	0.03368849	0.02817137	0.02728568	0.04534392	0.02917935	0.02247709	0.03167044	0.02687595	0.032936	0.04258044	0.034959	0.02544928	0.0289619	0.03057731	0.02012544	0.03862359	0.02354363	0.02290568	0.03258616	0.02152443	0.03117595	0.04046102	0.02219585	0.03287184	0.03161997	0.02723757	0.0162239	0.03571261	0.02650503	0.02316572	0.02560148	0.02679512	0.0356121	0.02711464	0.03699007	0.02548822	0.03081528	0.02157124	0.02955842	0.04532485	0.02506705	0.02735746	0.03315454	0.03330318	0.04105594	0.03748929	0.02584738	0.02970015	0.02846801	0.02390105	0.03210798	0.03113911	0.03173397	0.02640495	0.03768413	0.02600783	0.02582436	0.03503704	0.02385036	0.02918088	0.02539991	0.02790306	0.03283457	0.0373308	0.03542605	0.02471424	0.02324881	0.03650879	0.02910817	0.04015914	0.01908236	0.01566802	0.02135204	0.02852082	0.02422723	0.03398971	0.03675529	0.03788996	0.03589633	0.02907381	0.0437899	0.03911367	0.0310656	0.02426388	0.02926667	0.03146452
02/08/2020 11:07:00	42	0.03204526	0.03249023	0.03295548	0.0234495	0.04107409	0.02696055	0.02832585	0.02713901	0.03109964	0.02856415	0.02676834	0.03792895	0.02972844	0.02175024	0.03090104	0.02584502	0.03265429	0.04278151	0.03569205	0.02427676	0.0283238	0.02906523	0.02000117	0.03881884	0.0226112	0.02213412	0.03047295	0.02020492	0.03059049	0.040729	0.02094257	0.03289147	0.03115639	0.02770603	0.01521793	0.03442999	0.02610506	0.02203555	0.02526123	0.02631203	0.03463751	0.02601201	0.03570471	0.02447456	0.02974538	0.0208227	0.02924193	0.04637569	0.02286552	0.02668351	0.03038494	0.03245042	0.03979537	0.03700903	0.0257124	0.02955526	0.02835619	0.0231935	0.031209	0.02911218	0.03188992	0.02654982	0.03729608	0.02590481	0.02459554	0.03258041	0.02336095	0.02852033	0.02568505	0.02760254	0.02868048	0.03700957	0.03554798	0.02530313	0.0228284	0.0366687	0.02979658	0.0406651	0.01784172	0.01506285	0.02054395	0.02983981	0.02375901	0.03380683	0.03590169	0.03659935	0.03607615	0.0277056	0.04438655	0.03945587	0.02752567	0.02424944	0.02884022	0.03054063
02/08/2020 14:07:00	45	0.0322287	0.03179827	0.03321835	0.02241462	0.03988384	0.02701568	0.02732948	0.02596533	0.03129843	0.02766924	0.02809783	0.03656517	0.02893788	0.02147796	0.03052521	0.02505882	0.03201527	0.04169176	0.03367339	0.02442621	0.02706008	0.02885148	0.02048399	0.03784503	0.02347592	0.02130351	0.03020447	0.01912904	0.02966186	0.04016228	0.02054325	0.03197063	0.03035448	0.02735066	0.01510945	0.03198887	0.02520558	0.02100231	0.02505059	0.02681146	0.0317426	0.02551	0.03428318	0.02295586	0.02913971	0.01973167	0.02854367	0.04548621	0.02221015	0.02673028	0.02996763	0.03183318	0.03971609	0.0368585	0.02474788	0.02786416	0.02812137	0.02211161	0.03114555	0.02794055	0.03060199	0.02533382	0.03471375	0.02553708	0.02389059	0.03174759	0.02306326	0.02733009	0.02592782	0.02731146	0.02768165	0.03709357	0.03689324	0.02502577	0.02297718	0.03360074	0.02859303	0.04087527	0.01734078	0.01491892	0.0199696	0.02959982	0.02246208	0.03314229	0.03611408	0.035181	0.03643844	0.02666845	0.03961553	0.03946427	0.02707159	0.0239437	0.02751032	0.0299917
02/08/2020 17:07:00	48	0.03219919	0.03009301	0.03229243	0.02114759	0.03813283	0.02643247	0.02722982	0.02431159	0.03051292	0.02709102	0.02717215	0.03540297	0.0279337	0.02122441	0.02993612	0.02337083	0.03062972	0.04196028	0.03381343	0.02458963	0.02654837	0.02747489	0.01992548	0.03754148	0.02251175	0.02006032	0.02904079	0.01850767	0.02915044	0.03935959	0.01846053	0.03047903	0.02948616	0.02603378	0.01391082	0.03109575	0.02404477	0.01991125	0.02428345	0.02713823	0.03053603	0.02382772	0.03200099	0.02195793	0.02803709	0.01876772	0.02708708	0.04331812	0.02217662	0.02631782	0.03071561	0.03113355	0.03878044	0.03503277	0.02295439	0.0257416	0.02735136	0.02190164	0.02992524	0.02608584	0.02945029	0.02438563	0.03419193	0.02397456	0.02278296	0.03030926	0.02253792	0.02733449	0.02459027	0.0267969	0.02841111	0.03518783	0.03750603	0.02544134	0.02381413	0.03200446	0.02790079	0.04193103	0.01638639	0.01412708	0.01947405	0.02869158	0.02126168	0.03210084	0.03359039	0.03423825	0.03713442	0.02602988	0.03669151	0.03899681	0.02716888	0.02297376	0.02611525	0.03001027
