Vessel Name: 07-08-2020_KaKr_Screen_P1_6
Metric: SARS-CoV-2  Integrated Intensity / A549-mRFP  Integrated Intensity
Cell Type: 
Passage: 0
Notes: 
Analysis: KaKr_SARS-CoV-2_DEFv9(TopH)

Date Time	Elapsed	AC005013.1	ACE2	ACO1	ADAM12	ADAMDEC1	ADAR	ADORA3	AIM2	AKAP2	ALOX5AP	ANKRD22	APOBEC3A	APOBEC3G	APOL1	APOL2	APOL3	APOL4	APOL6	ARAP1	ARL9	ASGR1	ATF3	ATF7IP	ATXN1	BATF	BATF2	BRD3	BST2	C19ORF66	C6ORF100	C9ORF91	CAPN15	CASP1	CBFA2T3	CCL13	CCL2	CCL24	CCL7	CCL8	CCNA1	CCR1	CCR2	CD180	CD274	CD38	CD69	CD80	CEACAM1	CFB	CFHR1	CH25H	CHST2	CLEC5A	CLECL1	CMKLR1	CMPK2	CNP	CTAGE1	CX3CR1	CXCL10	CXCL11	CXCL3	CXCL9	CYP2J2	DCT	DDX58	DDX60	DDX60L	DEFB1	DHX58	DOK1	DOK2	DOK3	DTX3L	DUSP7	EIF2AK2	EMP1	EMR3	ENG	ENPP2	EPHB2	EPSTI1	ETV7	EVI2A	C1 (Mx2)	C2 (STAT1)	C3 (MAVS)	C4 (BST2)	C5 (EIF2AK2)	C6 (RSAD2)	C7 (NTC1)	C8 (NTC2)	C9 (NTC3)	C10 (NTC4)	C11 (NTC5)	C11 (NTC5),(-IFNa)
07/08/2020 16:20:00	0	0,001360635	0,001929748	0,00144925	0,001539318	0	0,002773887	0	0,001215256	0,0001988375	0,0008127857	0,000134345	0,000479655	0,001560981	0,0009551707	0,001728963	0,0007625204	0	0,0008539893	0,0005396188	0,001161176	0,0008732357	0,0007196369	0,001665145	0,0002695667	0	0,000168132	0,001267351	0,001338388	0,003143256	0,0009693629	0,001420054	0,0004641583	0,0004019331	0,0001380583	0,001473394	0,001546707	0,001584681	0,0007996606	0,002166514	0,001008187	0,003458258	0,001084716	0,0002446908	0,0007430139	0	0,002037939	0,0009943928	0,001755814	0	0,0001514447	0,001527919	0,0007331247	0	0,002827073	0,001173262	0,0006311685	0,000885416	0,0002306692	0,0003102692	0,0001984906	0,001412334	0,006094768	0,001763449	0,001424708	0,0001507731	0,00415682	0,0009152919	0,0002314193	0,0007759904	0,00375922	0,0006315031	0,0007448997	0,002644042	0,00232828	0,006377162	0,003284253	0,003014636	0,000845573	0,0003307448	0,00149574	0,002344359	0,00105121	0,001909856	0,0007100942	0,002873031	0,0001361331	0,003501339	0,001259232	0,0003292092	0,0006000881	0,0006725198	0,0006721157	0,0002491396	0,0005961656	0,001443708	0
07/08/2020 19:20:00	3	0,0006686663	0,001816366	0,0006231982	0,00127734	0	0,001954251	0	0,0006316612	0	0,0005655715	0	0,0004126506	0,001297015	0,001174605	0,002080973	0,0005168968	0	0,0009433238	0,0003585586	0,00151008	0,0002818283	0,0001958549	0,001105119	0,0004180302	0,0007598163	0,0005670969	0,0007335056	0,0006019672	0,002409999	0,0005416382	0,001133561	0,0004809973	0	0,0004290328	0,0006481763	0,001341411	0,001495922	0,0007347488	0,002552887	0,0002624106	0,003387928	0,000717957	0,0002117394	0,000445506	0,0003635048	0,0009793061	0,0009620682	0,001802694	0	0,0002114542	0,001050252	0,0001411373	0,001041741	0,002353563	0,0004368164	7,762806E-05	0,0005897045	0	0,0004159679	0,0001510802	0,0002517322	0,005375412	0,001686868	0,001245825	0,0001367428	0,003548266	0,001486105	0,0003556136	0,0002430106	0,002370191	0,0004065926	0,0003753421	0,001696064	0,001823846	0,004635487	0,001190773	0,00272144	0	0	0,001661569	0,001922268	0,0003036099	0,001141106	0,0006316741	0,0005245389	8,571998E-05	0,002134668	0,00126213	0,0003665107	0,0009709271	0,0001213324	0	0,0002264915	0,0002516674	0,0007466748	0,000197892
07/08/2020 22:20:00	6	0,0011063	0,001692708	0,0006951534	0,001245365	0	0,001665052	0	0,0006330858	0	0,0005491002	0	0,0004557369	0,0008933927	0,001051027	0,001374297	0,000425715	0	0,0004209632	0,0003224376	0	5,161299E-05	0,0007474016	0,000703987	0,001424714	0,0002070404	0,0004826766	0,000165731	0,0003468033	0,002695867	0,0002827314	0,0008069582	0,000317126	0,0002353762	0,0002354512	0,001009643	0,001067627	0,0005011338	0,0008925395	0,00214622	0,0006565377	0,001835021	0,0007164189	0,0004937527	0,0003359239	0,000368164	0,0006941698	0,001877029	0,001129797	0	0	0,0004908147	0,000405549	0,000362999	0,002424292	0,0006092411	8,005815E-05	0,0002001228	0	0	0,0002760626	0,0001989593	0,00528332	0,001131369	0,0006021233	0	0,002805314	0,001592942	0,0001846135	0,0008921932	0,002031785	0,001145518	0,0006195292	0,001115845	0,00154885	0,004400746	0,0005819009	0,002417206	0,0004501986	0	0,001051843	0,002326545	0,0003858205	0,000121003	0,0006519369	0,001218174	0,0001416774	0,001936133	0,0008164882	0,0002105134	0,0007121661	0,0002495581	0	0,0001999084	0,0002527619	0,0006959981	0
08/08/2020 01:20:00	9	0,001601749	0,001883382	0,001592035	0,001705166	0,0002811824	0,00256249	0,0009488028	0,001264152	0,0003320837	0,001077075	0,001530535	0,0001953532	0,0004231255	0,0008751552	0,00194776	0,0006920099	0,001070915	0,001591941	0,001365847	0,001775967	0,001326729	0,001066568	0,0005514831	0,001697299	0,000415527	0,0005866197	0,0009513469	0,001100872	0,003720844	0,001729943	0,001790589	0,001458459	0,0003393479	0,0009157634	0,0004335648	0,001919491	0,001786333	0,0004874345	0,002259458	0,002331571	0,001659682	0,001828577	0,0005606284	0,0009184058	0,0002208749	0,000795998	0,00182394	0,002084634	0,001341217	0,0005181552	0,0009622449	0,0009584468	0,002755116	0,002517247	0,0004899391	0,001949445	0,0007497303	0,0001988509	0,0003030266	0,001013068	0,001150395	0,006319461	0,001070526	0,001579503	0,0009837444	0,002901512	0,001324528	0,0004093066	0,001141387	0,002245861	0,001468055	0,001253982	0,002100773	0,001343999	0,00517267	0,001353216	0,004007186	0,0009980419	0,001026185	0,001779695	0,002207119	0,001849282	0,0006218429	0,001053773	0,002290651	0,001072212	0,002562115	0,0009287767	0,001600239	0,0009448158	0,001475074	0,001657716	0,000378045	0,0007470018	0,001353055	0,001120052
08/08/2020 04:20:00	12	0,007337228	0,003148337	0,003431214	0,003904737	0,002203188	0,004708598	0,005536126	0,003916381	0,002103932	0,003391108	0,004266164	0,0009927548	0,002901418	0,003044913	0,003785526	0,001970797	0,00392077	0,005074085	0,00408748	0,004664444	0,004557447	0,004340215	0,002563795	0,003706371	0,004142733	0,002428643	0,00229515	0,005307235	0,007464791	0,003838173	0,005518648	0,005033225	0,001626406	0,004087969	0,002633731	0,002704404	0,00585762	0,002427444	0,003791053	0,005400655	0,003191553	0,003493975	0,00323696	0,002786893	0,003191856	0,001774598	0,003238331	0,004367731	0,003195812	0,002898033	0,002868318	0,004652277	0,00411329	0,006538917	0,003016886	0,004143449	0,004734717	0,003458883	0,00152378	0,003875939	0,004442846	0,00757149	0,002948503	0,004471523	0,005611148	0,005803285	0,00451312	0,002790289	0,004249807	0,004158548	0,003312872	0,003254443	0,007551293	0,005615884	0,006997546	0,00421014	0,006859772	0,003223438	0,004907143	0,006865921	0,005872245	0,00378843	0,004687726	0,003373294	0,004028826	0,003462671	0,004909496	0,00205525	0,004226364	0,002908168	0,006603539	0,008412454	0,003326431	0,001705494	0,004689657	0,00383996
08/08/2020 07:20:00	15	0,01194071	0,005268999	0,005250155	0,005062714	0,005252745	0,006686178	0,008191221	0,007146173	0,003592491	0,005164784	0,006185441	0,002791096	0,006429895	0,007341204	0,006070002	0,003645084	0,00881237	0,008677528	0,007304395	0,008245189	0,007312533	0,007161495	0,007286663	0,006063244	0,009144795	0,005109551	0,003768686	0,008742649	0,01117197	0,007527722	0,009126506	0,008059256	0,005059381	0,006389065	0,006967819	0,004432376	0,008985754	0,004051451	0,006751654	0,007898703	0,005158877	0,005704686	0,005914767	0,005636341	0,00633304	0,003987984	0,006520221	0,008242284	0,006159677	0,005383629	0,004577998	0,006849066	0,006335871	0,009491628	0,00752117	0,00689299	0,008282423	0,006899631	0,003590377	0,008327684	0,008706101	0,009220522	0,004946514	0,005604802	0,009241359	0,007124214	0,007577274	0,005757225	0,005982425	0,006844247	0,005445934	0,005513758	0,0122847	0,009687976	0,008585221	0,009427364	0,0110237	0,00672922	0,009995484	0,01219699	0,01101278	0,006119124	0,007923498	0,007412983	0,009085475	0,007163359	0,007874477	0,003944929	0,007736579	0,005168047	0,0119151	0,01292736	0,007048336	0,003792566	0,008463954	0,00850294
08/08/2020 10:20:00	18	0,01482358	0,007259301	0,008103465	0,007543358	0,007540383	0,008894163	0,01126777	0,009531051	0,006723415	0,006427519	0,007316206	0,005984142	0,009593327	0,01055368	0,01005462	0,005141135	0,01273725	0,0114235	0,01038175	0,01121337	0,01106059	0,009324888	0,01090236	0,008349017	0,01188184	0,007922662	0,0054764	0,01197642	0,01390571	0,01023018	0,01106849	0,01151701	0,007905373	0,008107187	0,01015521	0,006760377	0,01228152	0,007912287	0,008792293	0,009130601	0,008078358	0,007808177	0,009959848	0,008188434	0,01028028	0,006210056	0,008237018	0,01218921	0,01020664	0,008066135	0,00635605	0,009999185	0,007872524	0,0137919	0,01146992	0,009428962	0,01197286	0,009766378	0,006368891	0,01073834	0,01305461	0,01349211	0,00989126	0,007573551	0,01359517	0,008293044	0,01351774	0,01093255	0,008816961	0,009060331	0,006774025	0,007269804	0,01700918	0,01308213	0,01157848	0,01278064	0,01292519	0,009178923	0,01299062	0,01952411	0,01579543	0,008894613	0,0111381	0,01103412	0,01162349	0,009379537	0,01010187	0,006672299	0,01210622	0,005692737	0,01857102	0,01778382	0,01070754	0,006672227	0,01206192	0,01245547
08/08/2020 13:20:00	21	0,01796773	0,007629286	0,0101895	0,01010675	0,009775364	0,01091872	0,01429074	0,01200023	0,008325162	0,008078041	0,008175538	0,008384937	0,01227402	0,01169676	0,01271372	0,007551507	0,01620436	0,01381393	0,01284615	0,01419713	0,01262741	0,01177443	0,01335063	0,009759885	0,01466296	0,009953045	0,00721464	0,01429099	0,01641059	0,01377747	0,01362666	0,01269124	0,01058617	0,01005315	0,01270014	0,009627286	0,01586194	0,00927387	0,01008045	0,01092017	0,01030828	0,01037024	0,01345414	0,009542387	0,01435175	0,007461866	0,01076616	0,0141843	0,01463103	0,0113124	0,008781037	0,01344213	0,008982304	0,01524891	0,01374862	0,01338176	0,01490853	0,01169762	0,007970884	0,01464288	0,0170786	0,0152149	0,01338141	0,009818485	0,01682759	0,009963473	0,01633254	0,0153456	0,0119479	0,01092658	0,008068571	0,01018928	0,02020433	0,01636728	0,0157871	0,01659604	0,01407887	0,01109215	0,01686437	0,02417771	0,01995871	0,01139996	0,01219822	0,01398381	0,01539262	0,01150343	0,01205885	0,009466248	0,01491211	0,007101498	0,02296221	0,02326025	0,01364721	0,009560619	0,01543234	0,01625907
08/08/2020 16:20:00	24	0,02096203	0,008567178	0,01308798	0,01105398	0,01194967	0,01255219	0,01629055	0,01521899	0,009218276	0,009310484	0,008998496	0,009807624	0,01588232	0,01360805	0,01476367	0,008950471	0,01852885	0,01542521	0,01436746	0,0159128	0,01441009	0,01403044	0,01546242	0,01103152	0,01840387	0,01197504	0,007808237	0,01556548	0,01762911	0,01567615	0,01687965	0,015518	0,01244025	0,01176371	0,01477497	0,0125718	0,01858058	0,01137828	0,01080286	0,01119589	0,0125873	0,01195096	0,0151756	0,0111052	0,0175005	0,008592271	0,01200553	0,01613605	0,01681775	0,01404491	0,01096597	0,01531251	0,009952487	0,01734611	0,01584584	0,01519416	0,01700141	0,01247598	0,009584798	0,01768873	0,02011859	0,01697651	0,01505929	0,01178226	0,01903421	0,0120856	0,01856128	0,01883445	0,01500444	0,01250331	0,01077182	0,01215967	0,0225336	0,01867996	0,01864224	0,01834576	0,01463815	0,01338155	0,0204341	0,02751769	0,02274479	0,013502	0,01401001	0,01509896	0,01838683	0,01291921	0,01463766	0,01267866	0,01832038	0,007927873	0,02716456	0,02643882	0,01491563	0,01137865	0,01889068	0,01897977
08/08/2020 19:20:00	27	0,02250539	0,009438525	0,01547427	0,01266442	0,01302631	0,01356888	0,01817115	0,01759481	0,01023511	0,01064842	0,009582879	0,01156906	0,01911944	0,01546445	0,0169221	0,01015624	0,02023683	0,01596252	0,01613498	0,01729893	0,01651628	0,01603116	0,0162993	0,01193705	0,01945303	0,01344151	0,009044145	0,01581374	0,01889964	0,01710996	0,01924482	0,01649823	0,0135821	0,01256417	0,01734519	0,01463408	0,02111846	0,01233261	0,01163096	0,01156116	0,01381593	0,01435557	0,01753774	0,0130391	0,01974337	0,00863353	0,01492051	0,01763653	0,01963058	0,01475479	0,0122472	0,01692455	0,01196346	0,01897686	0,01721602	0,01676307	0,018265	0,0134591	0,01122668	0,02018772	0,02282077	0,01828649	0,01812629	0,01314342	0,02070527	0,01373897	0,02021904	0,02225422	0,01854408	0,01458889	0,01259892	0,01348059	0,0243899	0,01881409	0,02058854	0,01927245	0,01582173	0,01422435	0,02269929	0,03092976	0,02523711	0,01520382	0,01562454	0,0168188	0,02063756	0,01471224	0,01420559	0,01499382	0,01985572	0,008577798	0,02931735	0,02915411	0,01579762	0,0122027	0,02043234	0,02135386
08/08/2020 22:20:00	30	0,02436079	0,01003905	0,01646557	0,0137711	0,01422899	0,01501562	0,01962641	0,01851953	0,01131804	0,01171847	0,01027265	0,01181895	0,02134358	0,01711468	0,01853872	0,01173033	0,02178968	0,01727964	0,0169712	0,01858026	0,01749103	0,01753194	0,0174821	0,01313572	0,02031423	0,01446243	0,0089272	0,01623634	0,01941368	0,0182434	0,02184649	0,01864972	0,01383726	0,01278322	0,01913986	0,01588844	0,0224701	0,01353736	0,01177001	0,01178241	0,01546786	0,01572604	0,01857326	0,01400248	0,02233451	0,008977585	0,01577502	0,01885338	0,02033418	0,01637259	0,0131677	0,016939	0,01324656	0,02112439	0,01819633	0,01773472	0,01956937	0,01338022	0,012111	0,02126143	0,02271753	0,01994602	0,02068182	0,01405735	0,02085845	0,01492882	0,02111559	0,02551274	0,02080335	0,01486495	0,01454489	0,0148733	0,02523226	0,01835584	0,02176875	0,02030814	0,01588756	0,0156181	0,02392402	0,0314668	0,02710181	0,01696185	0,01757897	0,01754481	0,02208035	0,01588381	0,01420744	0,01635262	0,02005153	0,009084162	0,03093312	0,03164842	0,01646502	0,01291335	0,02038368	0,02252485
09/08/2020 01:20:00	33	0,02636972	0,01093724	0,01764095	0,01442931	0,01499273	0,01591615	0,02060681	0,01867008	0,01175567	0,01216533	0,01063904	0,01202007	0,02360326	0,01750691	0,01947292	0,01250629	0,02392133	0,0165698	0,01776722	0,01885476	0,01828106	0,01862039	0,01831581	0,01358186	0,02014807	0,01576326	0,009242798	0,0159237	0,02004096	0,01851014	0,02267431	0,02003385	0,01404993	0,01280103	0,02070309	0,01648526	0,02343208	0,01489007	0,01078354	0,01168513	0,01620603	0,01564308	0,01924981	0,01545737	0,02401417	0,009421744	0,01379175	0,01992009	0,02132005	0,01853269	0,01395726	0,01777118	0,01382638	0,02211217	0,01878478	0,01806127	0,02059704	0,01364896	0,01337803	0,02189879	0,02493747	0,01969014	0,02220343	0,01533677	0,02018967	0,01587483	0,02233791	0,027914	0,02203665	0,01539478	0,01579563	0,01514069	0,02545769	0,01841854	0,02154247	0,01995395	0,01613035	0,01679494	0,0253503	0,03281221	0,02705829	0,01773853	0,01879934	0,01893215	0,02271628	0,01676829	0,0145786	0,01714585	0,02032992	0,009710234	0,03237623	0,03122668	0,01699346	0,01301335	0,02053239	0,02339057
09/08/2020 04:20:00	36	0,02699433	0,0113567	0,01735926	0,01461852	0,01452277	0,01644316	0,02127449	0,01879076	0,01217514	0,01307549	0,0111073	0,0119888	0,02461229	0,01821798	0,01956251	0,01320062	0,02508685	0,01551003	0,01809255	0,01891461	0,01773417	0,01846956	0,0185065	0,01385052	0,02094973	0,0167262	0,009711608	0,01551982	0,02023812	0,01824838	0,02226875	0,02024533	0,01428383	0,01294952	0,02169804	0,0171929	0,0238991	0,01578085	0,0105719	0,01189924	0,01780174	0,01641157	0,01970028	0,0157951	0,02416204	0,009341125	0,01533065	0,02071744	0,0208858	0,01940374	0,01455033	0,01774418	0,0150044	0,02154038	0,01953482	0,01865057	0,02108573	0,01368699	0,01412575	0,02178098	0,02479102	0,01977942	0,02051507	0,01553874	0,01968592	0,01696116	0,0232829	0,03013114	0,02226892	0,01444704	0,01740766	0,01566319	0,02547945	0,01837511	0,01916798	0,0200758	0,01635965	0,01835303	0,02574864	0,03284103	0,02699845	0,01728275	0,01974989	0,02004279	0,02218632	0,01721392	0,01447769	0,01721136	0,0199568	0,009627707	0,03140666	0,03211695	0,01734717	0,01335823	0,01994374	0,02379505
09/08/2020 07:20:00	39	0,02912968	0,01168782	0,01732923	0,01430806	0,01458983	0,01615358	0,02130463	0,01839896	0,01234047	0,01317283	0,01145569	0,01188883	0,02669169	0,01880147	0,02048726	0,01288924	0,0262827	0,01570342	0,01748352	0,01869389	0,01778715	0,01911535	0,01899427	0,01436617	0,02056976	0,01647258	0,009788377	0,01602946	0,02021735	0,01810663	0,02258809	0,0213562	0,01398351	0,01344153	0,02234169	0,01678412	0,0236787	0,01768706	0,01037272	0,01199962	0,01860537	0,01671387	0,02079636	0,01576942	0,02305869	0,008910797	0,01474064	0,02149404	0,02138927	0,02154918	0,01368824	0,01784425	0,01570361	0,02250694	0,01936355	0,01903611	0,02126934	0,01378428	0,01473891	0,02031484	0,02542232	0,01951507	0,0207662	0,01598249	0,0191559	0,01658352	0,02283606	0,03132165	0,02148033	0,0143879	0,01843717	0,01621337	0,02522322	0,01731424	0,01853293	0,0194908	0,01600252	0,01838809	0,02698248	0,03136742	0,0268539	0,01723316	0,01925389	0,01860882	0,02161692	0,01783034	0,01440732	0,01771151	0,01985114	0,01018642	0,03155397	0,03202293	0,017482	0,01330093	0,01933298	0,02529933
09/08/2020 10:20:00	42	0,02923942	0,01179273	0,01691874	0,01420093	0,01475198	0,01649513	0,02150235	0,01700689	0,01251718	0,01334892	0,01141058	0,01155716	0,02640455	0,01972795	0,02081591	0,01304276	0,02677174	0,01529703	0,01740384	0,01862621	0,01799917	0,01874158	0,01953498	0,01404347	0,01983824	0,01736841	0,00971877	0,01503281	0,02004213	0,01794444	0,02138474	0,02156375	0,01359677	0,01363673	0,02321077	0,01681397	0,0226067	0,0189501	0,010118	0,01217502	0,01927452	0,0165549	0,02052628	0,01521632	0,02254637	0,008462637	0,01464483	0,02203932	0,02030053	0,02119401	0,01360092	0,01614793	0,01647412	0,02205105	0,01931152	0,01934793	0,02177523	0,01358305	0,01538764	0,01931221	0,0247921	0,01895092	0,01977053	0,01583942	0,01862185	0,01621712	0,02250516	0,0328853	0,02102255	0,01419046	0,01717504	0,01558851	0,02427936	0,0168768	0,01765899	0,01784943	0,01531835	0,02001954	0,0275174	0,03003558	0,02620376	0,01738262	0,01800486	0,01685235	0,02097304	0,01760497	0,01400131	0,01786827	0,01884887	0,01049139	0,03064751	0,03190713	0,01779545	0,01363984	0,01775725	0,02660918
09/08/2020 13:20:00	45	0,03025204	0,01179681	0,01674245	0,01390125	0,01579694	0,01656397	0,02133578	0,01727013	0,01275998	0,01395132	0,01184608	0,01177431	0,02719925	0,01914025	0,02068375	0,01384591	0,02690839	0,01469125	0,01745425	0,01830252	0,0180975	0,01907443	0,02003389	0,01358873	0,01952443	0,01697938	0,00950105	0,01472017	0,01900931	0,01715708	0,02114429	0,0210524	0,01326562	0,01364075	0,02309619	0,01660494	0,02234896	0,01964523	0,01012327	0,0119619	0,01973568	0,0167493	0,02057247	0,01488103	0,02261009	0,008261555	0,01527079	0,02157825	0,02023214	0,02126583	0,01355505	0,01478617	0,01710065	0,02187167	0,01959602	0,02014543	0,02216401	0,01348741	0,01532004	0,01780373	0,02496043	0,01860546	0,01878527	0,01553128	0,01824732	0,01577665	0,02148967	0,02814822	0,02118657	0,01429664	0,01664245	0,015497	0,02297787	0,01666519	0,0174402	0,01678245	0,0154659	0,02137027	0,02707494	0,0273598	0,02601376	0,016789	0,01712592	0,01655978	0,0204242	0,01743392	0,01382121	0,01810068	0,01848784	0,01054344	0,02965736	0,03131318	0,01713312	0,01315543	0,01707125	0,02754399
09/08/2020 16:20:00	48	0,03094715	0,01133411	0,01724498	0,0129867	0,01499596	0,01614721	0,02155359	0,01731917	0,01313058	0,0145145	0,0108017	0,011543	0,02397353	0,01887859	0,02096863	0,01465018	0,02690723	0,01423152	0,01761426	0,017226	0,01774887	0,01901208	0,01989211	0,01319074	0,01871553	0,01706421	0,009354663	0,0141347	0,01837242	0,01665394	0,02070078	0,02143986	0,01284174	0,01350048	0,02365988	0,015842	0,02136216	0,01954521	0,009778324	0,01140272	0,02023051	0,01643359	0,02046509	0,01456178	0,02281122	0,007565397	0,01412154	0,0209395	0,01963204	0,02253877	0,01329619	0,0141549	0,0172635	0,02009054	0,0184436	0,0204427	0,02149327	0,01332288	0,01434506	0,01639361	0,0255088	0,01859827	0,01836036	0,01550589	0,01744998	0,01552256	0,02099985	0,0285249	0,02049289	0,01322858	0,01565341	0,01531281	0,02206726	0,01639351	0,0168094	0,01623194	0,01384459	0,02251018	0,02684943	0,02606918	0,02547042	0,01667697	0,01703584	0,01683791	0,01992538	0,01711207	0,01364656	0,01779847	0,01804599	0,01080544	0,02897636	0,02995352	0,01707481	0,01336473	0,01612683	0,02819939
