Vessel Name: 19062020_InCu_KaKr_KK1-78_P0_15
Metric: GFP Integrated Intensity Per Image (GCU x µm²/Image)
Cell Type: 
Passage: 0
Notes: 
Analysis: KaKr-A549-H2B-GFP/-RFP_DEFv10

Date Time	Elapsed	MSR1	MT1H	MT1HL1	MT1M	MT2A	MX1	MX2	MYCL	MYD88	NCOA7	NEXN	NKX3-1	NMI	NT5C3A	NUPR1	OAS1	OAS2	OAS3	OASL	OGFR	P2RY14	PALM2-AKAP2	PAQR8	PARP10	PARP11	PARP12	PARP14	PARP9	PCDH17	PDCD1LG2	PDZD2	PGAP1	PHF11	PID1	PIWIL4	PLEKHA4	PLSCR1	PLXDC2	PMAIP1	PNPT1	POLD1	POLI	PPM1K	PSMB8	PSMB9	PTAFR	RAI14	RARRES3	RASA2	RASGEF1B	RASGRP3	RGL1	RGS1	RHBDD2	RIN2	RNF213	RSAD2	RTCB	RTP4	RUFY4	S100A4	SAMD9	SAMD9L	SAMHD1	SDS	SECTM1	SERPINA1	SERPINB13	SERPINB3	SERPINB4	SERPING1	SIGLEC1	SLAMF7	SLC11A1	SLC15A3	SLC16A10	SLC1A5	SLC25A28	SLFN12L	SLFN5	SOCS1	SP100	SP110	SREK1IP1	C1 (Mx2)	C2 (STAT1)	C3 (MAVS)	C4 (BST2)	C5 (EIF2AK2)	C6 (RSAD2)	C7 (NTC1)	C8 (NTC2)	C9 (NTC3)	C10 (NTC4)	C11 (NTC5)
19.06.2020 10:52:00	0	6140589	5902392	6218490	5813074	6126522	5647825	5866609	5537138	6022545	6115109	6391296	6376157	6029574	5386728	6645830	5711648	6422306	5792028	6429707	6146362	5222121	5870978	5596184	5716379	5584267	5516915	5396582	5439504	5764481	5985367	5391915	5596877	5747123	5730239	5595118	6259213	4982509	4448651	5372891	4618097	4837152	5278306	3310,927	9714517	147,0652	2549,528	0	0	6840308	5142390	5130658	5006433	6366392	5416308	5431951	5298341	5078032	4987285	5247500	5599839	5761788	5401711	5087571	4953968	5241555	5501898	54680,66	4859,798	1022,47	1499,281	1411,69	0	5450368	5396266	4899734	4749260	4915702	5287264	5311160	4512935	4445270	4328433	4665039	5175165	5188544	4716961	4538059	4742311	4603684	4524445	4823635	4053650	4190126	4503127	4225101
19.06.2020 13:52:00	3	6418509	6258639	6551105	6151229	6486451	5958186	6222080	5846869	6365985	6455878	6757841	6715393	6307097	5647939	6972751	5995077	6737142	6097837	6728872	6468696	5507688	6154582	5882892	6038250	5896574	5777184	5685434	5752491	6088242	6296205	5667943	5862121	6017712	6036033	5909695	6612503	5288871	4676718	5654738	4870194	5102841	5567032	3319,278	1,01131E+07	0	1965,698	0	0	7238462	5475039	5424841	5317769	6724145	5684889	5723349	5561955	5322129	5265039	5523634	5892368	6123179	5717162	5361137	5228749	5529115	5822223	57155,38	5214,766	1384,765	1501,838	1858,509	0	5801821	5721267	5173951	5011006	5187814	5605832	5632020	4816441	4713896	4592590	4940432	5465382	5534620	5046079	4805131	5004442	4900989	4777549	5123554	4310648	4444236	4790336	4474920
19.06.2020 16:52:00	6	6891869	6677249	6997526	6576753	6935692	6371642	6630700	6207749	6776468	6903326	7239082	7182496	6744832	6073689	7366973	6419290	7222282	6503385	7195302	6874414	5901028	6565142	6287622	6497969	6324162	6188121	6059258	6185166	6543842	6744783	6054395	6261009	6436541	6462220	6356030	7106966	5683514	5049837	6027786	5264074	5485782	6007186	3398,689	1,079343E+07	137,3518	2237,164	0	0	7708594	5874908	5793074	5713105	7187275	6072092	6130199	5974127	5719203	5649382	5962692	6346611	6520884	6107545	5780050	5576843	5939503	6212897	61032,75	5455,387	1145,848	1772,622	1453,441	0	6217417	6155011	5604040	5420620	5617742	6012382	6045947	5206045	5082842	4930436	5314278	5874574	5915995	5401428	5173952	5368736	5283643	5127844	5495834	4636362	4798579	5152888	4806957
19.06.2020 19:52:00	9	7363747	7153366	7468189	7027997	7446648	6803499	7115809	6677455	7289057	7419443	7783439	7647543	7224165	6507191	7914016	6820046	7664623	6907220	7693140	7400879	6319631	7027735	6737256	6959773	6791684	6619603	6557347	6631179	6977114	7230405	6528019	6714213	6865334	6897868	6785917	7609197	6082161	5439680	6536455	5644929	5906423	6494238	3535,53	1,1442E+07	0	2250,797	0	247,0968	8234637	6351976	6289611	6171555	7713312	6552780	6641374	6415938	6143076	6080680	6396221	6759137	6871554	6544883	6215753	6030718	6370339	6694405	65473,34	5588,99	1173,966	1175,329	1334,834	0	6651004	6604086	5947517	5845307	6066091	6483709	6490711	5608080	5487731	5335478	5742062	6285968	6344872	5798109	5559703	5757803	5672648	5549492	5936951	4979110	5169243	5528236	5155327
19.06.2020 22:52:00	12	7874193	7664089	7967917	7509380	7907031	7313834	7606649	7152923	7771795	7954674	8306489	8170902	7690212	6963315	8442995	7279897	8228971	7435715	8238078	7936452	6775764	7503053	7220609	7486684	7247165	7095535	7006293	7134749	7528416	7744528	7043063	7209600	7420915	7408702	7319390	8130144	6532317	5818771	7037233	6075267	6354712	7006749	3669,303	1,217948E+07	0	2356,281	0	338,7783	8782843	6849712	6753088	6621780	8204486	7075218	7185554	6894942	6615922	6581475	6868479	7273057	7405923	7004941	6705435	6511841	6838549	7240095	71305,67	5728,387	947,9998	691,7008	1583,635	0	7139166	7118283	6525096	6304309	6517734	6991576	6969446	6053799	5950306	5734947	6167926	6725053	6853622	6276977	5965803	6220336	6119493	6028832	6388336	5396191	5577684	5932869	5571091
20.06.2020 01:52:00	15	8432377	8231855	8503944	8055592	8498684	7853740	8158699	7703233	8347646	8515560	8896205	8737018	8284313	7488576	9044893	7887477	8830770	7952419	8838555	8532837	7346628	8060977	7750874	8052974	7866908	7667982	7577095	7705791	8107928	8338212	7605749	7773636	8016215	8013831	7891966	8748928	7089884	6335945	7610524	6598201	6885156	7589450	3666,236	1,306796E+07	0	2441,146	0	285,9507	9477657	7407765	7271321	7187481	8847464	7588395	7728467	7469161	7180333	7076519	7383006	7822793	8038246	7537459	7258291	7045626	7455528	7822299	76836,05	6201,96	971,8574	969,8125	1198,846	0	7734814	7677842	7014229	6836514	7049080	7555961	7521990	6553910	6447640	6245529	6666244	7304301	7435431	6766834	6409117	6721975	6617698	6521362	6969855	5880863	6033268	6425676	6043182
20.06.2020 04:52:00	18	9079617	8852410	9107081	8653803	9083078	8453646	8739277	8235839	8946826	9145086	9586044	9392547	8876196	8034694	9684669	8462619	9456954	8537929	9508698	9199605	7893167	8685701	8397691	8629010	8503151	8268941	8156513	8311143	8759980	8988427	8185421	8355055	8648405	8630816	8495875	9397194	7656192	6862451	8190816	7127552	7432586	8231591	3744,625	1,395023E+07	0	2666,26	0	244,8815	1,02024E+07	8003993	7858381	7763880	9513734	8194410	8374994	8055429	7691164	7682541	8010874	8423600	8603469	8109565	7825968	7597209	8016503	8441710	84435,55	6433,379	1068,31	1114,151	1555,347	0	8387870	8350286	7653853	7433826	7639621	8159826	8129484	7097249	7006141	6775250	7226060	7858042	8027328	7289213	6936657	7275248	7174320	7043060	7524744	6347772	6546569	6956545	6545236
20.06.2020 07:52:00	21	9741912	9522904	9765971	9265083	9693465	9113435	9358812	8855834	9605115	9874286	1,030463E+07	1,004114E+07	9499450	8648795	1,039167E+07	9098800	1,005451E+07	9162874	1,022678E+07	9892445	8503421	9330192	9036210	9315115	9164245	8921127	8793758	8941233	9446337	9693671	8827247	8962075	9313254	9262697	9144429	1,012028E+07	8226796	7416570	8829364	7693788	8019413	8915100	4009,785	1,487566E+07	0	2614,796	0	268,3983	1,096641E+07	8616469	8487037	8412050	1,025868E+07	8841322	9038820	8740641	8305124	8314048	8634534	9056838	9266617	8719911	8431527	8188714	8696731	9095940	90453,13	6911,555	987,3649	640,7477	1135,964	0	9059692	9027994	8235775	8029276	8256845	8810216	8762075	7701917	7587338	7312429	7836511	8477582	8629909	7875221	7497992	7863275	7771287	7624551	8151499	6879418	7116568	7530112	7101174
20.06.2020 10:52:00	24	1,041004E+07	1,025246E+07	1,052841E+07	9993252	1,045287E+07	9808061	1,010121E+07	9564681	1,036356E+07	1,063527E+07	1,110017E+07	1,083298E+07	1,023263E+07	9333863	1,121354E+07	9847651	1,086881E+07	9874110	1,102767E+07	1,073753E+07	9188853	1,007088E+07	9792056	1,005809E+07	9926203	9646765	9536914	9685959	1,020345E+07	1,050239E+07	9581157	9691253	1,00492E+07	1,001867E+07	9905455	1,091392E+07	8924635	8056856	9589222	8338717	8701286	9706753	3999,731	1,580535E+07	0	2633,03	0	412,9073	1,181664E+07	9377179	9200182	9121379	1,111324E+07	9566613	9837493	9437857	9001230	9007096	9346815	9781436	9993350	9396535	9192875	8890102	9418730	9848743	97238,06	7242,323	844,9008	440,0028	1294,106	0	9790294	9751133	8954270	8723542	8966741	9549471	9537790	8363449	8284952	7981463	8506654	9156309	9357576	8522556	8135852	8511517	8436477	8298922	8869740	7488945	7760424	8190749	7737346
20.06.2020 13:52:00	27	1,122102E+07	1,104761E+07	1,135677E+07	1,080626E+07	1,128468E+07	1,058976E+07	1,089766E+07	1,033872E+07	1,114861E+07	1,144998E+07	1,195004E+07	1,163384E+07	1,102624E+07	1,0074E+07	1,209653E+07	1,057458E+07	1,170938E+07	1,063458E+07	1,191573E+07	1,164105E+07	9957630	1,088983E+07	1,061286E+07	1,0928E+07	1,076397E+07	1,047735E+07	1,036251E+07	1,048398E+07	1,108225E+07	1,139118E+07	1,035276E+07	1,055194E+07	1,089898E+07	1,091393E+07	1,076121E+07	1,172569E+07	9701642	8768805	1,039745E+07	9064277	9487771	1,056774E+07	4190,592	1,687643E+07	0	2743,116	0	426,3699	1,275159E+07	1,02212E+07	1,000336E+07	9892621	1,200393E+07	1,039994E+07	1,069068E+07	1,027708E+07	9766103	9796835	1,019184E+07	1,055995E+07	1,082537E+07	1,021335E+07	9973506	9674312	1,022456E+07	1,068997E+07	104080,9	7593,712	937,9456	612,1185	1530,978	0	1,06348E+07	1,065152E+07	9774422	9480716	9738484	1,038638E+07	1,03535E+07	9100117	9068953	8686578	9314400	9963111	1,017593E+07	9254607	8813288	9281220	9172752	9020108	9649782	8165562	8495023	8910595	8432453
20.06.2020 16:52:00	30	1,198486E+07	1,184169E+07	1,214951E+07	1,163664E+07	1,204878E+07	1,136042E+07	1,169507E+07	1,113624E+07	1,192078E+07	1,228256E+07	1,273211E+07	1,243944E+07	1,180401E+07	1,089905E+07	1,298506E+07	1,145503E+07	1,252617E+07	1,144554E+07	1,280251E+07	1,263861E+07	1,080939E+07	1,176991E+07	1,142373E+07	1,172149E+07	1,158592E+07	1,133335E+07	1,119206E+07	1,136908E+07	1,197159E+07	1,234838E+07	1,11933E+07	1,138482E+07	1,176052E+07	1,168774E+07	1,155794E+07	1,264772E+07	1,054385E+07	9564168	1,123253E+07	9825603	1,03123E+07	1,14444E+07	4384,861	1,785348E+07	0	2803,612	0	454,3174	1,366365E+07	1,106686E+07	1,080499E+07	1,071666E+07	1,293205E+07	1,124879E+07	1,152404E+07	1,108719E+07	1,057989E+07	1,063937E+07	1,100566E+07	1,140044E+07	1,165304E+07	1,103494E+07	1,080765E+07	1,047399E+07	1,10822E+07	1,15945E+07	114383,9	7918,517	860,5787	601,2122	1090,293	0	1,147228E+07	1,146612E+07	1,058634E+07	1,031848E+07	1,053487E+07	1,118982E+07	1,115682E+07	9909598	9866321	9452444	1,01256E+07	1,071667E+07	1,096603E+07	9980362	9554973	1,006597E+07	9931166	9794453	1,049921E+07	8879682	9189112	9658796	9195802
20.06.2020 19:52:00	33	1,283298E+07	1,272828E+07	1,301671E+07	1,247404E+07	1,284634E+07	1,220432E+07	1,247128E+07	1,195507E+07	1,280956E+07	1,311646E+07	1,368991E+07	1,333203E+07	1,27012E+07	1,167216E+07	1,389375E+07	1,225948E+07	1,346527E+07	1,226374E+07	1,375509E+07	1,359986E+07	1,165489E+07	1,267447E+07	1,231634E+07	1,263108E+07	1,251268E+07	1,228765E+07	1,211453E+07	1,22864E+07	1,289978E+07	1,327169E+07	1,20608E+07	1,23408E+07	1,271614E+07	1,263314E+07	1,247559E+07	1,348907E+07	1,135165E+07	1,036877E+07	1,223652E+07	1,064173E+07	1,116263E+07	1,239529E+07	4697,737	1,880667E+07	0	2826,447	0	419,8942	1,468283E+07	1,206596E+07	1,171025E+07	1,16135E+07	1,395966E+07	1,215846E+07	1,254208E+07	1,202837E+07	1,141434E+07	1,151158E+07	1,186392E+07	1,221682E+07	1,255404E+07	1,187687E+07	1,169746E+07	1,136856E+07	1,196012E+07	1,250083E+07	127624,5	8375,049	895,6835	606,495	1697,3	0	1,239674E+07	1,246893E+07	1,146488E+07	1,125128E+07	1,145786E+07	1,213781E+07	1,206795E+07	1,074434E+07	1,072745E+07	1,030618E+07	1,099512E+07	1,156044E+07	1,189446E+07	1,082891E+07	1,033409E+07	1,090217E+07	1,079509E+07	1,062281E+07	1,14119E+07	9690119	9964004	1,049213E+07	9982214
20.06.2020 22:52:00	36	1,366441E+07	1,361856E+07	1,38986E+07	1,332371E+07	1,371626E+07	1,304558E+07	1,338233E+07	1,283432E+07	1,357602E+07	1,399429E+07	1,455303E+07	1,413522E+07	1,351068E+07	1,248675E+07	1,481342E+07	1,321611E+07	1,43842E+07	1,311057E+07	1,469383E+07	1,468794E+07	1,256091E+07	1,363164E+07	1,333495E+07	1,357063E+07	1,33464E+07	1,329146E+07	1,305959E+07	1,32482E+07	1,387807E+07	1,433705E+07	1,299797E+07	1,329739E+07	1,366534E+07	1,349246E+07	1,348106E+07	1,447586E+07	1,226923E+07	1,123988E+07	1,321553E+07	1,151717E+07	1,209332E+07	1,346447E+07	4794,02	1,985357E+07	0	2836,842	0	363,1472	1,561328E+07	1,302261E+07	1,264653E+07	1,258702E+07	1,499724E+07	1,306002E+07	1,348245E+07	1,30026E+07	1,231667E+07	1,244685E+07	1,278631E+07	1,31342E+07	1,34075E+07	1,279382E+07	1,259839E+07	1,22481E+07	1,295232E+07	1,353113E+07	140609,9	8965,185	888,015	548,8959	1572,729	0	1,333121E+07	1,333695E+07	1,240586E+07	1,216571E+07	1,244184E+07	1,307542E+07	1,29737E+07	1,166481E+07	1,16266E+07	1,121159E+07	1,19197E+07	1,243877E+07	1,279834E+07	1,162083E+07	1,11304E+07	1,17851E+07	1,167385E+07	1,143964E+07	1,230945E+07	1,055343E+07	1,080289E+07	1,133931E+07	1,085221E+07
21.06.2020 01:52:00	39	1,450419E+07	1,446861E+07	1,47781E+07	1,426761E+07	1,457298E+07	1,400499E+07	1,427693E+07	1,368738E+07	1,44378E+07	1,498637E+07	1,538733E+07	1,504209E+07	1,433043E+07	1,337431E+07	1,575281E+07	1,416475E+07	1,524608E+07	1,399897E+07	1,569141E+07	1,574299E+07	1,350319E+07	1,458208E+07	1,425251E+07	1,447229E+07	1,438018E+07	1,426044E+07	1,406367E+07	1,419962E+07	1,493617E+07	1,528393E+07	1,395373E+07	1,424837E+07	1,469627E+07	1,450791E+07	1,445164E+07	1,545068E+07	1,324631E+07	1,214285E+07	1,417156E+07	1,247905E+07	1,31012E+07	1,450601E+07	5098,204	2,099999E+07	0	2883,876	0	243,1774	1,659747E+07	1,403188E+07	1,359048E+07	1,34856E+07	1,610143E+07	1,410822E+07	1,459786E+07	1,401772E+07	1,324062E+07	1,341699E+07	1,373876E+07	1,401712E+07	1,441496E+07	1,367629E+07	1,356231E+07	1,314045E+07	1,392688E+07	1,447483E+07	155665,7	9394,963	849,1611	597,804	1186,746	0	1,426973E+07	1,436285E+07	1,338042E+07	1,311069E+07	1,344863E+07	1,398915E+07	1,398851E+07	1,262971E+07	1,257617E+07	1,216426E+07	1,288088E+07	1,331025E+07	1,379493E+07	1,251574E+07	1,203876E+07	1,26829E+07	1,257445E+07	1,238017E+07	1,333037E+07	1,148235E+07	1,17676E+07	1,220494E+07	1,171589E+07
21.06.2020 04:52:00	42	1,533131E+07	1,543513E+07	1,568784E+07	1,521025E+07	1,541172E+07	1,486491E+07	1,519452E+07	1,452426E+07	1,537193E+07	1,598021E+07	1,637523E+07	1,592179E+07	1,517964E+07	1,430014E+07	1,671634E+07	1,501372E+07	1,619791E+07	1,491785E+07	1,667896E+07	1,692605E+07	1,439179E+07	1,545684E+07	1,515855E+07	1,539063E+07	1,531171E+07	1,524496E+07	1,503219E+07	1,51631E+07	1,598186E+07	1,641211E+07	1,489755E+07	1,525711E+07	1,573799E+07	1,5536E+07	1,542512E+07	1,629975E+07	1,413838E+07	1,300216E+07	1,523514E+07	1,342211E+07	1,410481E+07	1,549049E+07	5057,817	2,191676E+07	0	2602,867	0	318,6697	1,770402E+07	1,501178E+07	1,460275E+07	1,454855E+07	1,706443E+07	1,51101E+07	1,559373E+07	1,494923E+07	1,421418E+07	1,438597E+07	1,469582E+07	1,487102E+07	1,525703E+07	1,467032E+07	1,45941E+07	1,418482E+07	1,495244E+07	1,549132E+07	171459,3	10186,01	798,2081	603,9387	1552,45	0	1,521832E+07	1,537636E+07	1,437631E+07	1,411376E+07	1,449393E+07	1,503737E+07	1,495434E+07	1,360285E+07	1,355172E+07	1,314089E+07	1,38112E+07	1,428951E+07	1,468342E+07	1,340595E+07	1,291222E+07	1,3616E+07	1,35537E+07	1,329982E+07	1,437577E+07	1,238616E+07	1,26548E+07	1,311749E+07	1,266384E+07
21.06.2020 07:52:00	45	1,612413E+07	1,631454E+07	1,656445E+07	1,60335E+07	1,636195E+07	1,573759E+07	1,613144E+07	1,546597E+07	1,620589E+07	1,687218E+07	1,729519E+07	1,684655E+07	1,609045E+07	1,518435E+07	1,759827E+07	1,601409E+07	1,715075E+07	1,582627E+07	1,768236E+07	1,79446E+07	1,534708E+07	1,647812E+07	1,611779E+07	1,631792E+07	1,622336E+07	1,631494E+07	1,609846E+07	1,617608E+07	1,694353E+07	1,739904E+07	1,590182E+07	1,623216E+07	1,673822E+07	1,645582E+07	1,651787E+07	1,730648E+07	1,510453E+07	1,399953E+07	1,624141E+07	1,445489E+07	1,509145E+07	1,670383E+07	5371,544	2,295516E+07	0	3052,583	0	323,6117	1,853501E+07	1,604008E+07	1,566324E+07	1,548157E+07	1,818627E+07	1,610026E+07	1,667535E+07	1,6023E+07	1,517035E+07	1,542765E+07	1,578148E+07	1,578048E+07	1,62979E+07	1,565405E+07	1,559733E+07	1,519673E+07	1,593167E+07	1,650333E+07	190990	10867,83	798,0376	501,6918	1308,08	0	1,63136E+07	1,637684E+07	1,538955E+07	1,51729E+07	1,561048E+07	1,605043E+07	1,600641E+07	1,465381E+07	1,466969E+07	1,41617E+07	1,48136E+07	1,518298E+07	1,563145E+07	1,431947E+07	1,37982E+07	1,458215E+07	1,449183E+07	1,425024E+07	1,528478E+07	1,332244E+07	1,366379E+07	1,406251E+07	1,357634E+07
21.06.2020 10:52:00	48	1,699087E+07	1,729405E+07	1,753193E+07	1,699023E+07	1,723009E+07	1,66226E+07	1,696862E+07	1,638384E+07	1,714988E+07	1,776941E+07	1,818354E+07	1,764767E+07	1,688279E+07	1,606871E+07	1,864072E+07	1,695327E+07	1,800742E+07	1,671858E+07	1,859692E+07	1,914926E+07	1,634552E+07	1,746677E+07	1,704879E+07	1,727541E+07	1,721535E+07	1,729182E+07	1,702559E+07	1,717935E+07	1,806935E+07	1,838136E+07	1,691389E+07	1,731423E+07	1,770633E+07	1,746053E+07	1,74317E+07	1,820146E+07	1,603493E+07	1,497993E+07	1,730788E+07	1,543632E+07	1,615364E+07	1,783871E+07	5768,263	2,390612E+07	0	2787,253	0	378,3138	1,964E+07	1,707236E+07	1,661287E+07	1,645373E+07	1,915325E+07	1,702206E+07	1,782825E+07	1,7083E+07	1,615312E+07	1,644279E+07	1,680262E+07	1,668358E+07	1,722381E+07	1,668679E+07	1,662717E+07	1,613205E+07	1,693316E+07	1,754722E+07	214599,7	12111,84	822,5769	625,7515	1490,59	0	1,727546E+07	1,752958E+07	1,643388E+07	1,624938E+07	1,664512E+07	1,70983E+07	1,707375E+07	1,56494E+07	1,574275E+07	1,524743E+07	1,583178E+07	1,610206E+07	1,670411E+07	1,520835E+07	1,463945E+07	1,559875E+07	1,550375E+07	1,515085E+07	1,632512E+07	1,431682E+07	1,461608E+07	1,50549E+07	1,457237E+07
21.06.2020 13:52:00	51	1,776846E+07	1,812829E+07	1,835352E+07	1,790513E+07	1,810593E+07	1,750297E+07	1,781053E+07	1,711077E+07	1,792748E+07	1,869982E+07	1,904495E+07	1,84788E+07	1,781595E+07	1,688756E+07	1,947813E+07	1,780889E+07	1,892558E+07	1,755502E+07	1,954786E+07	2,005206E+07	1,720668E+07	1,841214E+07	1,806118E+07	1,812813E+07	1,820065E+07	1,828157E+07	1,802137E+07	1,8197E+07	1,9025E+07	1,947881E+07	1,777204E+07	1,832781E+07	1,874744E+07	1,848485E+07	1,847395E+07	1,912535E+07	1,692462E+07	1,5971E+07	1,825993E+07	1,646119E+07	1,721528E+07	1,893149E+07	5745,428	2,501437E+07	0	2951,87	0	0	2,053114E+07	1,796352E+07	1,763051E+07	1,758876E+07	2,018E+07	1,809881E+07	1,879775E+07	1,810111E+07	1,710455E+07	1,744547E+07	1,775301E+07	1,750454E+07	1,818973E+07	1,766043E+07	1,753034E+07	1,717932E+07	1,797841E+07	1,847777E+07	235583,5	12605,69	577,8658	549,2366	1240,256	0	1,822725E+07	1,841999E+07	1,750669E+07	1,728139E+07	1,773226E+07	1,809978E+07	1,79831E+07	1,663795E+07	1,68623E+07	1,624935E+07	1,68577E+07	1,702192E+07	1,755675E+07	1,627325E+07	1,555557E+07	1,649626E+07	1,640612E+07	1,612082E+07	1,732854E+07	1,524582E+07	1,556795E+07	1,599093E+07	1,55698E+07
21.06.2020 16:52:00	54	1,865597E+07	1,896155E+07	1,926662E+07	1,889143E+07	1,908994E+07	1,847488E+07	1,873166E+07	1,809833E+07	1,886333E+07	1,966547E+07	2,015137E+07	1,929042E+07	1,867511E+07	1,783195E+07	2,051179E+07	1,879853E+07	1,996554E+07	1,850119E+07	2,051251E+07	2,115415E+07	1,813562E+07	1,931154E+07	1,891866E+07	1,904173E+07	1,915346E+07	1,931664E+07	1,912395E+07	1,934027E+07	2,014603E+07	2,055974E+07	1,884853E+07	1,938077E+07	1,994011E+07	1,947698E+07	1,953264E+07	2,00125E+07	1,790417E+07	1,694836E+07	1,939965E+07	1,743647E+07	1,831273E+07	2,007792E+07	6097,157	2,598728E+07	0	2641,21	0	0	2,159978E+07	1,906736E+07	1,867201E+07	1,862276E+07	2,133989E+07	1,920486E+07	1,979307E+07	1,922094E+07	1,819589E+07	1,854146E+07	1,88537E+07	1,846064E+07	1,907279E+07	1,848707E+07	1,856317E+07	1,820338E+07	1,904481E+07	1,945674E+07	258187,6	13601,4	560,143	615,8676	1073,423	0	1,910968E+07	1,956652E+07	1,849169E+07	1,836548E+07	1,889122E+07	1,905591E+07	1,916782E+07	1,769208E+07	1,789958E+07	1,737168E+07	1,798878E+07	1,797062E+07	1,861419E+07	1,702668E+07	1,643538E+07	1,753951E+07	1,742449E+07	1,709141E+07	1,835701E+07	1,627716E+07	1,663473E+07	1,688321E+07	1,65662E+07
21.06.2020 19:52:00	57	1,940238E+07	2,001703E+07	2,009215E+07	1,984433E+07	1,989065E+07	1,939512E+07	1,973301E+07	1,900489E+07	1,989342E+07	2,063546E+07	2,090785E+07	2,019447E+07	1,962338E+07	1,863786E+07	2,138222E+07	1,986546E+07	2,085681E+07	1,965737E+07	2,161236E+07	2,23103E+07	1,926092E+07	2,024442E+07	1,990788E+07	2,013445E+07	2,014325E+07	2,042265E+07	2,017225E+07	2,030183E+07	2,120696E+07	2,160705E+07	1,975659E+07	2,035797E+07	2,08387E+07	2,056898E+07	2,066765E+07	2,103815E+07	1,908092E+07	1,803226E+07	2,04641E+07	1,864539E+07	1,944797E+07	2,114074E+07	6368,282	2,696215E+07	223,2392	2657,228	0	0	2,254676E+07	2,015187E+07	1,975833E+07	1,963974E+07	2,238787E+07	2,026809E+07	2,099133E+07	2,023907E+07	1,917737E+07	1,95813E+07	1,980218E+07	1,920288E+07	2,014981E+07	1,968221E+07	1,961044E+07	1,941918E+07	2,025584E+07	2,062001E+07	289637,4	14236,53	588,2609	169,3891	1353,92	0	2,011018E+07	2,072402E+07	1,984353E+07	1,937761E+07	2,001428E+07	2,018839E+07	2,008641E+07	1,875049E+07	1,910782E+07	1,849967E+07	1,905279E+07	1,888347E+07	1,96435E+07	1,811058E+07	1,747021E+07	1,854335E+07	1,850062E+07	1,815363E+07	1,942498E+07	1,732731E+07	1,767958E+07	1,794926E+07	1,758954E+07
21.06.2020 22:52:00	60	2,01417E+07	2,073405E+07	2,083157E+07	2,059225E+07	2,078314E+07	2,017651E+07	2,050433E+07	1,989244E+07	2,067572E+07	2,141714E+07	2,167285E+07	2,089207E+07	2,048734E+07	1,943372E+07	2,220456E+07	2,076971E+07	2,149965E+07	2,02808E+07	2,243855E+07	2,321376E+07	2,021392E+07	2,109908E+07	2,073348E+07	2,09779E+07	2,09257E+07	2,139111E+07	2,104089E+07	2,11818E+07	2,212911E+07	2,269891E+07	2,08344E+07	2,142445E+07	2,19856E+07	2,157823E+07	2,167216E+07	2,182926E+07	1,992377E+07	1,901816E+07	2,140748E+07	1,960645E+07	2,033003E+07	2,244923E+07	7426,538	2,771868E+07	0	2549,017	0	0	2,350688E+07	2,108608E+07	2,050124E+07	2,073543E+07	2,317784E+07	2,124279E+07	2,195124E+07	2,137834E+07	2,022905E+07	2,059145E+07	2,074033E+07	2,014324E+07	2,093065E+07	2,070622E+07	2,063232E+07	2,040463E+07	2,122349E+07	2,144647E+07	318350,7	15575,28	583,8302	414,2706	1157,436	0	2,106688E+07	2,161647E+07	2,078937E+07	2,03804E+07	2,11749E+07	2,103622E+07	2,11769E+07	1,974939E+07	2,01118E+07	1,933661E+07	1,995748E+07	1,970138E+07	2,043034E+07	1,911091E+07	1,82783E+07	1,946836E+07	1,936867E+07	1,914341E+07	2,02256E+07	1,830882E+07	1,867087E+07	1,888861E+07	1,84697E+07
22.06.2020 01:52:00	63	2,092931E+07	2,144324E+07	2,159717E+07	2,155987E+07	2,1447E+07	2,102893E+07	2,130992E+07	2,070435E+07	2,157725E+07	2,232481E+07	2,246322E+07	2,175318E+07	2,130404E+07	2,058812E+07	2,300778E+07	2,16483E+07	2,264453E+07	2,129856E+07	2,322196E+07	2,433564E+07	2,130621E+07	2,204562E+07	2,176905E+07	2,183313E+07	2,197877E+07	2,251973E+07	2,20393E+07	2,219569E+07	2,314847E+07	2,365405E+07	2,192997E+07	2,227132E+07	2,286011E+07	2,26895E+07	2,262994E+07	2,277231E+07	2,10046E+07	2,004515E+07	2,252466E+07	2,064157E+07	2,14556E+07	2,353014E+07	6936,775	2,877062E+07	0	2518,172	0	0	2,426706E+07	2,203431E+07	2,161386E+07	2,185591E+07	2,437387E+07	2,239256E+07	2,325616E+07	2,250334E+07	2,125496E+07	2,154975E+07	2,177924E+07	2,092182E+07	2,167734E+07	2,151717E+07	2,161278E+07	2,144477E+07	2,235195E+07	2,253008E+07	354443,6	16729,82	559,6318	380,0179	1359,033	0	2,224012E+07	2,286175E+07	2,184093E+07	2,15603E+07	2,230283E+07	2,213834E+07	2,231376E+07	2,077889E+07	2,121176E+07	2,041923E+07	2,098346E+07	2,057629E+07	2,146283E+07	1,994806E+07	1,916761E+07	2,045943E+07	2,032791E+07	1,999774E+07	2,132574E+07	1,93757E+07	1,964123E+07	1,994722E+07	1,942556E+07
22.06.2020 04:52:00	66	2,178185E+07	2,249535E+07	2,255993E+07	2,249264E+07	2,235683E+07	2,202631E+07	2,226543E+07	2,164178E+07	2,248581E+07	2,32709E+07	2,359685E+07	2,248573E+07	2,216534E+07	2,118859E+07	2,40134E+07	2,278079E+07	2,360111E+07	2,215434E+07	2,437761E+07	2,547229E+07	2,218484E+07	2,306446E+07	2,269245E+07	2,277452E+07	2,292733E+07	2,356826E+07	2,313547E+07	2,325898E+07	2,421241E+07	2,477585E+07	2,274638E+07	2,343606E+07	2,397866E+07	2,372279E+07	2,382431E+07	2,383496E+07	2,195497E+07	2,118963E+07	2,356668E+07	2,179464E+07	2,258934E+07	2,456707E+07	7422,619	2,961633E+07	0	2542,712	0	0	2,5358E+07	2,311856E+07	2,276632E+07	2,303901E+07	2,55727E+07	2,353817E+07	2,421906E+07	2,369542E+07	2,225738E+07	2,26499E+07	2,290524E+07	2,194204E+07	2,272134E+07	2,268442E+07	2,255392E+07	2,25122E+07	2,350322E+07	2,366479E+07	393556,9	18285,51	571,9014	205,0052	1225,6	0	2,336585E+07	2,377825E+07	2,281935E+07	2,263152E+07	2,353868E+07	2,324751E+07	2,33227E+07	2,191724E+07	2,231203E+07	2,152704E+07	2,211065E+07	2,159625E+07	2,254983E+07	2,088898E+07	2,019212E+07	2,154804E+07	2,156319E+07	2,105983E+07	2,232462E+07	2,043034E+07	2,068352E+07	2,092818E+07	2,059845E+07
22.06.2020 07:52:00	69	2,234926E+07	2,33016E+07	2,337546E+07	2,331148E+07	2,319595E+07	2,279438E+07	2,303453E+07	2,25559E+07	2,344095E+07	2,41033E+07	2,416666E+07	2,324764E+07	2,303926E+07	2,21841E+07	2,488553E+07	2,363756E+07	2,452325E+07	2,316764E+07	2,51786E+07	2,645364E+07	2,309272E+07	2,400006E+07	2,35181E+07	2,354428E+07	2,385348E+07	2,442341E+07	2,408926E+07	2,438487E+07	2,527625E+07	2,580342E+07	2,37544E+07	2,454943E+07	2,47993E+07	2,457513E+07	2,471558E+07	2,460641E+07	2,294819E+07	2,21403E+07	2,466437E+07	2,277441E+07	2,357312E+07	2,570695E+07	7739,755	3,031747E+07	0	2611,217	0	0	2,633366E+07	2,418736E+07	2,382877E+07	2,396807E+07	2,653095E+07	2,477208E+07	2,534699E+07	2,466311E+07	2,301985E+07	2,361745E+07	2,398894E+07	2,275939E+07	2,376794E+07	2,393089E+07	2,364121E+07	2,347511E+07	2,450438E+07	2,459074E+07	434968,5	20145,38	563,04	411,2032	1461,28	0	2,433577E+07	2,488722E+07	2,402164E+07	2,376709E+07	2,44764E+07	2,419965E+07	2,419073E+07	2,29775E+07	2,345542E+07	2,267531E+07	2,316339E+07	2,248205E+07	2,322136E+07	2,195823E+07	2,121964E+07	2,261092E+07	2,236119E+07	2,215106E+07	2,328899E+07	2,144377E+07	2,178041E+07	2,199095E+07	2,154954E+07
