Vessel Name: 19052020_InCu_KaKr_KK1-69_AC1-5_P0_8
Metric: GFP Integrated Intensity Per Image (GCU x µm²/Image)
Cell Type: 
Passage: 0
Notes: 
Analysis: KaKr-A549-H2B-GFP/-RFP_DEFv10

Date Time	Elapsed	EZH1	FABP4	FAM105A	FAM107A	FAM110A	FAM20A	FAM46A	FAM72A	FBXO6	FCAR	FFAR2	FGL2	FOS	FPR2	GBP1	GBP3	GBP4	GBP5	GLIPR2	GLS	GMPR	GPC4	GPR141	GPR155	HAPLN3	HAVCR2	HELZ2	HERC5	HERC6	HES4	HESX1	HLA-B	HLA-C	HMHA1	HSH2D	IDO1	IFI16	IFI27	IFI35	IFI44	IFI44L	IFI6	IFIH1	IFIT1	IFIT2	IFIT3	IFIT5	IFITM1	IFITM2	IFITM3	IFNE	IFNG	IGF2BP3	IL15	IL15RA	IL1A	IL1RN	IL4I1	IRF1	IRF7	IRF9	IRG1	ISG15	ISG20	ITPKB	KCNE3	KLF7	LAG3	LAMP3	LAP3	LGALS3BP	LGALS9B	LILRA1	LILRA5	LRCH2	LRRC25	LY6D	LY6E	MAP3K1	MBD4	MCM2	MEF2BNB	MNDA	MS4A4A	C1 (Mx2)	C2 (STAT1)	C3 (MAVS)	C4 (BST2)	C5 (EIF2AK2)	C6 (RSAD2)	C7 (NTC1)	C8 (NTC2)	C9 (NTC3)	C10 (NTC4)	C11 (NTC5)
19.05.2020 10:51:00	0	4760211	5886058	5343177	4566641	4851159	5152561	5934654	6238197	5230420	5683804	4440238	5713404	5475662	5127331	5290831	5514522	5165176	4254716	4978945	4089087	4373365	4379816	4293090	4444155	4629873	4857589	4268866	4349322	4873728	5283290	4896234	4616722	4854932	5253694	4924615	4766928	5149309	5257747	4591028	5226995	4897221	4522790	5525146	5738411	4931637	5071696	5022326	6203986	4464783	5058798	5402076	4925657	4861434	4585750	5300356	5200514	5133417	4687743	4652551	4463146	4698502	4715121	4911432	4604192	4350640	4816430	5398318	5030652	4920033	4796507	4942356	5333229	5109531	5075862	4547577	4653725	4516988	4476212	4871047	5512341	5182756	5204024	5096566	5290344	5114022	5132335	4641478	5261411	4992782	4785450	5559606	5263690	5026804	4463615	5035463
19.05.2020 13:51:00	3	5078368	6251178	5691270	4871967	5166317	5469504	6301210	6634818	5558512	6058552	4735996	6141658	5814126	5428632	5604768	5840447	5455782	4554340	5296675	4289492	4666813	4647242	4583860	4759289	4879971	5128083	4532708	4507603	5174847	5595790	5173799	4886894	5149613	5569632	5250420	5093277	5439033	5594424	4888537	5503123	5204126	4760934	5827697	6067533	5192171	5393041	5327810	6586373	4730730	5356936	5691531	5191499	5102159	4830930	5593707	5494178	5412295	4936476	4941739	4749349	4958203	5025156	5179182	4821310	4599655	5025255	5688745	5325336	5186978	5100352	5199546	5560038	5367174	5399289	4760789	4931509	4771549	4726849	5161516	5789639	5441791	5478245	5406831	5630495	5455689	5462380	4918807	5565221	5298204	5105485	5898907	5535027	5334765	4738056	5341439
19.05.2020 16:51:00	6	5454415	6705113	6128620	5199016	5540925	5879535	6793151	7069479	6006329	6464286	5084843	6538304	6244829	5816257	6024775	6246343	5835539	4887598	5666860	4537202	5033483	4980818	4947455	5118178	5183985	5504464	4869176	4931698	5563658	6014976	5541167	5271671	5543273	5967019	5652744	5463056	5793452	6019575	5222397	5892912	5547766	5104107	6255921	6499920	5561539	5764630	5729217	7063050	5081622	5723628	6111355	5589344	5480380	5189430	5950287	5888968	5786860	5248706	5312854	5077867	5319115	5365832	5519751	5123945	4911177	5421275	6105930	5709268	5555711	5478371	5564247	5882750	5694139	5795112	5059986	5286192	5093167	5068271	5508336	6245379	5788246	5890024	5808034	6032104	5867529	5859143	5274735	5961485	5682014	5458086	6312866	5995181	5746091	5119084	5758131
19.05.2020 19:51:00	9	5907459	7211986	6571976	5627401	5982002	6310442	7313133	7578816	6424592	6964713	5494555	7116551	6721504	6255459	6459656	6705314	6263141	5288777	6132997	4836899	5448583	5366772	5342204	5542096	5556720	5933456	5259804	5241839	5997192	6493747	5960810	5714390	5993917	6439655	6105793	5905219	6207899	6477442	5624808	6351781	5997495	5494941	6742873	7016974	5995118	6232895	6171164	7558941	5468894	6146018	6559488	6016775	5866039	5587364	6376600	6349757	6233918	5637996	5728321	5484045	5742168	5794627	5933707	5473744	5267169	5797552	6571561	6154379	6029202	5895151	5975761	6225218	6052163	6251099	5387514	5694746	5466656	5456862	5916171	6693604	6180196	6319847	6262940	6496549	6333423	6300679	5659634	6391918	6136458	5860670	6798666	6397936	6204641	5532871	6224509
19.05.2020 22:51:00	12	6375260	7773960	7102784	6067735	6449792	6826152	7859681	8159388	6931769	7491619	5959313	7657099	7267522	6729005	6955732	7199426	6751787	5751905	6619931	5154588	5893193	5790050	5786756	5992404	5953502	6395509	5685327	5672859	6474890	7002517	6427885	6204158	6467919	6935986	6616246	6359705	6686752	6983745	6066995	6842425	6475167	5940535	7264914	7555009	6444757	6697489	6664497	8104091	5904560	6622764	7068098	6472135	6330691	6045057	6839296	6846529	6741269	6062158	6199326	5957974	6179801	6234296	6375059	5875228	5660682	6240674	7067530	6648035	6516941	6365216	6416092	6644145	6467171	6777966	5802575	6145036	5867375	5888808	6353648	7218382	6612731	6797392	6751667	7012344	6823104	6772715	6092755	6852481	6590100	6312864	7325186	6915560	6721588	6003069	6696894
20.05.2020 01:51:00	15	6925009	8402009	7690665	6539425	6978460	7353257	8479647	8780320	7491889	8051877	6457068	8169632	7847072	7259227	7484361	7753884	7307300	6242061	7117934	5497751	6401381	6295070	6290864	6513332	6393620	6943592	6163248	6253351	7001808	7583846	6956757	6742436	6992638	7473129	7148476	6884212	7200133	7558798	6531768	7407098	6975581	6420560	7851172	8155733	6959328	7245486	7219644	8690778	6397987	7125759	7634615	6977365	6854875	6538765	7379340	7372927	7249378	6544874	6714431	6457252	6694703	6729885	6875239	6328880	6126412	6794902	7675380	7179137	7061381	6904731	6933722	7063038	6899336	7335417	6243322	6624347	6322130	6389252	6834527	7824910	7089940	7344915	7312061	7575158	7355892	7328383	6570648	7373964	7117289	6827060	7918586	7537848	7244222	6547452	7253775
20.05.2020 04:51:00	18	7490462	9073126	8324817	7125725	7539651	7943324	9180391	9462003	8120368	8677719	6992540	8904251	8477936	7853555	8085716	8366788	7883714	6802138	7734388	5888033	6956673	6818077	6842963	7099232	6902239	7560511	6723989	6688240	7616157	8212297	7604842	7314255	7602167	8089390	7764495	7483951	7775439	8162783	7069911	8047671	7594057	6956912	8536051	8829660	7539187	7819594	7817665	9392616	6952377	7687183	8234223	7524453	7434370	7078671	7993261	7977586	7840193	7074471	7290922	7006398	7239138	7283692	7442150	6854026	6605545	7287018	8288218	7807550	7661555	7490476	7538902	7557727	7388261	7946345	6723136	7213541	6824511	6918580	7375970	8455146	7623261	7906173	7912447	8178080	7972408	7903624	7106473	7960288	7688732	7362648	8588350	8101745	7897694	7113271	7824724
20.05.2020 07:51:00	21	8124002	9824251	9004723	7694251	8197812	8636961	9921636	1,021686E+07	8768335	9359979	7569715	9689861	9207125	8516491	8757163	9049636	8545974	7406139	8396886	6281801	7576109	7419490	7463790	7721526	7439149	8244674	7314535	7346267	8238863	8879687	8249787	7969727	8256728	8759351	8441872	8127417	8436264	8856203	7641243	8749857	8217198	7538349	9240435	9552675	8167010	8477331	8489725	1,012846E+07	7550644	8341850	8905042	8180015	8061901	7702210	8610837	8637084	8474479	7638844	7898023	7606134	7913588	7886441	8044905	7388819	7137146	7881436	9049697	8469347	8319953	8174941	8180816	8093207	7924236	8638922	7250470	7823015	7332707	7509118	7977581	9123952	8195998	8581581	8580770	8877915	8653736	8537263	7668624	8585068	8330721	7947237	9300686	8757461	8540174	7730740	8499760
20.05.2020 10:51:00	24	8837352	1,060042E+07	9766237	8347523	8909554	9362412	1,075126E+07	1,103829E+07	9513222	1,010979E+07	8200998	1,043899E+07	9980363	9242943	9507487	9769981	9252737	8059328	9116842	6743089	8289807	8093123	8124116	8430692	8009853	8982451	7945151	7950599	8988489	9669622	8969382	8671568	8969177	9513237	9189803	8827381	9119868	9603515	8278451	9459194	8956349	8179193	1,003862E+07	1,040193E+07	8861537	9170408	9215016	1,090517E+07	8198545	8989542	9655313	8896435	8740294	8394000	9334934	9339881	9184515	8281296	8600845	8268922	8498208	8600236	8706614	8004291	7748582	8555294	9858306	9221885	9073507	8885272	8900822	8632798	8502284	9402902	7854888	8512911	7949213	8182966	8628941	9928672	8807060	9278062	9332400	9634532	9393592	9288725	8312118	9293437	9008869	8604100	1,009689E+07	9521672	9268272	8366176	9218697
20.05.2020 13:51:00	27	9603650	1,153066E+07	1,055703E+07	9073369	9636866	1,01505E+07	1,164009E+07	1,185524E+07	1,03051E+07	1,089046E+07	8869555	1,124424E+07	1,078596E+07	1,002951E+07	1,032872E+07	1,058202E+07	1,007572E+07	8800672	9943948	7246697	9064902	8797442	8848521	9157080	8644956	9802895	8663473	8790246	9816352	1,053042E+07	9784814	9479143	9764244	1,034959E+07	1,001337E+07	9587167	9872542	1,041796E+07	8988716	1,032044E+07	9730010	8902199	1,093376E+07	1,129468E+07	9666830	9999035	1,001231E+07	1,182017E+07	8976634	9719374	1,04453E+07	9677563	9498958	9138717	1,016316E+07	1,018672E+07	9972148	9013693	9378066	9015717	9328639	9324399	9475780	8646868	8409871	9304176	1,074627E+07	1,007481E+07	9907100	9703407	9671319	9273311	9170077	1,023806E+07	8498964	9258860	8629045	8913722	9394152	1,079893E+07	9486555	1,005055E+07	1,013223E+07	1,04296E+07	1,017649E+07	1,005327E+07	9032816	1,004163E+07	9815042	9354242	1,092266E+07	1,02998E+07	1,012588E+07	9163047	1,003357E+07
20.05.2020 16:51:00	30	1,059135E+07	1,256028E+07	1,158918E+07	9862507	1,051604E+07	1,104914E+07	1,276949E+07	1,294024E+07	1,129563E+07	1,184963E+07	9693700	1,213189E+07	1,180225E+07	1,105018E+07	1,132997E+07	1,159494E+07	1,107492E+07	9676079	1,092658E+07	7871433	9999695	9739544	9783077	1,004794E+07	9479181	1,07925E+07	9556507	9807015	1,08395E+07	1,160281E+07	1,079335E+07	1,053523E+07	1,07457E+07	1,133481E+07	1,107474E+07	1,051485E+07	1,084345E+07	1,145844E+07	9898587	1,143116E+07	1,069589E+07	9840204	1,208846E+07	1,243133E+07	1,062157E+07	1,099902E+07	1,101463E+07	1,282323E+07	9898521	1,070496E+07	1,15728E+07	1,065097E+07	1,051533E+07	1,014316E+07	1,113006E+07	1,113596E+07	1,09554E+07	9908253	1,033509E+07	9911085	1,010685E+07	1,028163E+07	1,044796E+07	9538817	9260341	1,03509E+07	1,19326E+07	1,107228E+07	1,09608E+07	1,07294E+07	1,062091E+07	1,003093E+07	1,001068E+07	1,13289E+07	9374114	1,016529E+07	9453311	9792927	1,034183E+07	1,187288E+07	1,038904E+07	1,107545E+07	1,121761E+07	1,146886E+07	1,120167E+07	1,099295E+07	9907209	1,097338E+07	1,075429E+07	1,028351E+07	1,20006E+07	1,143041E+07	1,113217E+07	1,011514E+07	1,104538E+07
20.05.2020 19:51:00	33	1,138033E+07	1,347549E+07	1,252047E+07	1,063285E+07	1,133129E+07	1,187099E+07	1,365757E+07	1,386052E+07	1,213872E+07	1,269357E+07	1,046209E+07	1,295042E+07	1,275964E+07	1,190191E+07	1,217733E+07	1,246457E+07	1,198678E+07	5480879	1,182203E+07	8483093	1,08469E+07	1,054375E+07	1,063043E+07	1,081748E+07	1,017643E+07	1,168863E+07	1,035285E+07	1,066305E+07	1,172416E+07	1,247552E+07	1,172124E+07	1,141996E+07	1,165515E+07	1,223558E+07	1,199706E+07	1,135489E+07	1,170406E+07	1,237652E+07	1,069439E+07	1,232961E+07	1,15611E+07	1,062511E+07	1,30598E+07	1,336204E+07	1,151773E+07	1,187573E+07	1,187404E+07	1,3658E+07	1,069307E+07	1,152428E+07	1,247569E+07	1,153034E+07	1,135192E+07	1,102118E+07	1,207365E+07	1,208631E+07	1,182371E+07	1,068573E+07	1,120137E+07	1,068617E+07	1,087412E+07	1,108298E+07	1,125805E+07	1,031173E+07	1,000284E+07	1,118835E+07	1,291436E+07	1,202136E+07	1,191509E+07	1,160315E+07	1,146048E+07	1,070294E+07	1,067018E+07	1,221386E+07	1,005512E+07	1,101357E+07	1,018364E+07	1,064854E+07	1,117642E+07	1,291353E+07	1,114706E+07	1,192764E+07	1,212165E+07	1,229369E+07	1,203684E+07	1,1829E+07	1,067791E+07	1,184342E+07	1,15202E+07	1,109683E+07	1,294065E+07	1,229814E+07	1,199621E+07	1,09262E+07	1,191461E+07
20.05.2020 22:51:00	36	1,230344E+07	1,450772E+07	1,348532E+07	1,150654E+07	1,231206E+07	1,281152E+07	1,459939E+07	1,48041E+07	1,308424E+07	1,359573E+07	1,131659E+07	1,405344E+07	1,371539E+07	1,28798E+07	1,322975E+07	1,346896E+07	1,306151E+07	1,143534E+07	1,286551E+07	9175151	1,186296E+07	1,144219E+07	1,158074E+07	1,170319E+07	1,096009E+07	1,272083E+07	1,127308E+07	1,159526E+07	1,276344E+07	1,347863E+07	1,27175E+07	1,240636E+07	1,2738E+07	1,328823E+07	1,307505E+07	1,218759E+07	1,266322E+07	1,336754E+07	1,166161E+07	1,34431E+07	1,260017E+07	1,159357E+07	1,414693E+07	1,441537E+07	1,244844E+07	1,281882E+07	1,290012E+07	1,460497E+07	1,161319E+07	1,248526E+07	1,352447E+07	1,248674E+07	1,238307E+07	1,203204E+07	1,305962E+07	1,31427E+07	1,290149E+07	1,158756E+07	1,218602E+07	1,155885E+07	1,190481E+07	1,210575E+07	1,227086E+07	1,119273E+07	1,095269E+07	1,209966E+07	1,414916E+07	1,31139E+07	1,300326E+07	1,263898E+07	1,247714E+07	1,141462E+07	1,150574E+07	1,326304E+07	1,091929E+07	1,198309E+07	1,10362E+07	1,158282E+07	1,21135E+07	1,393779E+07	1,202697E+07	1,290999E+07	1,31442E+07	1,323751E+07	1,303269E+07	1,276761E+07	1,161124E+07	1,275905E+07	1,252094E+07	1,195268E+07	1,39901E+07	1,323849E+07	1,302276E+07	1,188099E+07	1,292968E+07
21.05.2020 01:51:00	39	1,318426E+07	1,56022E+07	1,441821E+07	1,233319E+07	1,321669E+07	1,369469E+07	1,561695E+07	1,579907E+07	1,4E+07	1,447033E+07	1,221206E+07	1,493E+07	1,468628E+07	1,39317E+07	1,429351E+07	1,449724E+07	1,409625E+07	1,238072E+07	1,393605E+07	9955750	1,291687E+07	1,238813E+07	1,252875E+07	1,26167E+07	1,177251E+07	1,372233E+07	1,224894E+07	1,25242E+07	1,386088E+07	1,456486E+07	1,375405E+07	1,348387E+07	1,380115E+07	1,436876E+07	1,412953E+07	1,311893E+07	1,348503E+07	1,450529E+07	1,259659E+07	1,443016E+07	1,358016E+07	1,255864E+07	1,522397E+07	1,550737E+07	1,345437E+07	1,385998E+07	1,39256E+07	1,5591E+07	1,253423E+07	1,342434E+07	1,457374E+07	1,352766E+07	1,332526E+07	1,303422E+07	1,414345E+07	1,427303E+07	1,400026E+07	1,248952E+07	1,316404E+07	1,240127E+07	1,265076E+07	1,308969E+07	1,325734E+07	1,212957E+07	1,1873E+07	1,301822E+07	1,529556E+07	1,421329E+07	1,413484E+07	1,37149E+07	1,341559E+07	1,220319E+07	1,22479E+07	1,429066E+07	1,171627E+07	1,298334E+07	1,19472E+07	1,25286E+07	1,311707E+07	1,496154E+07	1,291825E+07	1,388653E+07	1,422011E+07	1,421561E+07	1,395002E+07	1,376051E+07	1,25198E+07	1,371794E+07	1,345793E+07	1,29112E+07	1,505658E+07	1,42301E+07	1,403648E+07	1,28328E+07	1,39243E+07
21.05.2020 04:51:00	42	1,412244E+07	1,658967E+07	1,531341E+07	1,323839E+07	1,419035E+07	1,457615E+07	1,660493E+07	1,681128E+07	1,498611E+07	1,550756E+07	1,313203E+07	1,586057E+07	1,58071E+07	1,491079E+07	1,534239E+07	1,55699E+07	1,519257E+07	1,338368E+07	1,49929E+07	1,075041E+07	1,396916E+07	1,339519E+07	1,358947E+07	1,35785E+07	1,267695E+07	1,480911E+07	1,318376E+07	1,351922E+07	1,498214E+07	1,563564E+07	1,488226E+07	1,452716E+07	1,493066E+07	1,543639E+07	1,520322E+07	1,407544E+07	1,449987E+07	1,561041E+07	1,361848E+07	1,557366E+07	1,473643E+07	1,351954E+07	1,648063E+07	1,660914E+07	1,454151E+07	1,485955E+07	1,50423E+07	1,660833E+07	1,341867E+07	1,439857E+07	1,570717E+07	1,453847E+07	1,436443E+07	1,409389E+07	1,526282E+07	1,5388E+07	1,510621E+07	1,352661E+07	1,421096E+07	1,337519E+07	1,361994E+07	1,417354E+07	1,429717E+07	1,305515E+07	1,278001E+07	1,409888E+07	1,656965E+07	1,531504E+07	1,52483E+07	1,475664E+07	1,445169E+07	1,295293E+07	1,302947E+07	1,541981E+07	1,262975E+07	1,412519E+07	1,286064E+07	1,351532E+07	1,412084E+07	1,61875E+07	1,380028E+07	1,485869E+07	1,527323E+07	1,521327E+07	1,492207E+07	1,475885E+07	1,348731E+07	1,467433E+07	1,435852E+07	1,384467E+07	1,610523E+07	1,536205E+07	1,509672E+07	1,38899E+07	1,495027E+07
21.05.2020 07:51:00	45	1,505495E+07	1,771373E+07	1,635111E+07	1,423024E+07	1,516842E+07	1,555536E+07	1,761444E+07	1,774988E+07	1,594587E+07	1,637564E+07	1,407683E+07	1,675627E+07	1,686463E+07	1,606423E+07	1,641001E+07	1,666568E+07	1,628263E+07	1,44614E+07	1,614143E+07	1,158244E+07	1,499824E+07	1,441875E+07	1,455878E+07	1,445842E+07	1,348851E+07	1,604602E+07	1,425109E+07	1,465496E+07	1,613841E+07	1,675206E+07	1,607826E+07	1,566165E+07	1,608399E+07	1,656884E+07	1,639395E+07	1,505072E+07	1,546341E+07	1,667989E+07	1,463665E+07	1,676283E+07	1,591059E+07	1,454603E+07	1,759961E+07	1,773122E+07	1,556783E+07	1,589587E+07	1,601986E+07	1,75045E+07	1,442297E+07	1,542938E+07	1,676156E+07	1,562125E+07	1,540625E+07	1,519609E+07	1,638291E+07	1,652348E+07	1,625916E+07	1,453443E+07	1,535026E+07	1,429207E+07	1,464682E+07	1,534089E+07	1,536124E+07	1,406498E+07	1,380439E+07	1,513491E+07	1,778666E+07	1,646503E+07	1,650499E+07	1,594253E+07	1,547162E+07	1,373686E+07	1,385855E+07	1,649011E+07	1,361105E+07	1,508064E+07	1,383269E+07	1,45538E+07	1,517116E+07	1,719561E+07	1,475334E+07	1,599539E+07	1,643285E+07	1,6161E+07	1,591615E+07	1,579906E+07	1,445744E+07	1,566022E+07	1,540789E+07	1,479486E+07	1,718512E+07	1,640795E+07	1,6201E+07	1,487251E+07	1,596948E+07
21.05.2020 10:51:00	48	1,590295E+07	1,881265E+07	1,733567E+07	1,515394E+07	1,610963E+07	1,648645E+07	1,861829E+07	1,882713E+07	1,691972E+07	1,738009E+07	1,506271E+07	1,759234E+07	1,784695E+07	1,707712E+07	1,742396E+07	1,767323E+07	1,733244E+07	1,543306E+07	1,725805E+07	1,254845E+07	1,613648E+07	1,544755E+07	1,563786E+07	1,542447E+07	1,439507E+07	1,714405E+07	1,533841E+07	1,581517E+07	1,719459E+07	1,786972E+07	1,713843E+07	1,686429E+07	1,726193E+07	1,768375E+07	1,752667E+07	1,603853E+07	1,649905E+07	1,785924E+07	1,575122E+07	1,792024E+07	1,699642E+07	1,556855E+07	1,883953E+07	1,893007E+07	1,66394E+07	1,702593E+07	1,712187E+07	1,850563E+07	1,543916E+07	1,653252E+07	1,791016E+07	1,679268E+07	1,654788E+07	1,630844E+07	1,765411E+07	1,783E+07	1,739034E+07	1,557978E+07	1,642273E+07	1,528928E+07	1,571164E+07	1,641076E+07	1,64463E+07	1,517082E+07	1,483014E+07	1,625315E+07	1,904566E+07	1,764279E+07	1,773353E+07	1,714486E+07	1,6617E+07	1,453826E+07	1,469045E+07	1,768563E+07	1,452136E+07	1,622389E+07	1,477758E+07	1,557179E+07	1,6229E+07	1,840711E+07	1,569165E+07	1,705645E+07	1,759446E+07	1,71477E+07	1,691467E+07	1,679997E+07	1,546748E+07	1,675053E+07	1,646052E+07	1,581476E+07	1,827661E+07	1,751732E+07	1,727108E+07	1,596075E+07	1,701398E+07
21.05.2020 13:51:00	51	1,688041E+07	1,977102E+07	1,842525E+07	1,609682E+07	1,69989E+07	1,743138E+07	1,965659E+07	1,975641E+07	1,787429E+07	1,8323E+07	1,6005E+07	1,836707E+07	1,881251E+07	1,813058E+07	1,854123E+07	1,882823E+07	1,861936E+07	1,661994E+07	1,840596E+07	1,354331E+07	1,730513E+07	1,649209E+07	1,67461E+07	1,642649E+07	1,531765E+07	1,829552E+07	1,643699E+07	1,711396E+07	1,84339E+07	1,904923E+07	1,838553E+07	1,804081E+07	1,85317E+07	1,886682E+07	1,867324E+07	1,705852E+07	1,749481E+07	1,902157E+07	1,675851E+07	1,900521E+07	1,816472E+07	1,670866E+07	1,998735E+07	1,999874E+07	1,786463E+07	1,804677E+07	1,823909E+07	1,943758E+07	1,640432E+07	1,752122E+07	1,907023E+07	1,795892E+07	1,771726E+07	1,748821E+07	1,875428E+07	1,896712E+07	1,862315E+07	1,668838E+07	1,762612E+07	1,626016E+07	1,664848E+07	1,761169E+07	1,755504E+07	1,623555E+07	1,596819E+07	1,748457E+07	2,037796E+07	1,895332E+07	1,894077E+07	1,832839E+07	1,767153E+07	1,53162E+07	1,550236E+07	1,872521E+07	1,55101E+07	1,734439E+07	1,58786E+07	1,671408E+07	1,728461E+07	1,960568E+07	1,66039E+07	1,818327E+07	1,875421E+07	1,818238E+07	1,784147E+07	1,778066E+07	1,644899E+07	1,775956E+07	1,743148E+07	1,674995E+07	1,941538E+07	1,864819E+07	1,832702E+07	1,706545E+07	1,807069E+07
21.05.2020 16:51:00	54	1,779367E+07	2,078536E+07	1,944287E+07	1,701708E+07	1,797552E+07	1,837779E+07	2,062922E+07	2,064607E+07	1,889285E+07	1,930073E+07	1,691133E+07	1,938814E+07	2,000615E+07	1,932206E+07	1,970458E+07	1,99077E+07	1,976485E+07	1,770077E+07	1,962093E+07	1,459626E+07	1,836637E+07	1,761512E+07	1,788634E+07	1,733225E+07	1,619453E+07	1,952152E+07	1,752485E+07	1,808747E+07	1,973934E+07	2,020452E+07	1,958833E+07	1,923626E+07	1,969326E+07	2,004855E+07	2,001514E+07	1,804387E+07	1,844373E+07	2,021784E+07	1,783148E+07	2,024317E+07	1,938515E+07	1,783218E+07	2,130697E+07	2,107935E+07	1,894607E+07	1,922419E+07	1,9368E+07	2,030002E+07	1,740094E+07	1,869497E+07	2,033911E+07	1,901187E+07	1,880267E+07	1,865699E+07	2,003851E+07	2,008977E+07	1,978909E+07	1,75999E+07	1,876095E+07	1,716796E+07	1,766941E+07	1,871716E+07	1,866409E+07	1,739543E+07	1,705114E+07	1,860533E+07	2,166239E+07	2,00883E+07	2,02288E+07	1,95637E+07	1,876098E+07	1,61E+07	1,631007E+07	1,994667E+07	1,66462E+07	1,853129E+07	1,696225E+07	1,778447E+07	1,828431E+07	2,067939E+07	1,769494E+07	1,92169E+07	1,989898E+07	1,921506E+07	1,889851E+07	1,884785E+07	1,742699E+07	1,872063E+07	1,847867E+07	1,77431E+07	2,038672E+07	1,969977E+07	1,942331E+07	1,811068E+07	1,921041E+07
21.05.2020 19:51:00	57	1,869529E+07	2,200415E+07	2,03368E+07	1,79447E+07	1,90384E+07	1,929205E+07	2,165458E+07	2,173404E+07	1,975227E+07	2,022454E+07	1,792146E+07	2,015307E+07	2,100813E+07	2,035312E+07	2,070734E+07	2,100546E+07	2,090175E+07	1,888885E+07	2,07747E+07	1,561465E+07	1,954295E+07	1,865977E+07	1,889885E+07	1,822532E+07	1,714616E+07	2,067713E+07	1,878265E+07	1,929894E+07	2,101931E+07	2,132814E+07	2,07536E+07	2,042948E+07	2,095318E+07	2,121128E+07	2,124982E+07	1,892435E+07	1,947369E+07	2,129431E+07	1,894399E+07	2,15064E+07	2,053745E+07	1,895571E+07	2,253298E+07	2,226993E+07	2,002764E+07	2,024237E+07	2,038982E+07	2,139655E+07	1,84304E+07	1,97577E+07	2,147014E+07	2,027672E+07	2,004519E+07	1,977575E+07	2,121221E+07	2,136812E+07	2,120187E+07	1,878571E+07	2,002467E+07	1,81565E+07	1,871619E+07	1,989689E+07	1,977349E+07	1,853884E+07	1,823102E+07	1,978543E+07	2,303952E+07	2,138546E+07	2,146929E+07	2,06912E+07	1,98645E+07	1,691274E+07	1,711424E+07	2,103188E+07	1,761265E+07	1,966713E+07	1,795156E+07	1,888331E+07	1,946009E+07	2,18074E+07	1,864491E+07	2,039594E+07	2,08758E+07	2,024684E+07	1,982847E+07	1,991905E+07	1,843711E+07	1,979563E+07	1,953654E+07	1,873734E+07	2,158075E+07	2,080576E+07	2,055207E+07	1,914212E+07	2,03043E+07
21.05.2020 22:51:00	60	1,969524E+07	2,288718E+07	2,122174E+07	1,902741E+07	2,009815E+07	2,033028E+07	2,259046E+07	2,278802E+07	2,079268E+07	2,118751E+07	1,876254E+07	2,113485E+07	2,206287E+07	2,155358E+07	2,186177E+07	2,214107E+07	2,215956E+07	2,00542E+07	2,200933E+07	1,662521E+07	2,06602E+07	1,989321E+07	1,997279E+07	1,924108E+07	1,812724E+07	2,194816E+07	1,992186E+07	2,05004E+07	2,243181E+07	2,263995E+07	2,203632E+07	2,176999E+07	2,206754E+07	2,234886E+07	2,241456E+07	1,996724E+07	2,05143E+07	2,259787E+07	2,005001E+07	2,259978E+07	2,18396E+07	2,0167E+07	2,372124E+07	2,347114E+07	2,112153E+07	2,1379E+07	2,166157E+07	2,231821E+07	1,950043E+07	2,081023E+07	2,276638E+07	2,150327E+07	2,121815E+07	2,107479E+07	2,241877E+07	2,262861E+07	2,234631E+07	1,997961E+07	2,123248E+07	1,926804E+07	1,974012E+07	2,103605E+07	2,093199E+07	1,951509E+07	1,94434E+07	2,09225E+07	2,434813E+07	2,250428E+07	2,278832E+07	2,199525E+07	2,089902E+07	1,766499E+07	1,79291E+07	2,236416E+07	1,859218E+07	2,088621E+07	1,903754E+07	2,004041E+07	2,062442E+07	2,302694E+07	1,972016E+07	2,160425E+07	2,229147E+07	2,137346E+07	2,089216E+07	2,092548E+07	1,950759E+07	2,078227E+07	2,058091E+07	1,990644E+07	2,271255E+07	2,177918E+07	2,167064E+07	2,020471E+07	2,141343E+07
22.05.2020 01:51:00	63	2,050899E+07	2,381677E+07	2,216131E+07	1,988086E+07	2,108045E+07	2,108995E+07	2,345329E+07	2,367646E+07	2,191709E+07	2,211379E+07	1,979808E+07	2,189758E+07	2,309393E+07	2,273676E+07	2,307234E+07	2,322793E+07	2,33307E+07	2,1214E+07	2,3154E+07	1,775895E+07	2,192175E+07	2,101897E+07	2,116295E+07	2,014144E+07	1,895319E+07	2,323668E+07	2,107364E+07	2,180705E+07	2,358569E+07	2,35619E+07	2,332902E+07	2,306866E+07	2,346036E+07	2,350975E+07	2,355208E+07	2,092787E+07	2,159983E+07	2,379027E+07	2,1166E+07	2,41253E+07	2,311636E+07	2,145546E+07	2,504654E+07	2,472494E+07	2,229609E+07	2,237909E+07	2,279166E+07	2,310354E+07	2,054741E+07	2,197808E+07	2,397903E+07	2,274612E+07	2,234578E+07	2,225206E+07	2,382564E+07	2,398213E+07	2,364651E+07	2,115803E+07	2,235206E+07	2,027407E+07	2,071591E+07	2,231448E+07	2,234286E+07	2,06592E+07	2,052437E+07	2,213067E+07	2,561042E+07	2,374718E+07	2,398092E+07	2,308685E+07	2,219932E+07	1,855078E+07	1,877587E+07	2,336627E+07	1,966877E+07	2,214418E+07	2,020373E+07	2,11558E+07	2,174519E+07	2,416565E+07	2,073925E+07	2,271538E+07	2,350626E+07	2,233106E+07	2,186401E+07	2,203717E+07	2,057385E+07	2,190559E+07	2,150665E+07	2,083061E+07	2,370013E+07	2,306313E+07	2,281789E+07	2,136828E+07	2,250965E+07
22.05.2020 04:51:00	66	2,144638E+07	2,482405E+07	2,302174E+07	2,095671E+07	2,202992E+07	2,212819E+07	2,46406E+07	2,46198E+07	2,276342E+07	2,312775E+07	2,069187E+07	2,279608E+07	2,406788E+07	2,373605E+07	2,421495E+07	2,445694E+07	2,442933E+07	2,226673E+07	2,434922E+07	1,889572E+07	2,312001E+07	2,205687E+07	2,240561E+07	2,122936E+07	1,988255E+07	2,4565E+07	2,236223E+07	2,291538E+07	2,491082E+07	2,486148E+07	2,472595E+07	2,430963E+07	2,476132E+07	2,480089E+07	2,485288E+07	2,205332E+07	2,249006E+07	2,491792E+07	2,227162E+07	2,52199E+07	2,43633E+07	2,268836E+07	2,645721E+07	2,586298E+07	2,35074E+07	2,346433E+07	2,376253E+07	2,420454E+07	2,154186E+07	2,307167E+07	2,523452E+07	2,389407E+07	2,36726E+07	2,35899E+07	2,510521E+07	2,529319E+07	2,489298E+07	2,225683E+07	2,360645E+07	2,13254E+07	2,188431E+07	2,358999E+07	2,341521E+07	2,184399E+07	2,163099E+07	2,326499E+07	2,703446E+07	2,513783E+07	2,539913E+07	2,440689E+07	2,325829E+07	1,940817E+07	1,956498E+07	2,460406E+07	2,07242E+07	2,322859E+07	2,135415E+07	2,22726E+07	2,284922E+07	2,52865E+07	2,166545E+07	2,387065E+07	2,476889E+07	2,342525E+07	2,285443E+07	2,310297E+07	2,155614E+07	2,295613E+07	2,261376E+07	2,191772E+07	2,488081E+07	2,41105E+07	2,399085E+07	2,233599E+07	2,366213E+07
22.05.2020 07:51:00	69	2,223618E+07	2,594711E+07	2,40783E+07	2,174566E+07	2,300288E+07	2,305621E+07	2,542881E+07	2,542875E+07	2,361276E+07	2,391253E+07	2,159409E+07	2,360724E+07	2,499396E+07	2,486546E+07	2,520818E+07	2,551143E+07	2,561939E+07	2,346338E+07	2,56188E+07	2,005756E+07	2,428355E+07	2,324019E+07	2,34502E+07	2,215593E+07	2,076789E+07	2,570259E+07	2,350642E+07	2,416104E+07	2,627334E+07	2,580753E+07	2,60719E+07	2,547466E+07	2,585871E+07	2,590307E+07	2,614355E+07	2,299209E+07	2,353675E+07	2,611668E+07	2,344234E+07	2,646001E+07	2,562902E+07	2,388625E+07	2,742329E+07	2,701863E+07	2,449402E+07	2,453075E+07	2,494356E+07	2,48906E+07	2,253612E+07	2,410356E+07	2,636286E+07	2,498422E+07	2,487424E+07	2,461308E+07	2,634567E+07	2,643688E+07	2,622099E+07	2,331226E+07	2,471535E+07	2,2335E+07	2,291514E+07	2,469321E+07	2,44885E+07	2,304098E+07	2,280385E+07	2,441598E+07	2,841856E+07	2,643752E+07	2,672484E+07	2,572318E+07	2,438165E+07	2,022199E+07	2,035408E+07	2,566141E+07	2,173613E+07	2,445329E+07	2,23943E+07	2,340308E+07	2,38238E+07	2,65416E+07	2,286529E+07	2,512393E+07	2,582316E+07	2,445885E+07	2,380206E+07	2,417978E+07	2,270556E+07	2,401854E+07	2,383759E+07	2,294698E+07	2,601659E+07	2,517619E+07	2,487611E+07	2,345466E+07	2,476792E+07
