Vessel Name: 26052020_InCu_KaKr_KK1-72_P0_10
Metric: GFP Integrated Intensity Per Image (GCU x µm²/Image)
Cell Type: 
Passage: 0
Notes: 
Analysis: KaKr-A549-H2B-GFP/-RFP_DEFv10

Date Time	Elapsed	EZH1	FABP4	FAM105A	FAM107A	FAM110A	FAM20A	FAM46A	FAM72A	FBXO6	FCAR	FFAR2	FGL2	FOS	FPR2	GBP1	GBP3	GBP4	GBP5	GLIPR2	GLS	GMPR	GPC4	GPR141	GPR155	HAPLN3	HAVCR2	HELZ2	HERC5	HERC6	HES4	HESX1	HLA-B	HLA-C	HMHA1	HSH2D	IDO1	IFI16	IFI27	IFI35	IFI44	IFI44L	IFI6	IFIH1	IFIT1	IFIT2	IFIT3	IFIT5	IFITM1	IFITM2	IFITM3	IFNE	IFNG	IGF2BP3	IL15	IL15RA	IL1A	IL1RN	IL4I1	IRF1	IRF7	IRF9	IRG1	ISG15	ISG20	ITPKB	KCNE3	KLF7	LAG3	LAMP3	LAP3	LGALS3BP	LGALS9B	LILRA1	LILRA5	LRCH2	LRRC25	LY6D	LY6E	MAP3K1	MBD4	MCM2	BORCS8	MNDA	MS4A4A	STAT1	MAVS	BST2	EIF2AK2	RSAD2	NTC1	NTC2	NTC3	NTC4	NTC5
26.05.2020 09:45:00	0	3720229.0	3234007.0	2980556.0	3342296.0	3351300.0	3682742.0	3568204.0	3072669.0	3508967.0	4224610.0	4011955.0	4034247.0	4443974.0	4741396.0	4073014.0	4086734.0	3867417.0	4149656.0	4997931.0	4320583.0	4904075.0	4309055.0	4112744.0	3965732.0	4665141.0	4204388.0	5070091.0	4967050.0	4925513.0	5329057.0	4601901.0	4648637.0	4667617.0	4906650.0	5224601.0	5368595.0	4216899.0	4188910.0	4278522.0	4102032.0	3424352.0	3862123.0	4487513.0	4111940.0	4847466.0	4629127.0	4264135.0	5048962.0	3388779.0	3973582.0	3955137.0	4363897.0	3942417.0	4043074.0	4559739.0	3898347.0	4070919.0	3988682.0	4637144.0	4166952.0	4413209.0	4591104.0	4390343.0	5351075.0	5046915.0	4766951.0	5465178.0	5267946.0	5197617.0	4744087.0	4311626.0	4488950.0	4848276.0	4692954.0	4772599.0	4975669.0	5282838.0	4649587.0	3850595.0	3945122.0	3493859.0	4277573.0	3861854.0	4252805.0	3305108.0	3649105.0	3656107.0	4022708.0	3342845.0	3424593.0	2739009.0	3367296.0	2925489.0	2738936.0
26.05.2020 12:45:00	3	3826458.0	3347005.0	3075952.0	3426296.0	3479496.0	3796084.0	3671455.0	3160472.0	3605778.0	4358525.0	4146516.0	4200438.0	4675025.0	4893075.0	4205229.0	4250694.0	4031124.0	4227365.0	5129905.0	4429376.0	5073638.0	4481931.0	4247223.0	4150219.0	4939698.0	4428456.0	5224406.0	5274860.0	5142993.0	5488720.0	4726683.0	4774120.0	4822236.0	5059256.0	5433490.0	5611972.0	4443906.0	4352610.0	4451384.0	4266158.0	3565779.0	4032366.0	4625990.0	4243831.0	5000158.0	4783134.0	4418752.0	5282091.0	3587234.0	4114137.0	4119482.0	4516202.0	4132020.0	4187135.0	4749038.0	4029385.0	4217063.0	4133482.0	4830019.0	4383582.0	4692685.0	4830694.0	4624492.0	5638803.0	5264327.0	5007804.0	5681689.0	5493684.0	5449825.0	4940722.0	4508482.0	4681902.0	5114605.0	4940332.0	5018897.0	5239670.0	5563551.0	4905137.0	4052085.0	4154423.0	3683916.0	4414242.0	4055412.0	4443965.0	3540045.0	3850905.0	3874470.0	4248334.0	3554796.0	3653596.0	2916336.0	3534881.0	3093420.0	2866273.0
26.05.2020 15:45:00	6	4115518.0	3601996.0	3318878.0	3679239.0	3752455.0	4103675.0	3963460.0	3413673.0	3879927.0	4692466.0	4475176.0	4542533.0	5058899.0	5279189.0	4513801.0	4586100.0	4348977.0	4541287.0	5512527.0	4737448.0	5471601.0	4840558.0	4596844.0	4492361.0	5361669.0	4788878.0	5625896.0	5711959.0	5551754.0	5913769.0	5096696.0	5150389.0	5204680.0	5457144.0	5861461.0	6052627.0	4788017.0	4748833.0	4812747.0	4629445.0	3860123.0	4365697.0	4985730.0	4598914.0	5404575.0	5166884.0	4765204.0	5678952.0	3899268.0	4388605.0	4447288.0	4876839.0	4455460.0	4483148.0	5097678.0	4351787.0	4535640.0	4468059.0	5208514.0	4757474.0	5079669.0	5204975.0	5002397.0	6093693.0	5672991.0	5428878.0	6136878.0	5927676.0	5866512.0	5346748.0	4868325.0	5022055.0	5504532.0	5341789.0	5408418.0	5680008.0	5989993.0	5298316.0	4366373.0	4500199.0	3992038.0	4766897.0	4384768.0	4808217.0	3855518.0	4135628.0	4184314.0	4568493.0	3851987.0	3951630.0	3182308.0	3812132.0	3372493.0	3104595.0
26.05.2020 18:45:00	9	4420325.0	3890533.0	3544600.0	3966421.0	4055897.0	4421775.0	4319796.0	3685684.0	4206764.0	5050914.0	4849392.0	4883155.0	5451475.0	5707169.0	4892525.0	4980181.0	4681762.0	4880417.0	5964303.0	5069326.0	5898777.0	5197835.0	4953951.0	4866242.0	5788114.0	5181615.0	6064149.0	6074851.0	6000129.0	6386161.0	5487010.0	5566769.0	5621210.0	5884127.0	6354316.0	6529387.0	5186827.0	5165460.0	5217172.0	5007166.0	4181369.0	4744965.0	5414091.0	4979184.0	5855043.0	5576269.0	5158653.0	6150186.0	4207124.0	4678405.0	4796133.0	5241409.0	4826390.0	4819891.0	5498364.0	4707332.0	4894399.0	4796209.0	5612901.0	5128910.0	5502092.0	5644450.0	5415730.0	6563594.0	6136854.0	5868682.0	6632965.0	6373383.0	6334491.0	5767820.0	5253911.0	5405522.0	5931485.0	5752291.0	5826805.0	6108854.0	6460271.0	5694527.0	4743086.0	4883885.0	4316483.0	5124454.0	4743646.0	5181109.0	4171325.0	4462197.0	4499743.0	4915376.0	4180547.0	4277741.0	3503648.0	4146493.0	3679391.0	3361628.0
26.05.2020 21:45:00	12	4802793.0	4176122.0	3828861.0	4271561.0	4385195.0	4762739.0	4631295.0	3971591.0	4532748.0	5432965.0	5235079.0	5275392.0	5904002.0	6163468.0	5286223.0	5420550.0	5054875.0	5251909.0	6433875.0	5440810.0	6370771.0	5602228.0	5337161.0	5269013.0	6239869.0	5587774.0	6527622.0	6578190.0	6469560.0	6900378.0	5953047.0	6020453.0	6083090.0	6351098.0	6836588.0	7017851.0	5612840.0	5567322.0	5643170.0	5437898.0	4523379.0	5137107.0	5856591.0	5392556.0	6311432.0	6030912.0	5571576.0	6623785.0	4583692.0	5005850.0	5199084.0	5658662.0	5215567.0	5176496.0	5934414.0	5079911.0	5271137.0	5182296.0	6033145.0	5545680.0	5960435.0	6093386.0	5859392.0	7063347.0	6625917.0	6338258.0	7166636.0	6877316.0	6825751.0	6231604.0	5663540.0	5820160.0	6397102.0	6181426.0	6281860.0	6604042.0	6936687.0	6176685.0	5124562.0	5263861.0	4681979.0	5525368.0	5130171.0	5582121.0	4541731.0	4817131.0	4890983.0	5301834.0	4557003.0	4654162.0	3828212.0	4474562.0	3979644.0	3653565.0
27.05.2020 00:45:00	15	5176178.0	4514150.0	4129642.0	4602199.0	4750397.0	5126093.0	5029799.0	4302017.0	4854987.0	5847321.0	5648995.0	5723635.0	6363596.0	6678657.0	5748691.0	5903244.0	5496294.0	5696848.0	6959960.0	5831153.0	6896349.0	6038923.0	5778314.0	5710649.0	6720755.0	6050336.0	7071709.0	7144678.0	7006103.0	7444499.0	6405225.0	6507124.0	6575507.0	6878636.0	7417771.0	7596184.0	6026990.0	5970067.0	6133563.0	5872322.0	4898493.0	5569198.0	6329643.0	5848493.0	6866235.0	6517844.0	6024602.0	7174690.0	4968321.0	5415105.0	5632795.0	6130369.0	5649499.0	5614072.0	6423210.0	5517953.0	5722973.0	5602525.0	6519900.0	6014219.0	6442319.0	6603647.0	6340443.0	7623751.0	7149158.0	6872322.0	7750389.0	7452525.0	7355942.0	6750147.0	6131697.0	6267816.0	6929695.0	6660321.0	6758708.0	7155938.0	7498026.0	6727063.0	5585296.0	5695168.0	5060756.0	5966077.0	5549861.0	6008175.0	4957656.0	5229620.0	5303789.0	5734840.0	4947775.0	5040175.0	4188770.0	4872015.0	4334869.0	3959049.0
27.05.2020 03:45:00	18	5556060.0	4875661.0	4439202.0	4973032.0	5161370.0	5554172.0	5424002.0	4639659.0	5255763.0	6292373.0	6088262.0	6188975.0	6897895.0	7229701.0	6223862.0	6377207.0	5970496.0	6125935.0	7511821.0	6228935.0	7422682.0	6554904.0	6261153.0	6195594.0	7272494.0	6544989.0	7649527.0	7731887.0	7616088.0	8059045.0	6930597.0	7045544.0	7127319.0	7440747.0	7998104.0	8177786.0	6525742.0	6460830.0	6644702.0	6377017.0	5308456.0	6007585.0	6869405.0	6360417.0	7431062.0	7088714.0	6542466.0	7751972.0	5425273.0	5863321.0	6114630.0	6631989.0	6132712.0	6058445.0	6963690.0	5984287.0	6219125.0	6069795.0	7043448.0	6518616.0	6998545.0	7133975.0	6875145.0	8228567.0	7713623.0	7465097.0	8406990.0	8047237.0	7969788.0	7317983.0	6647928.0	6786451.0	7507650.0	7218412.0	7341151.0	7728851.0	8081970.0	7290912.0	6072328.0	6149465.0	5536091.0	6457039.0	6021839.0	6531747.0	5407919.0	5661390.0	5738265.0	6219213.0	5396177.0	5484516.0	4595829.0	5307878.0	4745685.0	4302140.0
27.05.2020 06:45:00	21	6092864.0	5347107.0	4905263.0	5454988.0	5666102.0	6059911.0	5942302.0	5103155.0	5799284.0	6823740.0	6638641.0	6764169.0	7508132.0	7870492.0	6797000.0	6972493.0	6534379.0	6723156.0	8249471.0	6785719.0	8086571.0	7206856.0	6905925.0	6809828.0	7920296.0	7089408.0	8279274.0	8388661.0	8294055.0	8781813.0	7585940.0	7679843.0	7755564.0	8081875.0	8670919.0	8845506.0	7149036.0	7066574.0	7255555.0	6945479.0	5819634.0	6573924.0	7552634.0	6926156.0	8105944.0	7757007.0	7119048.0	8435881.0	5985486.0	6431348.0	6679472.0	7323732.0	6681001.0	6646386.0	7660730.0	6608027.0	6828003.0	6685009.0	7777018.0	7161110.0	7592149.0	7776280.0	7499177.0	8874602.0	8346233.0	8144868.0	9162574.0	8760451.0	8701162.0	7990360.0	7258724.0	7456705.0	8116406.0	7809970.0	7999857.0	8423192.0	8791453.0	7960951.0	6631353.0	6685696.0	6050048.0	7023208.0	6595762.0	7165828.0	5924952.0	6185103.0	6272742.0	6786474.0	5897084.0	6024985.0	5064603.0	5855681.0	5203565.0	4743663.0
27.05.2020 09:45:00	24	6636051.0	5932537.0	5319954.0	5977611.0	6193660.0	6571465.0	6447309.0	5558489.0	6301188.0	7408033.0	7204173.0	7318787.0	8145983.0	8541442.0	7332337.0	7697773.0	7095747.0	7309743.0	8931173.0	7348994.0	8802219.0	7853983.0	7439193.0	7411606.0	8601398.0	7692317.0	8954313.0	9087637.0	9063323.0	9509512.0	8277114.0	8362993.0	8445811.0	8752841.0	9342763.0	9574231.0	7762457.0	7685633.0	7846838.0	7555153.0	6357015.0	7165878.0	8245848.0	7578863.0	8798509.0	8445556.0	7720664.0	9117374.0	6521063.0	6967494.0	7291323.0	7943561.0	7267138.0	7450736.0	8324973.0	7244099.0	7443238.0	7270381.0	8436675.0	7757294.0	8286677.0	8445687.0	8153049.0	9599376.0	9049052.0	8875831.0	9967982.0	9456405.0	9427098.0	8669019.0	7863907.0	8058009.0	8794984.0	8483283.0	8667239.0	9189659.0	9516005.0	8690987.0	7238102.0	7276619.0	6581409.0	7565238.0	7357228.0	7756643.0	6481756.0	6742714.0	6790242.0	7330718.0	6455597.0	6578789.0	5561706.0	6413087.0	5653047.0	5153776.0
27.05.2020 12:45:00	27	7166505.0	6305104.0	5771678.0	6435504.0	6719336.0	7109373.0	6976531.0	6025263.0	6830134.0	8000921.0	7793203.0	7956393.0	8842230.0	9285954.0	8016098.0	8250785.0	7736855.0	7947651.0	9665695.0	7867209.0	9547612.0	8527636.0	8103237.0	8043572.0	9326729.0	8407644.0	9735453.0	9839290.0	9838007.0	10374030.0	8991952.0	9073582.0	9165353.0	9484319.0	10178170.0	10377210.0	8482099.0	8345566.0	8579015.0	8190907.0	6925816.0	7811412.0	8994201.0	8255412.0	9583665.0	9190969.0	8426594.0	9915831.0	7152272.0	7552716.0	7925145.0	8672993.0	7965290.0	7839284.0	9068621.0	7829660.0	8092619.0	7889152.0	9185777.0	8445928.0	9036802.0	9201193.0	8878307.0	10378930.0	9824680.0	9611860.0	10893040.0	10293140.0	10233200.0	9486127.0	8554169.0	8765928.0	9543335.0	9239700.0	9471668.0	9956689.0	10321480.0	9474695.0	7885234.0	7895987.0	7179095.0	8213967.0	7823015.0	8436544.0	7098983.0	7338969.0	7437363.0	7926398.0	7057097.0	7159655.0	6105534.0	7035186.0	6213510.0	5624055.0
27.05.2020 15:45:00	30	7820894.0	6877066.0	6287988.0	6989196.0	7296955.0	7699597.0	7599543.0	6584278.0	7339321.0	8652291.0	8426544.0	8590690.0	9662615.0	10106530.0	8704038.0	8999905.0	8416831.0	8614405.0	10463520.0	8504002.0	10355060.0	9269326.0	8782818.0	8754446.0	10108360.0	9178264.0	10642620.0	10686070.0	10766720.0	11240150.0	9805483.0	9922251.0	9980777.0	10319340.0	11053710.0	11244020.0	9221951.0	9111982.0	9365400.0	8941344.0	7563352.0	8513807.0	9853943.0	9004422.0	10469560.0	10055770.0	9204683.0	10773710.0	7816305.0	8247059.0	8619892.0	9454281.0	8664803.0	8530696.0	9875352.0	8604130.0	8812436.0	8630605.0	9897786.0	9195102.0	9826386.0	10027580.0	9626991.0	11314730.0	10696780.0	10545880.0	11880420.0	11139930.0	11153540.0	10298900.0	9285150.0	9427755.0	10380700.0	10042630.0	10229560.0	10852510.0	11249480.0	10353230.0	8631115.0	8596477.0	7839630.0	8909428.0	8548299.0	9113365.0	7779900.0	8039268.0	8118840.0	8623807.0	7723423.0	7812824.0	6704412.0	7709551.0	6784805.0	6177301.0
27.05.2020 18:45:00	33	8423895.0	7606302.0	6829126.0	7664170.0	7962238.0	8354106.0	8283574.0	7202850.0	7974618.0	9365804.0	9141433.0	9397285.0	10499600.0	11016890.0	9469665.0	10006770.0	9199321.0	9428652.0	11316540.0	9238389.0	11291120.0	10136300.0	9512842.0	9532939.0	10985590.0	9979856.0	11527260.0	11670680.0	11689080.0	12229010.0	10692090.0	10783640.0	10874800.0	11233680.0	12085150.0	12178840.0	10055260.0	9946489.0	10254330.0	9742257.0	8272669.0	9332268.0	10749620.0	9889101.0	11385640.0	10958850.0	10046470.0	11710480.0	8586927.0	9029237.0	9380878.0	10241690.0	9423388.0	9565619.0	10768040.0	9462277.0	9638659.0	9414223.0	10803280.0	10023740.0	10742780.0	10934530.0	10555930.0	12159610.0	11587910.0	11418580.0	12931340.0	12091180.0	12083030.0	11188640.0	10177670.0	10251230.0	11217480.0	10888300.0	11173900.0	11739650.0	12225320.0	11259840.0	9429758.0	9352861.0	8541216.0	9666193.0	9515809.0	9898035.0	8520660.0	8796897.0	8854595.0	9333702.0	8437295.0	8522604.0	7419972.0	8380017.0	7432189.0	6755122.0
27.05.2020 21:45:00	36	9089595.0	8080518.0	7423750.0	8183942.0	8617085.0	9000797.0	8893748.0	7751408.0	8493143.0	10071620.0	9832554.0	10108930.0	11383290.0	11922790.0	10272630.0	10735040.0	9910422.0	10095700.0	12183720.0	9899653.0	12152320.0	10874120.0	10237770.0	10302290.0	11868320.0	10798440.0	12450580.0	12564400.0	12680450.0	13162910.0	11657040.0	11718060.0	11802760.0	12177010.0	13005240.0	13069780.0	10804720.0	10759680.0	11170330.0	10524540.0	9039566.0	10116310.0	11595770.0	10721320.0	12284110.0	11862190.0	10887760.0	12627000.0	9267045.0	9719696.0	10078610.0	11120360.0	10271540.0	9970717.0	11648140.0	10238000.0	10426130.0	10216600.0	11590390.0	10807720.0	11595220.0	11778050.0	11437070.0	13159050.0	12532770.0	12443710.0	13925130.0	13033640.0	13011040.0	12096340.0	10962550.0	10993780.0	12114080.0	11784170.0	11985180.0	12667020.0	13173270.0	12237520.0	10212360.0	10185510.0	9326693.0	10434360.0	10089730.0	10607880.0	9314666.0	9537280.0	9576249.0	10117810.0	9138454.0	9229705.0	8104224.0	9134241.0	8068220.0	7384434.0
28.05.2020 00:45:00	39	9766377.0	8723004.0	7966747.0	8808202.0	9262583.0	9699845.0	9583939.0	8425580.0	9152848.0	10874590.0	10575830.0	10899590.0	12309450.0	12971040.0	11133300.0	11623310.0	10790560.0	10934920.0	13061200.0	10651970.0	13100280.0	11775860.0	11073320.0	11144870.0	12834560.0	11711440.0	13464220.0	13603400.0	13795960.0	14195810.0	12636100.0	12673800.0	12860310.0	13201210.0	14124900.0	14056810.0	11700650.0	11652160.0	12117140.0	11462490.0	9790913.0	10938840.0	12649090.0	11669470.0	13303420.0	12890630.0	11830610.0	13633610.0	10021170.0	10591070.0	10912860.0	11932410.0	11107570.0	10785340.0	12650970.0	11090320.0	11268240.0	11018420.0	12529620.0	11671720.0	12606020.0	12838860.0	12372050.0	14151730.0	13543050.0	13459030.0	15125790.0	14081870.0	14011690.0	13152910.0	11883850.0	11814180.0	13054050.0	12671190.0	12978400.0	13702590.0	14251740.0	13220200.0	11080400.0	11055140.0	10135020.0	11214570.0	10934780.0	11419830.0	10172310.0	10346560.0	10290880.0	10933950.0	9906590.0	10001790.0	8836133.0	9945825.0	8750011.0	8018389.0
28.05.2020 03:45:00	42	10452530.0	9398813.0	8526386.0	9489022.0	9995322.0	10413040.0	10361420.0	9159459.0	9912562.0	11683690.0	11319130.0	11701660.0	13228540.0	13978230.0	12004740.0	12523850.0	11619260.0	11802490.0	13921680.0	11459300.0	14050350.0	12677200.0	11929070.0	11991500.0	13793200.0	12643000.0	14544580.0	14597930.0	14801220.0	15247060.0	13625760.0	13703870.0	13825290.0	14191160.0	15207460.0	15089560.0	12529120.0	12516370.0	13078490.0	12412340.0	10657760.0	11873150.0	13671110.0	12661200.0	14315960.0	13904610.0	12835910.0	14561470.0	10877850.0	11382640.0	11763580.0	12913080.0	11991490.0	11606880.0	13633760.0	11972610.0	12167040.0	11944660.0	13437530.0	12525710.0	13585510.0	13796800.0	13408200.0	15318770.0	14501400.0	14484510.0	16329550.0	14993680.0	14987880.0	14146900.0	12741390.0	12575630.0	14005970.0	13589500.0	13989150.0	14636800.0	15241860.0	14259530.0	12002360.0	11986340.0	10993980.0	12106660.0	11782290.0	12215550.0	11037790.0	11176800.0	11108480.0	11746840.0	10738070.0	10885950.0	9627936.0	10705110.0	9489887.0	8751136.0
28.05.2020 06:45:00	45	11249730.0	10285720.0	9252546.0	10349780.0	10888940.0	11247060.0	11161370.0	9993520.0	10645380.0	12579170.0	12172370.0	12551310.0	14293740.0	15099440.0	12988540.0	13680820.0	12571040.0	12710650.0	15004390.0	12297650.0	15089800.0	13769030.0	12821800.0	12968990.0	14851650.0	13662000.0	15683290.0	15769310.0	15998950.0	16415540.0	14727910.0	14892210.0	15070480.0	15342520.0	16285280.0	16052660.0	13546080.0	13564650.0	14260660.0	13399620.0	11591310.0	12884100.0	14846550.0	13719030.0	15372500.0	14999200.0	13876360.0	15607300.0	11827390.0	12345930.0	12724060.0	13918280.0	12981130.0	12837980.0	14719540.0	13102220.0	13187980.0	12942810.0	14495270.0	13614270.0	14602000.0	14973130.0	14432040.0	16381680.0	15584320.0	15645230.0	17617520.0	16196570.0	16230170.0	15259550.0	13833210.0	13564920.0	15050180.0	14689310.0	15061700.0	15820970.0	16338950.0	15356530.0	13004390.0	12959500.0	11962330.0	13060110.0	13091610.0	13224840.0	12025740.0	12136340.0	12007740.0	12672930.0	11649470.0	11764770.0	10506140.0	11648110.0	10298700.0	9604910.0
28.05.2020 09:45:00	48	11832120.0	10837920.0	9810545.0	10940050.0	11649040.0	11974800.0	11932770.0	10639290.0	11297940.0	13296140.0	12963990.0	13371290.0	15204710.0	16104310.0	13892600.0	14417640.0	13383030.0	13494890.0	15906080.0	13136770.0	16044710.0	14571800.0	13603140.0	13767400.0	15802160.0	14501480.0	16499090.0	16772570.0	17156980.0	17457110.0	15710650.0	15918080.0	16114380.0	16311820.0	17331370.0	16909680.0	14372170.0	14470460.0	15284170.0	14387360.0	12505020.0	13837230.0	15753730.0	14635420.0	16396360.0	15985250.0	14839780.0	16540380.0	12741770.0	13160950.0	13550950.0	14864720.0	13927760.0	13356390.0	15701410.0	13984080.0	14128550.0	13706810.0	15428150.0	14413390.0	15575100.0	15936910.0	15488370.0	17449620.0	16681570.0	16761090.0	18718030.0	17213890.0	17374260.0	16249310.0	14563800.0	14316250.0	16009380.0	15616640.0	16013960.0	16808170.0	17440770.0	16447850.0	13946040.0	13940730.0	12871460.0	13881710.0	13723450.0	14056590.0	12949180.0	13027760.0	12828190.0	13576600.0	12486960.0	12656900.0	11407750.0	12580700.0	11075620.0	10231200.0
28.05.2020 12:45:00	51	12496620.0	11520340.0	10522710.0	11681950.0	12404830.0	12747730.0	12791730.0	11406880.0	12012170.0	14136580.0	13816020.0	14283650.0	16144200.0	17114130.0	14810480.0	15451450.0	14372310.0	14446590.0	16939000.0	14112650.0	17029860.0	15567380.0	14598410.0	14689810.0	16745760.0	15570080.0	17579360.0	17751950.0	18181770.0	18422860.0	16860200.0	16972070.0	17100370.0	17440910.0	18328680.0	17930480.0	15365430.0	15424510.0	16398110.0	15432950.0	13420330.0	14754460.0	16798690.0	15752300.0	17444380.0	17105780.0	15856220.0	17532780.0	13528850.0	14103540.0	14465060.0	15909850.0	14876110.0	14208270.0	16908020.0	14920610.0	15029240.0	14680390.0	16368090.0	15464100.0	16660540.0	17111800.0	16483860.0	18523150.0	17715050.0	17790610.0	19915470.0	18233500.0	18322510.0	17356090.0	15690220.0	15230930.0	16970310.0	16552020.0	16976480.0	17828320.0	18612920.0	17415400.0	14952120.0	14889740.0	13774430.0	14786900.0	14524920.0	14861460.0	13943760.0	13930380.0	13658840.0	14410990.0	13326250.0	13501150.0	12208510.0	13443110.0	11805090.0	11109040.0
28.05.2020 15:45:00	54	13590310.0	12464050.0	11218190.0	12439210.0	13272480.0	13731570.0	13442680.0	12112310.0	12624910.0	15021070.0	14729240.0	15309520.0	17507750.0	18496800.0	16014980.0	16565000.0	15346710.0	15437230.0	18089230.0	15062530.0	18091000.0	16525980.0	15306580.0	15644690.0	17995240.0	16715770.0	18956670.0	19134890.0	19699410.0	19771110.0	18187500.0	18377080.0	18456500.0	18765070.0	19929710.0	19306970.0	16463590.0	16485230.0	17790180.0	16553940.0	14555550.0	15878740.0	18127950.0	17062200.0	18760780.0	18463900.0	17188010.0	18852040.0	14614580.0	15063380.0	15411960.0	17029310.0	15753760.0	14959580.0	17944900.0	15884650.0	16029480.0	15609070.0	17150240.0	16340260.0	18129210.0	18443200.0	17813370.0	19985760.0	18969340.0	19112400.0	21422630.0	19597340.0	19676280.0	18544460.0	16764580.0	16060660.0	18339940.0	17726330.0	18177340.0	18993840.0	19868010.0	18765300.0	16147560.0	16048640.0	14743780.0	15810910.0	15686600.0	15817790.0	15175360.0	14960140.0	14817120.0	15432190.0	14403200.0	14666480.0	13301880.0	14438860.0	12756860.0	11954760.0
28.05.2020 18:45:00	57	14211500.0	13048540.0	11712790.0	13024830.0	13972700.0	14230080.0	13969160.0	12798650.0	13237900.0	15578930.0	15380070.0	15849190.0	18204730.0	19362410.0	16653140.0	17368530.0	16195910.0	16192740.0	18883220.0	15742530.0	18870570.0	17281330.0	16039420.0	16391910.0	18805980.0	17571730.0	19699530.0	20025040.0	20576180.0	20626590.0	18936400.0	19238050.0	19391710.0	19720340.0	20671640.0	19954610.0	17114560.0	17251150.0	18575500.0	17575780.0	15243490.0	16727320.0	18974200.0	17878980.0	19686560.0	19243720.0	17988770.0	19629010.0	15381330.0	15847370.0	16083990.0	17775470.0	16643280.0	15656420.0	18764510.0	16735090.0	16848570.0	16376990.0	18005120.0	17138510.0	18926920.0	19316250.0	18662630.0	20800390.0	19829850.0	20003650.0	22263990.0	20411280.0	20370720.0	19436390.0	17427150.0	16702810.0	19132770.0	18486150.0	18917810.0	19894050.0	20494210.0	19639080.0	16958790.0	16829050.0	15654520.0	16522950.0	16388520.0	16532120.0	15969110.0	15733250.0	15509160.0	16219280.0	15072750.0	15358050.0	14049180.0	15184820.0	13382080.0	12639800.0
28.05.2020 21:45:00	60	14950940.0	13786950.0	12385830.0	13779720.0	14700070.0	14975730.0	14694980.0	13492800.0	13919320.0	16595720.0	16056580.0	16600860.0	19078560.0	20225490.0	17471250.0	18350880.0	16982160.0	17022430.0	19709820.0	16650060.0	19810420.0	18253690.0	16948360.0	17158680.0	19690940.0	18447300.0	20758520.0	21017530.0	21577810.0	21572480.0	20134030.0	20218410.0	20352670.0	20678940.0	21730480.0	20735640.0	18010120.0	18154980.0	19607570.0	18557210.0	16299920.0	17771540.0	20023920.0	18919220.0	20545810.0	20234870.0	18900010.0	20600150.0	16341220.0	16786160.0	17011440.0	18750400.0	17672520.0	16547490.0	19913360.0	17771990.0	17700720.0	17307340.0	18885860.0	18114270.0	19975820.0	20347280.0	19639440.0	21916420.0	20849790.0	21107350.0	23562650.0	21376750.0	21446310.0	20314460.0	18381310.0	17595340.0	20082860.0	19530090.0	19745560.0	20876640.0	21670640.0	20547240.0	17900190.0	17793610.0	16596060.0	17468950.0	17163430.0	17467840.0	16952350.0	16691740.0	16371180.0	17083950.0	16068270.0	16414460.0	14959120.0	16092070.0	14194660.0	13333400.0
29.05.2020 00:45:00	63	15633220.0	14450850.0	13180990.0	14450940.0	15488950.0	15811830.0	15520970.0	14247360.0	14492120.0	17249220.0	16938660.0	17499310.0	20054330.0	21290750.0	18554520.0	19321180.0	17892340.0	17890540.0	20842660.0	17523820.0	20746080.0	19183510.0	17792560.0	18092220.0	20571880.0	19544950.0	21876590.0	22217830.0	22631590.0	22803720.0	21295760.0	21342660.0	21433600.0	21751600.0	22558980.0	21755850.0	19002810.0	19083580.0	20839700.0	19690580.0	17353380.0	18677740.0	21147800.0	19946130.0	21637940.0	21498450.0	19970020.0	21491890.0	17269390.0	17760280.0	17942310.0	19830540.0	18713010.0	17497660.0	20899470.0	18807440.0	18686620.0	18263530.0	20143170.0	19085590.0	21003070.0	21427150.0	20750570.0	22865310.0	21968710.0	22112370.0	24781700.0	22519090.0	22537110.0	21382550.0	19401310.0	18507540.0	21054370.0	20409570.0	20823030.0	21829130.0	22629010.0	21635100.0	18846280.0	18916290.0	17614340.0	18455410.0	18205690.0	18380010.0	18025430.0	17541720.0	17277380.0	18175680.0	16956710.0	17262060.0	15983710.0	17175270.0	15027100.0	14252160.0
29.05.2020 03:45:00	66	16293500.0	15276350.0	13808630.0	15131760.0	16424180.0	16583060.0	16298740.0	14996740.0	15266490.0	18119900.0	17673700.0	18255950.0	20977190.0	22245470.0	19465730.0	20340560.0	18761110.0	18833070.0	21641560.0	18467010.0	21839470.0	20095110.0	18654790.0	19039010.0	21491180.0	20465620.0	22982280.0	23071270.0	23720070.0	23649430.0	22218280.0	22433340.0	22568170.0	22831650.0	23647080.0	22651100.0	19903540.0	20023650.0	21996710.0	20629150.0	18298490.0	19758130.0	22199270.0	20921300.0	22612970.0	22597670.0	20870060.0	22352390.0	18134590.0	18731400.0	18951440.0	20723630.0	19556880.0	18405030.0	22031750.0	19989800.0	19797820.0	19251310.0	20951200.0	19916890.0	21996070.0	22536270.0	21814810.0	23913910.0	22885950.0	23196930.0	25986570.0	23681960.0	23559910.0	22372090.0	20407340.0	19357420.0	21848880.0	21489970.0	21864570.0	22716430.0	23795190.0	22682990.0	19909920.0	19881850.0	18533770.0	19447930.0	18965930.0	19303700.0	19048030.0	18595020.0	18162040.0	19042150.0	17866840.0	18154620.0	16911480.0	17973080.0	15843830.0	15092530.0
29.05.2020 06:45:00	69	17125650.0	16133030.0	14507600.0	15913440.0	17267210.0	17263630.0	17095330.0	15772210.0	15923490.0	18853770.0	18455260.0	19222270.0	22005110.0	23268900.0	20472330.0	21210550.0	19775760.0	19752580.0	22932810.0	19400500.0	22708870.0	21121260.0	19627160.0	19853560.0	22498910.0	21470820.0	24169260.0	24290150.0	24948540.0	24815690.0	23432440.0	23666620.0	23613910.0	23909350.0	24740030.0	23753480.0	20744500.0	20938810.0	23139880.0	21741650.0	19411640.0	20780430.0	23292690.0	22037410.0	23705990.0	23554020.0	21987450.0	23331710.0	19043770.0	19761750.0	19955620.0	21942200.0	20640800.0	19253570.0	22961230.0	20866950.0	20775180.0	20289950.0	21788720.0	20818520.0	22777690.0	23755020.0	22667480.0	25139480.0	24050150.0	24291910.0	27162090.0	24615100.0	24639880.0	23426400.0	21279090.0	20171360.0	22901130.0	22274890.0	22865880.0	23810170.0	24677900.0	23858680.0	20808340.0	20943150.0	19530480.0	20276710.0	19957630.0	20047980.0	20121260.0	19361690.0	19131390.0	19949770.0	18742780.0	19049140.0	17865610.0	19024390.0	16663240.0	16009140.0
29.05.2020 09:45:00	72	17758560.0	16834440.0	15176250.0	16641480.0	18005020.0	18116190.0	17856930.0	16624830.0	16708200.0	19739930.0	19389220.0	20024960.0	22947670.0	24373790.0	21432950.0	22333440.0	20756570.0	20577490.0	23929930.0	20449240.0	23629480.0	22345740.0	20575430.0	20751140.0	23427240.0	22299540.0	25148870.0	25256410.0	25884400.0	25780650.0	24439990.0	24709450.0	24744760.0	24964020.0	25615820.0	24456020.0	21756810.0	21938550.0	24411830.0	22892030.0	20466270.0	21963190.0	24563480.0	23141680.0	24820570.0	24815550.0	23091860.0	24461350.0	20097550.0	20807390.0	20902580.0	23088820.0	21560990.0	20393390.0	24380330.0	22040030.0	21983630.0	21292840.0	22941850.0	21654630.0	24063720.0	24641750.0	23944800.0	26328300.0	25167960.0	25645490.0	28417020.0	25683340.0	25751760.0	24587810.0	22409480.0	21052770.0	23762520.0	23260710.0	23770190.0	25058210.0	25889430.0	24949350.0	21952060.0	22006120.0	20670780.0	21315730.0	21066250.0	21021010.0	21071480.0	20443050.0	19921880.0	21068370.0	19750550.0	20113330.0	18920150.0	19912820.0	17571620.0	16845820.0
