Vessel Name: 01-11-2022_KaKr_KK1-83_Screen_S4/4-B5/5_P0_20
Metric: GFP  Integrated Intensity Per Image (GCU x µm²/Image)
Cell Type: 
Passage: 0
Notes: 
Analysis: KaKr-A549-H2B-GFP/-RFP_DEFv10

Date Time	Elapsed	SSB	ST14	STAB1	STAP1	STAT1	STAT2	TAP1	TAP2	TDO2	TDRD7	TIFA	TLR3	TLR7	TMEM140	TMEM217	TMEM62	TNFRSF1B	TNFSF10	TNFSF13B	TNFSF18	TNFSF8	TRAF3IP3	TRANK1	TRIM21	TRIM22	TRIM25	TRIM38	TRIM5	TRIM69	TYMP	UBA7	UBN2	UBQLNL	VCAN	WARS	XAF1	ZADH2	ZBP1	ZBTB48	ZC3HAV1	ZMAT3	ZNF44	ZNF516	ZNFX1	NTC1	NTC2	NTC3	NTC4	NTC5	C1 (Mx2)	C2 (STAT1)	C3 (MAVS)	C4 (BST2)	C5 (EIF2AK2)	C6 (RSAD2)	C7 (NTC1)	C8 (NTC2)	C9 (NTC3)	C10 (NTC4)	C11 (NTC5)
01/11/2022 15:45:00	0	5734874	6092730	6273548	5705964	6459225	5152360	5594052	5784824	5587296	5054971	5470923	4317715	6412135	6075236	6339136	6863434	7176298	5782410	6648721	5714807	6491918	6100163	5993026	5232248	6281139	6010446	6376323	6025312	7534648	5167514	5661228	7237481	6847557	5497425	5836000	6193588	6160643	6078438	6819171	5872570	7438434	6892055	6644397	6386481	6263320	5570339	5745486	6005876	6876522	5767932	6250706	6320075	6718558	6796142	6150940	5831452	5531708	5811449	4980984	5539792
01/11/2022 17:45:00	2	5582965	5897459	6085499	5491678	6236759	5006223	5455953	5624140	5376781	4889460	5365427	4228058	6324102	5938967	6072091	6571180	6829946	5491834	6343289	5468673	6252660	5927499	5772695	5124487	6183281	5855564	6177330	5777303	7179510	4956095	5424367	6991103	6574941	5376488	5737015	6040418	5993303	5916934	6507952	5689267	7121270	6609016	6395115	6152553	6056853	5477131	5672597	5882558	6662121	5717199	6152983	6263428	6609925	6688247	6075966	5750309	5457571	5719174	4883262	5439280
01/11/2022 19:45:00	4	5784445	6080777	6273455	5684716	6475341	5192730	5648888	5788678	5548461	5072614	5479292	4379810	6547069	6122633	6250065	6752474	7062437	5685064	6573170	5666586	6435395	6013706	5965628	5320005	6403167	6064354	6413912	5968427	7410479	5131801	5603052	7164918	6803906	5546994	5929872	6251954	6189048	6102954	6688681	5789425	7313495	6799692	6548713	6348815	6261503	5672559	5857283	6075420	6886017	5902854	6355385	6447261	6831715	6878343	6285057	5951893	5638702	5908356	5070490	5597612
01/11/2022 21:45:00	6	6036571	6332037	6541068	5921866	6726013	5409191	5865199	6057356	5799351	5277427	5716838	4577107	6819266	6417285	6548908	7021507	7299994	5950699	6843104	5893657	6688370	6292048	6242561	5528650	6650155	6338678	6696615	6252600	7736574	5345631	5832441	7428869	7072058	5793770	6172224	6531674	6442399	6343505	6959685	6047981	7592872	7080224	6817171	6590102	6514569	5934174	6111290	6349058	7159347	6151652	6647736	6727004	7090974	7148351	6542185	6226630	5883612	6168371	5306959	5843408
01/11/2022 23:45:00	8	6321467	6618448	6816465	6223116	7016883	5673458	6168859	6345259	6052238	5541476	5960126	4807532	7134049	6724666	6832864	7322497	7635588	6197903	7111695	6182703	7007479	6589538	6510178	5827247	6967431	6632026	6996888	6547470	8040718	5615475	6122866	7745998	7377234	6071347	6469549	6811277	6731860	6650716	7287919	6311435	7897178	7399034	7119477	6875451	6837457	6215812	6397084	6636404	7443069	6417088	6944984	7030766	7420713	7468393	6845820	6533232	6180987	6459342	5584259	6114303
02/11/2022 01:45:00	10	6622646	6933579	7140229	6512030	7363728	5950716	6458027	6624878	6341062	5846555	6352238	5032753	7430205	7034861	7163364	7658489	7982734	6498281	7435240	6480930	7338676	6987359	6802854	6096254	7300436	6931452	7323890	6866162	8433614	5880239	6400945	8080684	7678801	6352480	6776470	7129018	7054437	6964389	7579437	6675651	8238523	7706731	7443893	7180844	7175735	6515796	6674853	6974053	7796408	6702843	7270202	7348062	7750420	7791651	7139970	6846113	6492380	6763201	5875176	6411225
02/11/2022 03:45:00	12	6938929	7248056	7482595	6846766	7709207	6250716	6769604	6914825	6660385	6103991	6538651	5256033	7757317	7356468	7528523	8017696	8307745	6810515	7801596	6782029	7685499	7243393	7141753	6405706	7641863	7277349	7688487	7199934	8789779	6166614	6691126	8433527	8060527	6667585	7069561	7465068	7353043	7267749	7915914	6900845	8615452	8074786	7793862	7534708	7504329	6811724	7007072	7274496	8141085	7027613	7576912	7689948	8095456	8149766	7500187	7188963	6794697	7083123	6166021	6684904
02/11/2022 05:45:00	14	7358545	7632104	7882133	7210295	8117766	6562561	7154207	7325655	6977306	6451335	6907977	5564474	8174246	7755867	7930656	8430579	8748275	7166483	8225464	7181082	8080185	7590057	7534189	6783461	8035458	7680146	8101537	7584408	9228604	6492370	7060261	8874909	8485676	7034205	7426514	7844011	7723639	7655223	8339516	7290831	9051307	8504264	8210369	7920787	7920139	7179208	7371082	7667460	8538985	7372801	7975410	8095714	8500973	8513754	7888479	7567608	7145920	7454927	6504714	7074482
02/11/2022 07:45:00	16	7672662	8037362	8297392	7618001	8504587	6934300	7509209	7681368	7346455	6790846	7237465	5848876	8604375	8170760	8350822	8880646	9187358	7520758	8607749	7615339	8512186	7979809	7936396	7153639	8448638	8061992	8541171	7997001	9659427	6857085	7417822	9299988	8913935	7413069	7861638	8287779	8147558	8045725	8757467	7652148	9525469	8961001	8670872	8361924	8347449	7569563	7752577	8071844	8983202	7753333	8374859	8490109	8892571	8941881	8261016	7984514	7581879	7881960	6851368	7452836
02/11/2022 09:45:00	18	8176370	8479397	8747775	8060911	8986348	7318806	7905399	8060061	7727821	7166403	7640881	6174812	9049595	8683621	8784774	9327359	9624957	7965315	9080657	8041700	8946734	8475433	8367935	7548044	8919905	8529716	8989557	8425116	1,017394E+07	7228085	7802163	9738844	9372145	7791471	8232573	8709433	8588623	8488255	9220029	8031857	1,002194E+07	9401915	9078966	8791151	8821624	7964094	8180666	8481558	9489316	8149372	8849180	8983195	9351091	9419829	8746334	8449109	7991927	8313424	7244007	7858058
02/11/2022 11:45:00	20	9175154	9469534	9738257	9029155	1,001824E+07	8155448	8848263	9044632	8678699	8044981	8533157	6861671	1,000519E+07	9631263	9838950	1,040237E+07	1,076152E+07	8881598	1,01277E+07	8943681	1,001362E+07	9448744	9337234	8382593	9863158	9468223	9932968	9439872	1,134296E+07	8068536	8673827	1,092361E+07	1,042303E+07	8684607	9091415	9607581	9466587	9367622	1,030001E+07	8989642	1,112138E+07	1,043929E+07	1,010547E+07	9766127	9789425	8828125	9045200	9393838	1,047008E+07	9072598	9739665	9909225	1,035258E+07	1,040862E+07	9689213	9375399	8859790	9129945	8026000	8732899
02/11/2022 13:45:00	22	9762278	1,010949E+07	1,046334E+07	9642452	1,069002E+07	8715901	9427735	9631237	9334453	8609778	9216591	7332869	1,065608E+07	1,030275E+07	1,049521E+07	1,111102E+07	1,144358E+07	9440692	1,071058E+07	9569127	1,065012E+07	1,020592E+07	9959538	9003395	1,04415E+07	1,012903E+07	1,061231E+07	1,008602E+07	1,208949E+07	8651601	9265687	1,153871E+07	1,115145E+07	9250845	9713867	1,028086E+07	1,009417E+07	1,001897E+07	1,097967E+07	9695720	1,185181E+07	1,109374E+07	1,08061E+07	1,044061E+07	1,048291E+07	9441763	9659997	1,003795E+07	1,11184E+07	9618188	1,043077E+07	1,055021E+07	1,097835E+07	1,103917E+07	1,025961E+07	1,005111E+07	9462829	9822111	8644499	9362091
02/11/2022 15:45:00	24	1,001273E+07	1,028069E+07	1,068749E+07	9885834	1,097614E+07	8994801	9698486	9888116	9518287	8890775	9409279	7555114	1,093701E+07	1,054697E+07	1,077878E+07	1,134942E+07	1,177139E+07	9698401	1,106954E+07	9879792	1,09276E+07	1,02981E+07	1,021769E+07	9289439	1,082344E+07	1,045987E+07	1,095578E+07	1,042343E+07	1,23693E+07	8930101	9534234	1,184573E+07	1,144332E+07	9526628	1,002865E+07	1,056425E+07	1,040727E+07	1,032555E+07	1,125718E+07	9797182	1,215637E+07	1,140779E+07	1,102728E+07	1,072698E+07	1,07208E+07	9764544	9965031	1,031798E+07	1,145012E+07	9906693	1,072038E+07	1,085706E+07	1,125516E+07	1,134978E+07	1,058368E+07	1,037155E+07	9744879	1,009706E+07	8932358	9636731
02/11/2022 17:45:00	26	1,028847E+07	1,05678E+07	1,101716E+07	1,013291E+07	1,126045E+07	9247801	9976347	1,014898E+07	9795298	9137977	9638636	7797393	1,122068E+07	1,090413E+07	1,106424E+07	1,159653E+07	1,202518E+07	9918269	1,136415E+07	1,009651E+07	1,122961E+07	1,066792E+07	1,05734E+07	9517175	1,112111E+07	1,074548E+07	1,122552E+07	1,07355E+07	1,270429E+07	9177804	9839562	1,213838E+07	1,175519E+07	9812142	1,033385E+07	1,087574E+07	1,067772E+07	1,056474E+07	1,156596E+07	1,006931E+07	1,244787E+07	1,180147E+07	1,136962E+07	1,098031E+07	1,106055E+07	1,003844E+07	1,026108E+07	1,061887E+07	1,170416E+07	1,020313E+07	1,101128E+07	1,113675E+07	1,154117E+07	1,163647E+07	1,088219E+07	1,067711E+07	1,005105E+07	1,039625E+07	9199825	9920318
02/11/2022 19:45:00	28	1,075185E+07	1,099585E+07	1,147753E+07	1,060224E+07	1,170623E+07	9698145	1,040496E+07	1,057375E+07	1,020918E+07	9549171	1,004419E+07	8149848	1,174269E+07	1,138235E+07	1,157348E+07	1,210463E+07	1,241632E+07	1,038333E+07	1,182945E+07	1,060408E+07	1,169555E+07	1,096983E+07	1,095804E+07	9998858	1,159804E+07	1,117824E+07	1,17713E+07	1,119367E+07	1,318726E+07	9591755	1,029379E+07	1,257212E+07	1,224276E+07	1,022147E+07	1,072525E+07	1,134859E+07	1,111322E+07	1,102567E+07	1,197299E+07	1,051449E+07	1,294893E+07	1,222111E+07	1,181103E+07	1,142522E+07	1,155943E+07	1,050509E+07	1,067128E+07	1,109774E+07	1,221882E+07	1,063217E+07	1,141954E+07	1,161216E+07	1,20663E+07	1,212322E+07	1,137274E+07	1,118066E+07	1,049674E+07	1,084604E+07	9602868	1,036739E+07
02/11/2022 21:45:00	30	1,116097E+07	1,152588E+07	1,202114E+07	1,10754E+07	1,220956E+07	1,012158E+07	1,099285E+07	1,109541E+07	1,068642E+07	1,006218E+07	1,055109E+07	8562657	1,22552E+07	1,188982E+07	1,211414E+07	1,260118E+07	1,30813E+07	1,090511E+07	1,230415E+07	1,113132E+07	1,226028E+07	1,162409E+07	1,162924E+07	1,050468E+07	1,209103E+07	1,171395E+07	1,229785E+07	1,174029E+07	1,380827E+07	1,011845E+07	1,078938E+07	1,312602E+07	1,274179E+07	1,063734E+07	1,12465E+07	1,192291E+07	1,164257E+07	1,155183E+07	1,258855E+07	1,095785E+07	1,346028E+07	1,278616E+07	1,236438E+07	1,198622E+07	1,204911E+07	1,100129E+07	1,122813E+07	1,161745E+07	1,275784E+07	1,108246E+07	1,200541E+07	1,212111E+07	1,250364E+07	1,255782E+07	1,183222E+07	1,168811E+07	1,100574E+07	1,128768E+07	1,009412E+07	1,090017E+07
02/11/2022 23:45:00	32	1,177855E+07	1,196365E+07	1,257884E+07	1,16529E+07	1,277347E+07	1,070939E+07	1,145494E+07	1,153724E+07	1,114995E+07	1,05277E+07	1,106173E+07	8929841	1,281599E+07	1,256077E+07	1,269114E+07	1,313908E+07	1,351255E+07	1,144424E+07	1,284208E+07	1,170407E+07	1,281494E+07	1,211861E+07	1,211753E+07	1,095987E+07	1,263738E+07	1,231099E+07	1,300941E+07	1,231042E+07	1,434633E+07	1,06236E+07	1,128299E+07	1,364301E+07	1,333279E+07	1,118898E+07	1,177348E+07	1,242936E+07	1,223282E+07	1,212596E+07	1,315062E+07	1,1421E+07	1,398792E+07	1,331076E+07	1,292191E+07	1,255286E+07	1,266663E+07	1,152425E+07	1,176414E+07	1,213329E+07	1,337532E+07	1,159418E+07	1,253238E+07	1,269325E+07	1,302514E+07	1,309122E+07	1,238597E+07	1,228238E+07	1,155509E+07	1,186313E+07	1,058928E+07	1,135753E+07
03/11/2022 01:45:00	34	1,231876E+07	1,260795E+07	1,301521E+07	1,220658E+07	1,340434E+07	1,122178E+07	1,211225E+07	1,209443E+07	1,168272E+07	1,105689E+07	1,156268E+07	9433875	1,336802E+07	1,310099E+07	1,327762E+07	1,365273E+07	1,417393E+07	1,196687E+07	1,348874E+07	1,226445E+07	1,342322E+07	1,270309E+07	1,269877E+07	1,154088E+07	1,323392E+07	1,289526E+07	1,357344E+07	1,29856E+07	1,501025E+07	1,11718E+07	1,190943E+07	1,431495E+07	1,395962E+07	1,172365E+07	1,228172E+07	1,296115E+07	1,273159E+07	1,273432E+07	1,377533E+07	1,194677E+07	1,461085E+07	1,396026E+07	1,351556E+07	1,31208E+07	1,330488E+07	1,2059E+07	1,229175E+07	1,273355E+07	1,39263E+07	1,216162E+07	1,309743E+07	1,327142E+07	1,365257E+07	1,370828E+07	1,301007E+07	1,285489E+07	1,215004E+07	1,243469E+07	1,113087E+07	1,195441E+07
03/11/2022 03:45:00	36	1,283555E+07	1,304769E+07	1,368258E+07	1,269133E+07	1,39157E+07	1,175384E+07	1,264995E+07	1,270627E+07	1,220818E+07	1,164589E+07	1,211872E+07	9868643	1,396306E+07	1,366977E+07	1,383666E+07	1,430483E+07	1,477524E+07	1,249331E+07	1,399439E+07	1,283018E+07	1,403327E+07	1,335463E+07	1,327761E+07	1,212646E+07	1,380472E+07	1,348658E+07	1,415766E+07	1,35446E+07	1,561708E+07	1,170569E+07	1,238866E+07	1,48272E+07	1,451812E+07	1,225614E+07	1,287644E+07	1,364593E+07	1,336233E+07	1,329796E+07	1,436692E+07	1,257903E+07	1,517187E+07	1,455957E+07	1,416738E+07	1,373745E+07	1,389654E+07	1,26958E+07	1,281338E+07	1,330803E+07	1,45197E+07	1,268281E+07	1,36763E+07	1,379069E+07	1,4154E+07	1,421308E+07	1,354084E+07	1,346619E+07	1,271693E+07	1,31014E+07	1,17831E+07	1,246938E+07
03/11/2022 05:45:00	38	1,341994E+07	1,37194E+07	1,42467E+07	1,327151E+07	1,452795E+07	1,226609E+07	1,321522E+07	1,319952E+07	1,277359E+07	1,219466E+07	1,264809E+07	1,035556E+07	1,462664E+07	1,438587E+07	1,454457E+07	1,488382E+07	1,536423E+07	1,305328E+07	1,474602E+07	1,345258E+07	1,463265E+07	1,392648E+07	1,391306E+07	1,27564E+07	1,447981E+07	1,414448E+07	1,48325E+07	1,427783E+07	1,643171E+07	1,24123E+07	1,305542E+07	1,547239E+07	1,527E+07	1,288496E+07	1,349633E+07	1,424055E+07	1,387263E+07	1,390576E+07	1,497767E+07	1,30122E+07	1,58489E+07	1,519856E+07	1,469973E+07	1,441411E+07	1,445515E+07	1,325789E+07	1,34081E+07	1,390783E+07	1,519152E+07	1,324979E+07	1,432687E+07	1,44674E+07	1,479185E+07	1,474583E+07	1,411844E+07	1,409618E+07	1,332903E+07	1,360998E+07	1,237831E+07	1,304373E+07
03/11/2022 07:45:00	40	1,39915E+07	1,414043E+07	1,484589E+07	1,387026E+07	1,513784E+07	1,283119E+07	1,385002E+07	1,378886E+07	1,322822E+07	1,26876E+07	1,310812E+07	1,076618E+07	1,52479E+07	1,498455E+07	1,517457E+07	1,552025E+07	1,602501E+07	1,366075E+07	1,520583E+07	1,398004E+07	1,51813E+07	1,456081E+07	1,444379E+07	1,32917E+07	1,501538E+07	1,47149E+07	1,539809E+07	1,478611E+07	1,700692E+07	1,296777E+07	1,361961E+07	1,606277E+07	1,582821E+07	1,337309E+07	1,406467E+07	1,490093E+07	1,456338E+07	1,455591E+07	1,568963E+07	1,362278E+07	1,634575E+07	1,569393E+07	1,53544E+07	1,486398E+07	1,500698E+07	1,374931E+07	1,408229E+07	1,451099E+07	1,570149E+07	1,376328E+07	1,478484E+07	1,50205E+07	1,530178E+07	1,543153E+07	1,465366E+07	1,465902E+07	1,388097E+07	1,408988E+07	1,287527E+07	1,36124E+07
03/11/2022 09:45:00	42	1,495181E+07	1,519218E+07	1,588507E+07	1,491297E+07	1,602503E+07	1,377107E+07	1,486114E+07	1,46676E+07	1,413801E+07	1,36174E+07	1,404978E+07	1,15523E+07	1,617611E+07	1,596843E+07	1,627955E+07	1,65896E+07	1,709458E+07	1,457922E+07	1,624697E+07	1,508852E+07	1,619948E+07	1,541782E+07	1,553843E+07	1,42941E+07	1,59988E+07	1,580853E+07	1,649238E+07	1,608052E+07	1,80614E+07	1,406176E+07	1,456705E+07	1,711781E+07	1,691113E+07	1,42178E+07	1,494932E+07	1,595875E+07	1,54429E+07	1,558337E+07	1,674274E+07	1,44821E+07	1,749496E+07	1,692451E+07	1,637482E+07	1,592485E+07	1,604419E+07	1,474665E+07	1,497059E+07	1,554353E+07	1,668049E+07	1,476632E+07	1,578393E+07	1,605582E+07	1,637909E+07	1,64406E+07	1,571642E+07	1,567793E+07	1,485837E+07	1,515766E+07	1,377561E+07	1,457979E+07
03/11/2022 11:45:00	44	1,51375E+07	1,528914E+07	1,599006E+07	1,497249E+07	1,62606E+07	1,399129E+07	1,50687E+07	1,499174E+07	1,431646E+07	1,384034E+07	1,416495E+07	1,175144E+07	1,639054E+07	1,62259E+07	1,633602E+07	1,651843E+07	1,706177E+07	1,485804E+07	1,640234E+07	1,52172E+07	1,643466E+07	1,565378E+07	1,557887E+07	1,446806E+07	1,6209E+07	1,590449E+07	1,669479E+07	1,614222E+07	1,811089E+07	1,415099E+07	1,474357E+07	1,711923E+07	1,697551E+07	1,450751E+07	1,517869E+07	1,613567E+07	1,573369E+07	1,579897E+07	1,68123E+07	1,466894E+07	1,762895E+07	1,685035E+07	1,654678E+07	1,608926E+07	1,625448E+07	1,476574E+07	1,513173E+07	1,572927E+07	1,698238E+07	1,49561E+07	1,600446E+07	1,622382E+07	1,658683E+07	1,648577E+07	1,584393E+07	1,586803E+07	1,504872E+07	1,539513E+07	1,403855E+07	1,475886E+07
03/11/2022 13:45:00	46	1,68764E+07	1,695614E+07	1,785882E+07	1,68845E+07	1,799817E+07	1,560722E+07	1,67653E+07	1,660628E+07	1,587669E+07	1,543923E+07	1,570408E+07	1,298398E+07	1,793575E+07	1,780219E+07	1,836291E+07	1,853389E+07	1,889662E+07	1,645208E+07	1,822082E+07	1,690167E+07	1,815052E+07	1,728864E+07	1,733385E+07	1,595877E+07	1,777771E+07	1,763623E+07	1,843082E+07	1,796996E+07	1,998823E+07	1,576379E+07	1,645214E+07	1,910089E+07	1,88065E+07	1,595701E+07	1,666157E+07	1,769183E+07	1,729095E+07	1,734872E+07	1,869109E+07	1,619453E+07	1,940675E+07	1,869634E+07	1,828712E+07	1,774814E+07	1,802883E+07	1,639484E+07	1,663467E+07	1,728433E+07	1,863579E+07	1,649971E+07	1,754974E+07	1,768741E+07	1,802917E+07	1,799801E+07	1,7461E+07	1,748668E+07	1,661288E+07	1,68104E+07	1,546563E+07	1,631419E+07
03/11/2022 15:45:00	48	1,709036E+07	1,711712E+07	1,810375E+07	1,700913E+07	1,822244E+07	1,593195E+07	1,702075E+07	1,695669E+07	1,619378E+07	1,56735E+07	1,618039E+07	1,327388E+07	1,828993E+07	1,81749E+07	1,865808E+07	1,872984E+07	1,936065E+07	1,670204E+07	1,851735E+07	1,728548E+07	1,851558E+07	1,765801E+07	1,765035E+07	1,640718E+07	1,821712E+07	1,806964E+07	1,881267E+07	1,842963E+07	2,028364E+07	1,626647E+07	1,685415E+07	1,934191E+07	1,908439E+07	1,636139E+07	1,707022E+07	1,811179E+07	1,760595E+07	1,778173E+07	1,890634E+07	1,671419E+07	1,958818E+07	1,895451E+07	1,848885E+07	1,799776E+07	1,831678E+07	1,67013E+07	1,702558E+07	1,768796E+07	1,897729E+07	1,683335E+07	1,798931E+07	1,797696E+07	1,83985E+07	1,843789E+07	1,771352E+07	1,782761E+07	1,695842E+07	1,732529E+07	1,603193E+07	1,67498E+07
03/11/2022 17:45:00	50	1,717642E+07	1,715871E+07	1,80476E+07	1,710742E+07	1,819753E+07	1,598973E+07	1,725531E+07	1,705727E+07	1,634802E+07	1,58524E+07	1,626676E+07	1,342479E+07	1,842665E+07	1,835152E+07	1,873539E+07	1,885613E+07	1,904593E+07	1,694772E+07	1,844778E+07	1,746118E+07	1,847827E+07	1,768298E+07	1,769523E+07	1,657147E+07	1,814179E+07	1,808416E+07	1,90051E+07	1,850554E+07	2,021053E+07	1,645039E+07	1,705157E+07	1,942465E+07	1,92872E+07	1,649001E+07	1,713635E+07	1,832385E+07	1,769076E+07	1,782344E+07	1,906772E+07	1,664967E+07	1,962461E+07	1,903018E+07	1,863958E+07	1,79531E+07	1,831175E+07	1,680698E+07	1,717735E+07	1,783074E+07	1,889998E+07	1,704026E+07	1,804796E+07	1,826643E+07	1,851207E+07	1,840384E+07	1,795324E+07	1,805613E+07	1,708443E+07	1,745785E+07	1,601384E+07	1,68032E+07
03/11/2022 19:45:00	52	1,757364E+07	1,743408E+07	1,830065E+07	1,754811E+07	1,855503E+07	1,635069E+07	1,77052E+07	1,737457E+07	1,681235E+07	1,629631E+07	1,664206E+07	1,375151E+07	1,886096E+07	1,862355E+07	1,913015E+07	1,930833E+07	1,948817E+07	1,713163E+07	1,888471E+07	1,791849E+07	1,894007E+07	1,80902E+07	1,820101E+07	1,698098E+07	1,858986E+07	1,842831E+07	1,951611E+07	1,899261E+07	2,064317E+07	1,676145E+07	1,739151E+07	1,98037E+07	1,971621E+07	1,68768E+07	1,751606E+07	1,86763E+07	1,83192E+07	1,81496E+07	1,938988E+07	1,705827E+07	2,00266E+07	1,943092E+07	1,900436E+07	1,856716E+07	1,865335E+07	1,709185E+07	1,745741E+07	1,82348E+07	1,929574E+07	1,74096E+07	1,847298E+07	1,86123E+07	1,882576E+07	1,875802E+07	1,821676E+07	1,83572E+07	1,751327E+07	1,770373E+07	1,651846E+07	1,72172E+07
03/11/2022 21:45:00	54	1,795805E+07	1,80244E+07	1,884947E+07	1,810195E+07	1,913865E+07	1,688407E+07	1,815959E+07	1,774286E+07	1,724067E+07	1,67966E+07	1,71612E+07	1,426453E+07	1,93147E+07	1,926256E+07	1,963204E+07	1,983107E+07	2,002448E+07	1,756075E+07	1,959366E+07	1,83073E+07	1,970866E+07	1,862138E+07	1,878548E+07	1,746729E+07	1,915304E+07	1,92385E+07	2,012689E+07	1,952566E+07	2,120374E+07	1,737666E+07	1,79222E+07	2,018997E+07	2,020028E+07	1,733227E+07	1,795325E+07	1,901358E+07	1,85988E+07	1,880327E+07	1,98978E+07	1,767106E+07	2,076847E+07	1,99293E+07	1,948497E+07	1,887337E+07	1,927546E+07	1,763267E+07	1,805386E+07	1,860867E+07	2,004334E+07	1,786311E+07	1,887655E+07	1,912801E+07	1,941896E+07	1,913467E+07	1,890352E+07	1,893495E+07	1,805221E+07	1,826052E+07	1,717826E+07	1,785096E+07
03/11/2022 23:45:00	56	1,858311E+07	1,840383E+07	1,943629E+07	1,849175E+07	1,956743E+07	1,73889E+07	1,87828E+07	1,826789E+07	1,773167E+07	1,723825E+07	1,768653E+07	1,459174E+07	1,963085E+07	1,982882E+07	2,027164E+07	2,064195E+07	2,070462E+07	1,823649E+07	1,981052E+07	1,884758E+07	2,002925E+07	1,925768E+07	1,928889E+07	1,804332E+07	1,947188E+07	1,960473E+07	2,07781E+07	2,003184E+07	2,18518E+07	1,799679E+07	1,865382E+07	2,066799E+07	2,058456E+07	1,772296E+07	1,865627E+07	1,959447E+07	1,929231E+07	1,940837E+07	2,046154E+07	1,816619E+07	2,108397E+07	2,052981E+07	1,989923E+07	1,948839E+07	1,972178E+07	1,818749E+07	1,849623E+07	1,929988E+07	2,041739E+07	1,840066E+07	1,956415E+07	1,957342E+07	2,001453E+07	1,98705E+07	1,929775E+07	1,964165E+07	1,883787E+07	1,8817E+07	1,768702E+07	1,840088E+07
04/11/2022 01:45:00	58	1,893849E+07	1,885387E+07	1,979133E+07	1,917957E+07	2,012508E+07	1,810471E+07	1,943574E+07	1,844982E+07	1,839121E+07	1,795456E+07	1,812759E+07	1,519776E+07	2,040435E+07	2,053412E+07	2,064131E+07	2,103177E+07	2,111832E+07	1,872825E+07	2,047447E+07	1,935322E+07	2,065183E+07	1,979334E+07	1,998251E+07	1,863748E+07	2,016064E+07	2,040524E+07	2,134538E+07	2,076443E+07	2,231003E+07	1,862338E+07	1,905366E+07	2,107126E+07	2,115611E+07	1,819894E+07	1,923969E+07	2,032419E+07	1,988281E+07	2,006515E+07	2,12076E+07	1,848626E+07	2,171602E+07	2,134292E+07	2,071485E+07	2,017672E+07	2,026025E+07	1,870024E+07	1,892947E+07	1,993523E+07	2,091284E+07	1,890836E+07	2,009725E+07	2,031083E+07	2,046865E+07	2,038885E+07	1,99154E+07	2,013183E+07	1,920329E+07	1,937639E+07	1,810993E+07	1,89458E+07
04/11/2022 03:45:00	60	1,965181E+07	1,949404E+07	2,014978E+07	1,97794E+07	2,067322E+07	1,858212E+07	1,986138E+07	1,941283E+07	1,893787E+07	1,85299E+07	1,856565E+07	1,549957E+07	2,086052E+07	2,10315E+07	2,135986E+07	2,142785E+07	2,191972E+07	1,93981E+07	2,121528E+07	2,015745E+07	2,105578E+07	2,030584E+07	2,066208E+07	1,911409E+07	2,080592E+07	2,100048E+07	2,200324E+07	2,125451E+07	2,270069E+07	1,928282E+07	1,96967E+07	2,17007E+07	2,199898E+07	1,873341E+07	1,965012E+07	2,092279E+07	2,038431E+07	2,040963E+07	2,204684E+07	1,897898E+07	2,233588E+07	2,200281E+07	2,108068E+07	2,067555E+07	2,111076E+07	1,9128E+07	1,94829E+07	2,047852E+07	2,141541E+07	1,958576E+07	2,055873E+07	2,086027E+07	2,114274E+07	2,076521E+07	2,042197E+07	2,062999E+07	1,969916E+07	1,992811E+07	1,888305E+07	1,956599E+07
04/11/2022 05:45:00	62	1,996218E+07	2,006196E+07	2,097801E+07	2,000148E+07	2,114239E+07	1,927412E+07	2,039073E+07	1,985764E+07	1,930637E+07	1,910637E+07	1,927164E+07	1,603319E+07	2,137485E+07	2,15575E+07	2,190196E+07	2,218332E+07	2,243576E+07	1,993158E+07	2,211575E+07	2,076089E+07	2,162667E+07	2,106847E+07	2,105611E+07	1,978808E+07	2,131071E+07	2,146435E+07	2,261556E+07	2,209438E+07	2,338964E+07	1,999304E+07	2,045976E+07	2,236576E+07	2,274796E+07	1,913986E+07	2,038221E+07	2,13646E+07	2,10187E+07	2,11522E+07	2,241442E+07	1,941735E+07	2,307383E+07	2,25606E+07	2,19509E+07	2,122131E+07	2,151425E+07	1,995649E+07	2,008579E+07	2,101759E+07	2,231569E+07	2,001915E+07	2,10981E+07	2,137766E+07	2,157747E+07	2,121228E+07	2,094011E+07	2,12621E+07	2,033782E+07	2,056293E+07	1,955533E+07	1,993752E+07
04/11/2022 07:45:00	64	2,065317E+07	2,052704E+07	2,150244E+07	2,07058E+07	2,149981E+07	1,980396E+07	2,100407E+07	2,041775E+07	1,997005E+07	1,946597E+07	1,962037E+07	1,636432E+07	2,197262E+07	2,22855E+07	2,259848E+07	2,283115E+07	2,30357E+07	2,04225E+07	2,241221E+07	2,126573E+07	2,247034E+07	2,1451E+07	2,170272E+07	2,016246E+07	2,178301E+07	2,216311E+07	2,34958E+07	2,258821E+07	2,369952E+07	2,076528E+07	2,105881E+07	2,289061E+07	2,297251E+07	1,97968E+07	2,088665E+07	2,203419E+07	2,13655E+07	2,189093E+07	2,303934E+07	1,996747E+07	2,335638E+07	2,319303E+07	2,224144E+07	2,16411E+07	2,227643E+07	2,037802E+07	2,082001E+07	2,194883E+07	2,277503E+07	2,060967E+07	2,159178E+07	2,177366E+07	2,206618E+07	2,196403E+07	2,141174E+07	2,214836E+07	2,123133E+07	2,09141E+07	2,025039E+07	2,066158E+07
04/11/2022 09:45:00	66	2,313877E+07	2,304628E+07	2,407827E+07	2,305234E+07	2,445859E+07	2,184558E+07	2,365228E+07	2,301528E+07	2,214847E+07	2,193843E+07	2,207357E+07	1,824856E+07	2,412783E+07	2,463316E+07	2,560669E+07	2,523502E+07	2,586317E+07	2,302517E+07	2,496567E+07	2,36471E+07	2,467192E+07	2,349746E+07	2,392782E+07	2,267257E+07	2,405805E+07	2,464472E+07	2,586339E+07	2,531619E+07	2,698076E+07	2,303813E+07	2,33564E+07	2,533413E+07	2,551072E+07	2,207569E+07	2,305242E+07	2,433628E+07	2,376694E+07	2,384305E+07	2,601805E+07	2,224823E+07	2,61846E+07	2,577401E+07	2,487731E+07	2,43372E+07	2,460461E+07	2,247816E+07	2,28209E+07	2,396108E+07	2,532988E+07	2,291509E+07	2,397278E+07	2,432016E+07	2,435255E+07	2,438674E+07	2,377478E+07	2,471126E+07	2,303277E+07	2,327747E+07	2,219467E+07	2,307124E+07
04/11/2022 11:45:00	68	2,199761E+07	2,200859E+07	2,287796E+07	2,207485E+07	2,332368E+07	2,10173E+07	2,233998E+07	2,20551E+07	1,955989E+07	2,103913E+07	2,073494E+07	1,764705E+07	2,329722E+07	2,36877E+07	2,428086E+07	2,430672E+07	2,207749E+07	2,182212E+07	2,072057E+07	2,296302E+07	2,407304E+07	2,264866E+07	2,317008E+07	2,165887E+07	2,35483E+07	2,384718E+07	2,488676E+07	2,393683E+07	2,56284E+07	2,210009E+07	2,207523E+07	2,423292E+07	2,44715E+07	2,049634E+07	2,238112E+07	2,361231E+07	2,30176E+07	2,309566E+07	2,48041E+07	2,125433E+07	2,487937E+07	2,483049E+07	2,378707E+07	2,227985E+07	2,347056E+07	2,176333E+07	2,199327E+07	2,304707E+07	2,427417E+07	2,187355E+07	2,320446E+07	2,33455E+07	2,324446E+07	2,366592E+07	2,293504E+07	2,33318E+07	2,245658E+07	2,250131E+07	2,14276E+07	2,213695E+07
04/11/2022 13:45:00	70	2,236139E+07	2,243787E+07	2,339819E+07	2,256064E+07	2,34344E+07	2,179137E+07	2,29912E+07	2,262335E+07	2,161305E+07	2,161964E+07	2,124871E+07	1,77309E+07	2,381713E+07	2,407519E+07	2,455669E+07	2,462493E+07	2,470142E+07	2,261569E+07	2,441067E+07	2,341448E+07	2,440437E+07	2,337508E+07	2,353002E+07	2,235233E+07	2,384129E+07	2,426586E+07	2,521913E+07	2,489098E+07	2,620475E+07	2,287692E+07	2,312427E+07	2,48011E+07	2,519694E+07	2,155234E+07	2,277997E+07	2,416674E+07	2,334659E+07	2,362838E+07	2,507979E+07	2,18944E+07	2,543575E+07	2,507146E+07	2,45923E+07	2,367719E+07	2,422384E+07	2,173845E+07	2,238599E+07	2,348639E+07	2,472915E+07	2,258355E+07	2,364375E+07	2,402402E+07	2,435789E+07	2,365577E+07	2,327128E+07	2,372174E+07	2,281396E+07	2,289959E+07	2,192994E+07	2,249722E+07
04/11/2022 15:45:00	72	2,289653E+07	2,348054E+07	2,430331E+07	2,35901E+07	2,447786E+07	2,235082E+07	2,36659E+07	2,330359E+07	2,226808E+07	2,235106E+07	2,175343E+07	1,864404E+07	2,460911E+07	2,485486E+07	2,549116E+07	2,576559E+07	2,518494E+07	2,342821E+07	2,573655E+07	2,344456E+07	2,561698E+07	2,410624E+07	2,446704E+07	2,301875E+07	2,434612E+07	2,509862E+07	2,636387E+07	2,556009E+07	2,695892E+07	2,353078E+07	2,38245E+07	2,58394E+07	2,605572E+07	2,243581E+07	2,366725E+07	2,511862E+07	2,428428E+07	2,439629E+07	2,618626E+07	2,239229E+07	2,663618E+07	2,617579E+07	2,555568E+07	2,470847E+07	2,506981E+07	2,316988E+07	2,327955E+07	2,464526E+07	2,527812E+07	2,318748E+07	2,464353E+07	2,489982E+07	2,505465E+07	2,473984E+07	2,391971E+07	2,49615E+07	2,376688E+07	2,366126E+07	2,290197E+07	2,308273E+07
