Vessel Name: 23052020_InCu_KaKr_KK1-71_P0_9
Metric: GFP Integrated Intensity Per Image (GCU x µm²/Image)
Cell Type: 
Passage: 0
Notes: 
Analysis: KaKr-A549-H2B-GFP/-RFP_DEFv10

Date Time	Elapsed	EZH1	FABP4	FAM105A	FAM107A	FAM110A	FAM20A	FAM46A	FAM72A	FBXO6	FCAR	FFAR2	FGL2	FOS	FPR2	GBP1	GBP3	GBP4	GBP5	GLIPR2	GLS	GMPR	GPC4	GPR141	GPR155	HAPLN3	HAVCR2	HELZ2	HERC5	HERC6	HES4	HESX1	HLA-B	HLA-C	HMHA1	HSH2D	IDO1	IFI16	IFI27	IFI35	IFI44	IFI44L	IFI6	IFIH1	IFIT1	IFIT2	IFIT3	IFIT5	IFITM1	IFITM2	IFITM3	IFNE	IFNG	IGF2BP3	IL15	IL15RA	IL1A	IL1RN	IL4I1	IRF1	IRF7	IRF9	IRG1	ISG15	ISG20	ITPKB	KCNE3	KLF7	LAG3	LAMP3	LAP3	LGALS3BP	LGALS9B	LILRA1	LILRA5	LRCH2	LRRC25	LY6D	LY6E	MAP3K1	MBD4	MCM2	BORCS8	MNDA	MS4A4A	STAT1	MAVS	BST2	EIF2AK2	RSAD2	NTC1	NTC2	NTC3	NTC4	NTC5
23.05.2020 10:31:00	0	4679613.0	4387587.0	4675360.0	4741784.0	4291966.0	5119182.0	5006567.0	4953868.0	4765994.0	4986535.0	5182264.0	6096597.0	4309848.0	5781500.0	4831554.0	5405306.0	5398317.0	5279815.0	5188527.0	5088860.0	4807395.0	5161889.0	4826682.0	4553642.0	4601082.0	5440514.0	5019496.0	5995099.0	5709377.0	6232980.0	5613053.0	5975903.0	5343197.0	5737525.0	5713626.0	4977158.0	4924639.0	5742863.0	4951252.0	5973208.0	5565045.0	5729624.0	5369986.0	5530102.0	4697347.0	5122163.0	5261939.0	5230675.0	5116657.0	5394125.0	5608966.0	5557284.0	5253760.0	5641462.0	5198464.0	5433240.0	5060929.0	4614674.0	4115207.0	4574033.0	4470475.0	4489760.0	4447440.0	4649136.0	4231701.0	4590760.0	5379713.0	5232398.0	5058304.0	5583638.0	4833631.0	4957834.0	4522512.0	5084701.0	5050497.0	5169512.0	5286138.0	5196163.0	4649096.0	5564681.0	4619099.0	4578611.0	4189975.0	4090803.0	5020403.0	4987019.0	6642958.0	4448290.0	4857419.0	5300830.0	5714087.0	4858582.0	5611749.0	4518274.0
23.05.2020 13:31:00	3	4835033.0	4580403.0	4868261.0	4931776.0	4434350.0	5336570.0	5249522.0	5188043.0	5004659.0	5215792.0	5416290.0	6395341.0	4518402.0	5973820.0	4917860.0	5584474.0	5563297.0	5490972.0	5407672.0	5298002.0	4990522.0	5370664.0	5039694.0	4772754.0	4802230.0	5654951.0	5181494.0	6197883.0	5916178.0	6440970.0	5848300.0	6175373.0	5495220.0	5906266.0	5936082.0	5238445.0	5152144.0	5898606.0	5080657.0	6121731.0	5713566.0	5870578.0	5517347.0	5794991.0	4873844.0	5305487.0	5478358.0	5509894.0	5377897.0	5630609.0	5824559.0	5744037.0	5449076.0	5817591.0	5366569.0	5577957.0	5217403.0	4802192.0	4289344.0	4788488.0	4666538.0	4681139.0	4635538.0	4832650.0	4397476.0	4768415.0	5562467.0	5415465.0	5245716.0	5796897.0	5039735.0	5226026.0	4677165.0	5295958.0	5255173.0	5373419.0	5503633.0	5429965.0	4850441.0	5779662.0	4827211.0	4762750.0	4389812.0	4387968.0	5220904.0	5165655.0	6894725.0	4660746.0	5050892.0	5543414.0	5992555.0	5100480.0	5893233.0	4746007.0
23.05.2020 16:31:00	6	5181220.0	4904196.0	5197855.0	5268538.0	4754725.0	5653668.0	5584518.0	5522669.0	5323853.0	5546375.0	5773134.0	6787127.0	4825983.0	6364357.0	5213422.0	5948312.0	5939990.0	5843427.0	5746636.0	5634650.0	5295627.0	5738894.0	5382669.0	5113476.0	5145657.0	6034774.0	5550234.0	6606159.0	6297673.0	6853685.0	6240877.0	6563506.0	5858495.0	6303157.0	6318817.0	5603925.0	5509240.0	6277860.0	5432434.0	6516219.0	6063334.0	6266839.0	5875434.0	6163641.0	5220385.0	5680771.0	5858486.0	5898660.0	5750011.0	6002557.0	6210822.0	6134034.0	5796371.0	6207419.0	5725659.0	5912737.0	5574911.0	5108317.0	4595287.0	5092902.0	4990514.0	4996439.0	4936958.0	5153187.0	4697397.0	5095272.0	5924510.0	5764297.0	5611558.0	6178304.0	5409344.0	5617559.0	5016377.0	5665769.0	5602264.0	5747729.0	5896228.0	5795427.0	5188853.0	6150139.0	5128448.0	5051802.0	4662323.0	4683673.0	5585892.0	5529363.0	7319387.0	4963519.0	5372074.0	5908527.0	6409471.0	5463464.0	6318697.0	5085380.0
23.05.2020 19:31:00	9	5566907.0	5252026.0	5570264.0	5645108.0	5098746.0	6040761.0	5983773.0	5932712.0	5682833.0	5917529.0	6160659.0	7249868.0	5170383.0	6781488.0	5547750.0	6337330.0	6339309.0	6225335.0	6138666.0	5983059.0	5650765.0	6137220.0	5749513.0	5465444.0	5514943.0	6469844.0	5937912.0	7039656.0	6726521.0	7329580.0	6684086.0	7004169.0	6279443.0	6754976.0	6742715.0	6004228.0	5896434.0	6664477.0	5825677.0	6947990.0	6482817.0	6691606.0	6286450.0	6587737.0	5615920.0	6079711.0	6269436.0	6310975.0	6138679.0	6418865.0	6644970.0	6569724.0	6176394.0	6638190.0	6128995.0	6330924.0	5949123.0	5466492.0	4913422.0	5443224.0	5342780.0	5374337.0	5282320.0	5525886.0	5037193.0	5439164.0	6338366.0	6168616.0	6014724.0	6625089.0	5781734.0	6029772.0	5332764.0	6052527.0	5970469.0	6173048.0	6343104.0	6171091.0	5559893.0	6565799.0	5490516.0	5389876.0	4973457.0	5026994.0	5980067.0	5896341.0	7754228.0	5304341.0	5739678.0	6305776.0	6869236.0	5857451.0	6770392.0	5456674.0
23.05.2020 22:31:00	12	6048820.0	5637696.0	5965534.0	6040871.0	5482567.0	6447546.0	6392880.0	6319458.0	6070268.0	6326665.0	6584192.0	7697086.0	5549149.0	7232453.0	5940253.0	6791264.0	6723329.0	6647368.0	6568964.0	6371632.0	6045487.0	6583134.0	6146377.0	5842063.0	5907663.0	6922091.0	6321092.0	7495619.0	7180078.0	7807471.0	7143073.0	7472182.0	6696274.0	7237661.0	7192722.0	6445153.0	6325379.0	7130761.0	6260818.0	7377075.0	6899198.0	7131291.0	6734848.0	7038089.0	6000955.0	6503819.0	6706931.0	6756776.0	6558280.0	6865717.0	7097625.0	7042397.0	6591758.0	7102471.0	6588141.0	6754075.0	6351518.0	5836283.0	5248884.0	5835645.0	5726274.0	5741552.0	5660181.0	5927252.0	5407890.0	5818495.0	6785490.0	6589132.0	6443609.0	7066564.0	6192663.0	6477760.0	5719329.0	6466869.0	6401524.0	6630115.0	6786210.0	6589425.0	5984961.0	7010434.0	5868064.0	5743584.0	5310570.0	5393305.0	6408052.0	6319207.0	8274945.0	5682350.0	6153706.0	6745150.0	7379732.0	6267068.0	7255893.0	5844512.0
24.05.2020 01:31:00	15	6535134.0	6091962.0	6405787.0	6494178.0	5945896.0	6879415.0	6829291.0	6769692.0	6511214.0	6781688.0	7049333.0	8247271.0	5993513.0	7753920.0	6390288.0	7298190.0	7209738.0	7091102.0	7010417.0	6772914.0	6501086.0	7070154.0	6602279.0	6261814.0	6345052.0	7455048.0	6813915.0	8024339.0	7680520.0	8337700.0	7646398.0	8005621.0	7208857.0	7751947.0	7700641.0	6935224.0	6818725.0	7620540.0	6750386.0	7900723.0	7371540.0	7617525.0	7222604.0	7519141.0	6474646.0	6993576.0	7226575.0	7234172.0	7058823.0	7383516.0	7630832.0	7564318.0	7086096.0	7608570.0	7070324.0	7191458.0	6793242.0	6226678.0	5638214.0	6264174.0	6192799.0	6162935.0	6073000.0	6376119.0	5828410.0	6277141.0	7289461.0	7084735.0	6956228.0	7547803.0	6657493.0	7007122.0	6122125.0	6961191.0	6839091.0	7150509.0	7306127.0	7076159.0	6441307.0	7515548.0	6294093.0	6142224.0	5701006.0	5724323.0	6870126.0	6799693.0	8813226.0	6114474.0	6619399.0	7224364.0	7914703.0	6752899.0	7769952.0	6305063.0
24.05.2020 04:31:00	18	7154022.0	6564973.0	6920161.0	7029419.0	6428250.0	7459914.0	7377586.0	7293260.0	6992051.0	7228975.0	7546544.0	8788630.0	6460359.0	8254908.0	6827130.0	7849460.0	7722854.0	7689313.0	7545941.0	7297707.0	7058022.0	7640897.0	7155260.0	6811168.0	6862077.0	7973398.0	7396016.0	8592344.0	8307996.0	8967317.0	8237753.0	8546684.0	7751743.0	8304265.0	8251645.0	7413876.0	7326248.0	8121031.0	7265505.0	8435823.0	7898132.0	8178922.0	7770708.0	8163629.0	6970058.0	7541524.0	7787348.0	7854741.0	7647119.0	7943831.0	8234988.0	8149741.0	7651736.0	8230512.0	7672255.0	7796078.0	7347813.0	6738184.0	6123301.0	6721943.0	6657332.0	6650198.0	6550624.0	6876344.0	6301541.0	6751090.0	7816724.0	7575757.0	7470255.0	8089828.0	7185486.0	7558156.0	6556109.0	7484512.0	7323797.0	7674010.0	7833831.0	7624401.0	6933063.0	8074639.0	6776780.0	6611666.0	6149732.0	6331645.0	7367778.0	7289870.0	9347276.0	6564529.0	7092140.0	7746637.0	8476846.0	7309382.0	8352536.0	6812976.0
24.05.2020 07:31:00	21	7707166.0	7117980.0	7464465.0	7559711.0	6952563.0	8006819.0	7944096.0	7815161.0	7517442.0	7761840.0	8133255.0	9435132.0	6981551.0	8864625.0	7374129.0	8425104.0	8313391.0	8273524.0	8165954.0	7795510.0	7623531.0	8224430.0	7744365.0	7352305.0	7400494.0	8616780.0	7982838.0	9219212.0	8909580.0	9653441.0	8888233.0	9177357.0	8283288.0	8939569.0	8846665.0	8013804.0	7900764.0	8714248.0	7834867.0	9068704.0	8488923.0	8809995.0	8398769.0	8781132.0	7550504.0	8111734.0	8396334.0	8485810.0	8270926.0	8543572.0	8851489.0	8797751.0	8203392.0	8857216.0	8299190.0	8406259.0	7935454.0	7250138.0	6619527.0	7252840.0	7184077.0	7180573.0	7056302.0	7444681.0	6827112.0	7320011.0	8434462.0	8141788.0	8050638.0	8707305.0	7763888.0	8184007.0	7153261.0	8063587.0	7888501.0	8306663.0	8475741.0	8227957.0	7476620.0	8697705.0	7274163.0	7083094.0	6644388.0	6845711.0	7938480.0	7862586.0	9997604.0	7104670.0	7662401.0	8349100.0	9128652.0	7900418.0	8998250.0	7371908.0
24.05.2020 10:31:00	24	8345845.0	7704119.0	8053707.0	8168992.0	7553090.0	8652141.0	8562699.0	8417856.0	8078834.0	8353837.0	8725460.0	10144530.0	7574442.0	9538467.0	7944599.0	9067657.0	8931456.0	8921296.0	8819226.0	8335189.0	8243926.0	8880368.0	8365949.0	7996120.0	8026630.0	9377483.0	8620547.0	9912655.0	9611252.0	10409280.0	9587815.0	9844242.0	8955712.0	9643372.0	9545254.0	8689990.0	8559660.0	9378388.0	8490111.0	9720917.0	9127572.0	9508800.0	9111909.0	9490325.0	8151618.0	8771037.0	9054776.0	9197243.0	8976357.0	9216524.0	9577958.0	9479071.0	8841199.0	9585517.0	8952722.0	9069308.0	8577009.0	7843419.0	7167567.0	7819362.0	7769983.0	7778446.0	7641826.0	8077899.0	7382087.0	7915218.0	9192882.0	8802402.0	8740839.0	9398532.0	8386820.0	8893861.0	7699989.0	8715430.0	8525041.0	8996796.0	9174076.0	8907485.0	8135524.0	9356133.0	7859259.0	7621682.0	7200075.0	7437950.0	8573652.0	8460608.0	10736340.0	7698178.0	8230628.0	8994532.0	9830455.0	8553327.0	9724969.0	7964035.0
24.05.2020 13:31:00	27	9087886.0	8372928.0	8713878.0	8832868.0	8235328.0	9302361.0	9258344.0	9072444.0	8756527.0	9043114.0	9438851.0	10905120.0	8225746.0	10292000.0	8602556.0	9831955.0	9677407.0	9657678.0	9582729.0	8951337.0	8959633.0	9605044.0	9106321.0	8727578.0	8702732.0	10129290.0	9376268.0	10693860.0	10439210.0	11264550.0	10375950.0	10612020.0	9697206.0	10399960.0	10300390.0	9472861.0	9248312.0	10057590.0	9198298.0	10480890.0	9830601.0	10259310.0	9926674.0	10270530.0	8862501.0	9501314.0	9828380.0	9946441.0	9740849.0	10002860.0	10352380.0	10276670.0	9594934.0	10436360.0	9731418.0	9858291.0	9286632.0	8481737.0	7821420.0	8515512.0	8474548.0	8426758.0	8292491.0	8767499.0	8070130.0	8615535.0	9963131.0	9531067.0	9472797.0	10173410.0	9134742.0	9693020.0	8352971.0	9442834.0	9196284.0	9773598.0	9980164.0	9658103.0	8843922.0	10105470.0	8493667.0	8227992.0	7838847.0	8089433.0	9257321.0	9141362.0	11436490.0	8338640.0	8972790.0	9771526.0	10669530.0	9294720.0	10517760.0	8645323.0
24.05.2020 16:31:00	30	9833506.0	9086231.0	9449695.0	9561534.0	8956681.0	10039250.0	10007770.0	9789334.0	9475136.0	9739336.0	10174970.0	11734560.0	8976156.0	11151910.0	9325829.0	10593400.0	10434830.0	10433470.0	10377990.0	9610306.0	9773510.0	10431080.0	9878714.0	9480653.0	9483076.0	10994770.0	10176840.0	11578000.0	11280870.0	12131950.0	11248820.0	11467300.0	10488070.0	11225450.0	11117690.0	10236260.0	10026750.0	10870640.0	9984395.0	11294730.0	10608830.0	11095240.0	10745270.0	11114630.0	9628783.0	10297670.0	10611050.0	10740950.0	10565650.0	10792110.0	11225070.0	11144930.0	10390260.0	11279270.0	10572730.0	10716640.0	10052410.0	9219473.0	8499495.0	9229170.0	9173290.0	9153403.0	9030012.0	9490769.0	8740989.0	9345474.0	10847190.0	10345770.0	10281160.0	11018690.0	9924499.0	10483120.0	9003745.0	10223230.0	9963811.0	10615820.0	10773150.0	10489730.0	9602841.0	10885270.0	9196759.0	8899896.0	8519372.0	8815705.0	9977331.0	9902836.0	12234310.0	9030349.0	9718036.0	10537670.0	11548580.0	10064290.0	11330230.0	9367227.0
24.05.2020 19:31:00	33	10723460.0	9882532.0	10244180.0	10356850.0	9758024.0	10844770.0	10811180.0	10563960.0	10246510.0	10528900.0	10952620.0	12606050.0	9726606.0	12049070.0	10102470.0	11462190.0	11316130.0	11228260.0	11275890.0	10401350.0	10587860.0	11307260.0	10704520.0	10241710.0	10302770.0	11906780.0	11041950.0	12494170.0	12175650.0	13111680.0	12200330.0	12392440.0	11339470.0	12131790.0	12006840.0	11038950.0	10864400.0	11657070.0	10883400.0	12178370.0	11479420.0	11990330.0	11670330.0	12070330.0	10417290.0	11140090.0	11471720.0	11646970.0	11451230.0	11690020.0	12143370.0	12065350.0	11288740.0	12193670.0	11517580.0	11564880.0	10905530.0	9985276.0	9231787.0	9975633.0	9968562.0	9929309.0	9782735.0	10330450.0	9502461.0	10149570.0	11781200.0	11181200.0	11129310.0	11874390.0	10775860.0	11358680.0	9813811.0	11084780.0	10789790.0	11546460.0	11714960.0	11379340.0	10467260.0	11777870.0	9930919.0	9618259.0	9264505.0	9576289.0	10778890.0	10681360.0	13115650.0	9752414.0	10502680.0	11395500.0	12477710.0	10959480.0	12245870.0	10162000.0
24.05.2020 22:31:00	36	11601410.0	10708160.0	11062750.0	11198020.0	10588980.0	11659240.0	11636920.0	11364020.0	11052000.0	11307950.0	11749050.0	13499640.0	10576290.0	12972680.0	10922330.0	12366370.0	12162110.0	12111040.0	12165930.0	11176010.0	11429790.0	12227530.0	11611720.0	11126990.0	11099380.0	12881110.0	11972200.0	13379250.0	13105560.0	14150480.0	13121820.0	13327750.0	12239260.0	13041830.0	12968650.0	11961850.0	11699070.0	12547050.0	11756280.0	13072890.0	12317330.0	12926820.0	12664130.0	13010260.0	11334180.0	12052880.0	12390740.0	12572880.0	12325900.0	12614520.0	13092620.0	13084400.0	12223240.0	13186860.0	12462150.0	12497840.0	11822940.0	10805120.0	10020620.0	10790590.0	10803310.0	10811860.0	10557670.0	11159990.0	10351630.0	11026390.0	12764320.0	12065640.0	12041160.0	12830520.0	11640780.0	12303070.0	10637300.0	11951000.0	11645260.0	12489580.0	12630630.0	12247310.0	11316370.0	12691590.0	10738520.0	10332150.0	10027160.0	10414290.0	11604700.0	11564860.0	13910420.0	10534250.0	11310560.0	12321220.0	13404330.0	11837940.0	13248690.0	11033900.0
25.05.2020 01:31:00	39	12510870.0	11561720.0	11917020.0	12057660.0	11414200.0	12475730.0	12431850.0	12215710.0	11844120.0	12168600.0	12535540.0	14375010.0	11409560.0	13900640.0	11771380.0	13332350.0	13040380.0	13019900.0	13144060.0	11996550.0	12384570.0	13191040.0	12548570.0	12000060.0	11980440.0	13945840.0	12910060.0	14361040.0	14111730.0	15190440.0	14122140.0	14319930.0	13260850.0	14037100.0	13917030.0	12917100.0	12646270.0	13396390.0	12655410.0	14013150.0	13191870.0	13885810.0	13689430.0	14002680.0	12198400.0	12979860.0	13330110.0	13501350.0	13238070.0	13595670.0	14073120.0	14039140.0	13125410.0	14210900.0	13467170.0	13441540.0	12682430.0	11672730.0	10844980.0	11658450.0	11683270.0	11707020.0	11456560.0	12114350.0	11175120.0	11943510.0	13812750.0	12992330.0	13057760.0	13799420.0	12559130.0	13262000.0	11509710.0	12940110.0	12522000.0	13530850.0	13658160.0	13233520.0	12258760.0	13620340.0	11574490.0	11119430.0	10909030.0	11132290.0	12486220.0	12421550.0	14859040.0	11383030.0	12234380.0	13244190.0	14329010.0	12780450.0	14183370.0	11903570.0
25.05.2020 04:31:00	42	13453940.0	12422260.0	12775060.0	12925510.0	12316480.0	13370810.0	13366500.0	13022000.0	12693420.0	13006980.0	13450620.0	15291910.0	12341050.0	14965780.0	12691490.0	14219170.0	14028680.0	13930150.0	14130360.0	12923850.0	13349630.0	14234810.0	13548800.0	12871540.0	12965230.0	14920820.0	13902380.0	15376280.0	15117990.0	16190790.0	15119870.0	15277720.0	14265980.0	15022580.0	14899990.0	13787300.0	13543170.0	14299890.0	13647300.0	15015680.0	14161990.0	14864250.0	14751870.0	15044060.0	13197500.0	13912120.0	14349070.0	14587910.0	14148180.0	14567910.0	15119470.0	15160500.0	14178890.0	15281620.0	14583150.0	14462950.0	13708730.0	12646420.0	11678040.0	12512990.0	12572430.0	12584930.0	12386230.0	13078800.0	12140090.0	12913460.0	14874490.0	14024330.0	13994990.0	14723620.0	13559980.0	14171110.0	12350670.0	13917180.0	13490870.0	14553410.0	14699660.0	14150800.0	13216600.0	14632630.0	12428810.0	12005800.0	11796080.0	12189050.0	13407730.0	13264080.0	15719280.0	12301270.0	13115080.0	14224770.0	15329970.0	13836730.0	15191550.0	12828620.0
25.05.2020 10:31:00	48	15414450.0	14381020.0	14669780.0	14783250.0	14181280.0	15170180.0	15270880.0	14843390.0	14502880.0	14779510.0	15342860.0	17162060.0	14284210.0	17078860.0	14788730.0	16340240.0	16098710.0	15836290.0	16263720.0	14891140.0	15413300.0	16311510.0	15550900.0	14859840.0	14915710.0	17018890.0	15938240.0	17347500.0	17218200.0	18389440.0	17257580.0	17394030.0	16355260.0	17147670.0	16874310.0	15818690.0	15510460.0	16314840.0	15713200.0	17136250.0	16070360.0	16964400.0	16877910.0	17239000.0	15162760.0	15887370.0	16455880.0	16575270.0	16119290.0	16665840.0	17301750.0	17325330.0	16356400.0	17486740.0	16845390.0	16656160.0	15784770.0	14527580.0	13574570.0	14462990.0	14589150.0	14678250.0	14387350.0	15197430.0	14232550.0	14973530.0	17189030.0	16055550.0	16128770.0	16850450.0	15568350.0	16115280.0	14129180.0	15974780.0	15523330.0	16661050.0	16882010.0	16230930.0	15193520.0	16751490.0	14372150.0	13765900.0	13687300.0	14087110.0	15302820.0	15277510.0	17572440.0	14210450.0	15040500.0	16338280.0	17401460.0	15846120.0	17271390.0	14807480.0
25.05.2020 13:31:00	51	16383080.0	15309650.0	15581150.0	15683840.0	15111930.0	15942190.0	16094960.0	15741890.0	15404340.0	15741130.0	16251490.0	18038130.0	15336760.0	18078030.0	15778840.0	17280270.0	17047600.0	16785970.0	17315190.0	15932370.0	16385370.0	17339790.0	16613450.0	15784920.0	15832720.0	18081010.0	16968300.0	18388290.0	18256760.0	19424920.0	18263230.0	18445730.0	17405720.0	18148750.0	18032220.0	16717730.0	16562900.0	17367050.0	16822080.0	18085190.0	17095780.0	17964930.0	17937660.0	18323310.0	16205100.0	16983520.0	17452230.0	17614680.0	17167480.0	17737440.0	18324240.0	18358680.0	17341470.0	18561870.0	18047450.0	17771220.0	16876930.0	15509370.0	14538410.0	15429570.0	15613760.0	15680920.0	15359620.0	16286850.0	15261610.0	15972260.0	18425480.0	17099520.0	17139090.0	17849110.0	16663450.0	17137370.0	15021710.0	17011320.0	16503680.0	17850650.0	18000200.0	17244080.0	16213630.0	17735680.0	15316810.0	14701270.0	14719870.0	15115170.0	16335450.0	16167640.0	18575910.0	15095090.0	16014360.0	17350920.0	18378230.0	16917280.0	18278250.0	15907060.0
25.05.2020 16:31:00	54	17379900.0	16397600.0	16663560.0	16764050.0	16191790.0	16968570.0	17127820.0	16680440.0	16485820.0	16851550.0	17325600.0	19024410.0	16495510.0	19370510.0	16990530.0	18463030.0	18124400.0	17916050.0	18489710.0	17087740.0	17521540.0	18513780.0	17828150.0	16805160.0	16988420.0	19466190.0	18221770.0	19743220.0	19349070.0	20652390.0	19540880.0	19689410.0	18671350.0	19675420.0	19275530.0	17746170.0	17704000.0	18544220.0	18050260.0	19168560.0	18278240.0	19210860.0	19341880.0	19443420.0	17497980.0	18155480.0	18683250.0	18718900.0	18316180.0	18975390.0	19471570.0	19672390.0	18456090.0	19833520.0	19365860.0	18994050.0	18130360.0	16732980.0	15763390.0	16547530.0	16879710.0	16928930.0	16702590.0	17583630.0	16469790.0	17220100.0	19728590.0	18268100.0	18672070.0	19172700.0	18004090.0	18182970.0	16202380.0	18215150.0	17842630.0	19098550.0	19320520.0	18467450.0	17483420.0	19013990.0	16547010.0	15805140.0	15865110.0	16098980.0	17428550.0	17501600.0	19819750.0	16265490.0	17269650.0	18500050.0	19504540.0	18087860.0	19400480.0	17005030.0
25.05.2020 19:31:00	57	18343180.0	17170900.0	17312520.0	17529110.0	16943240.0	17719320.0	18008540.0	17478540.0	17349670.0	17641070.0	18006220.0	19729260.0	17483150.0	20325380.0	17907940.0	19366000.0	19003160.0	18636050.0	19519910.0	18017090.0	18456080.0	19325170.0	18683640.0	17626240.0	17930320.0	20378400.0	19002650.0	20662080.0	20147650.0	21393100.0	20369550.0	20450090.0	19515420.0	20240430.0	20153080.0	18578580.0	18622090.0	19375130.0	18992880.0	20025730.0	19081210.0	20129760.0	20373460.0	20398560.0	18385710.0	18920350.0	19375170.0	19455550.0	19086150.0	19937770.0	20315030.0	20751070.0	19260550.0	20837030.0	20326980.0	19854450.0	19073290.0	17650300.0	16632210.0	17432260.0	17807660.0	17870400.0	17646350.0	18381580.0	17421480.0	18135610.0	20897760.0	19240310.0	19522140.0	19850670.0	18889380.0	18981460.0	17029430.0	19133890.0	18663940.0	20049430.0	20231600.0	19368910.0	18533020.0	19800440.0	17267890.0	16723940.0	16794090.0	16892860.0	18199700.0	18294790.0	20510500.0	17179870.0	18138560.0	19380020.0	20325300.0	18933290.0	20270010.0	17803280.0
25.05.2020 22:31:00	60	19333120.0	18128520.0	18410980.0	18421040.0	17856280.0	18465200.0	18813720.0	18308190.0	18038080.0	18491430.0	19032080.0	20588880.0	18470580.0	21296570.0	18864930.0	20379120.0	19979610.0	19516620.0	20565380.0	19108620.0	19434560.0	20422330.0	19694140.0	18591690.0	18935640.0	21484550.0	20035870.0	21601180.0	21072740.0	22320580.0	21379260.0	21563060.0	20519880.0	21315770.0	21109330.0	19455350.0	19830200.0	20448110.0	19910300.0	20981260.0	20071340.0	20997620.0	21319770.0	21425830.0	19304170.0	19901590.0	20589060.0	20595820.0	20231600.0	20822980.0	21289880.0	21719080.0	20187500.0	21784920.0	21639470.0	20830800.0	20175870.0	18603790.0	17634400.0	18346160.0	18911410.0	19036540.0	18847280.0	19594680.0	18622160.0	19282560.0	22218420.0	20173020.0	20524990.0	21009890.0	19985580.0	19931370.0	18020460.0	20102990.0	19679570.0	21117860.0	21472670.0	20557620.0	19591390.0	20773460.0	18287520.0	17664090.0	17746450.0	17946090.0	19310250.0	19205090.0	21591410.0	18174720.0	19201060.0	20588340.0	21464340.0	20066150.0	21238670.0	18797200.0
26.05.2020 01:31:00	63	20148610.0	19096300.0	19295730.0	19324510.0	18827670.0	19311410.0	19617080.0	19355200.0	18979740.0	19401410.0	19813260.0	21473900.0	19409460.0	22456740.0	19994590.0	21445070.0	21003270.0	20445960.0	21711080.0	20077740.0	20514680.0	21489940.0	20767430.0	19550550.0	19994790.0	22446760.0	21262100.0	22663730.0	22215850.0	23284890.0	22500480.0	22612730.0	21605390.0	22243780.0	22176930.0	20381950.0	20545970.0	21454050.0	21069780.0	22072380.0	21039950.0	22239040.0	22581070.0	22642310.0	20373440.0	21042110.0	21618280.0	21658620.0	21219400.0	21973730.0	22353310.0	22898160.0	21267160.0	22950040.0	22880060.0	22010040.0	21373510.0	19763640.0	18700050.0	19308800.0	20010390.0	20106700.0	19958720.0	20620030.0	19744760.0	20390960.0	23383080.0	21354040.0	21629620.0	21907370.0	21077690.0	20880790.0	18856790.0	21165810.0	20739710.0	22190780.0	22556360.0	21661930.0	20565090.0	21779220.0	19395070.0	18764620.0	18853660.0	18974140.0	20362050.0	20336490.0	22535510.0	19205630.0	20163360.0	21573260.0	22253040.0	21141400.0	22233490.0	19846470.0
26.05.2020 04:31:00	66	21163490.0	19937470.0	20263130.0	20311260.0	19812600.0	20117190.0	20567990.0	20140260.0	19902360.0	20232010.0	20679110.0	22345520.0	20474140.0	23416300.0	21018530.0	22376000.0	22041990.0	21545830.0	22866690.0	21194170.0	21479050.0	22481730.0	21887110.0	20567510.0	21023870.0	23559120.0	22306520.0	23743790.0	23299630.0	24141890.0	23468950.0	23393770.0	22651320.0	23325850.0	23249510.0	21185630.0	21736530.0	22390650.0	22133240.0	23077310.0	21944250.0	23185490.0	23634460.0	23802230.0	21535880.0	22156840.0	22611580.0	22741500.0	22264790.0	22981300.0	23489190.0	23961050.0	22395880.0	24054630.0	24093530.0	23201680.0	22464010.0	20930720.0	19755250.0	20146150.0	21008480.0	21211510.0	20921770.0	21773740.0	20867800.0	21432720.0	24450230.0	22359110.0	22669970.0	22992630.0	21984740.0	21857850.0	19719960.0	22236800.0	21631300.0	23329060.0	23635970.0	22617110.0	21714410.0	22942760.0	20304540.0	19840910.0	19857040.0	20200730.0	21200240.0	21246130.0	23300210.0	20129390.0	21127330.0	22576180.0	23392020.0	22009850.0	23195230.0	20833110.0
26.05.2020 07:31:00	69	22042150.0	20739680.0	20986690.0	21158700.0	20665350.0	20870410.0	21376770.0	20896220.0	20743120.0	20893760.0	21597590.0	22929680.0	21451930.0	24448910.0	22017320.0	23314160.0	23079130.0	22586000.0	23831250.0	22141950.0	22570830.0	23378330.0	23024500.0	21408220.0	21999360.0	24574700.0	23243650.0	24787090.0	24297620.0	25129040.0	24536920.0	24487510.0	23657150.0	24283800.0	24143010.0	22140720.0	22670250.0	23340050.0	23212760.0	24056230.0	22814650.0	24067030.0	24744170.0	24713330.0	22508520.0	22980150.0	23517230.0	23548100.0	23143310.0	24058750.0	24336070.0	25052390.0	23343110.0	25148670.0	25162730.0	24188850.0	23437220.0	21826990.0	20793450.0	21122890.0	21809710.0	22297990.0	22018260.0	22789210.0	21868410.0	22491140.0	25797990.0	23398810.0	23836660.0	23814920.0	23033310.0	22662030.0	20741720.0	23165670.0	22676080.0	24297130.0	24784590.0	23661950.0	22755530.0	23852390.0	21333320.0	20817710.0	21032590.0	21012920.0	22201680.0	22114400.0	24309150.0	21089200.0	22186000.0	23710350.0	24327120.0	23047890.0	24105590.0	21876170.0
