Vessel Name: 09062020_InCu_KaKr_KK1-76_P0_13
Metric: GFP Integrated Intensity Per Image (GCU x µm²/Image)
Cell Type: 
Passage: 0
Notes: 
Analysis: KaKr-A549-H2B-GFP/-RFP_DEFv10

Date Time	Elapsed	MSR1	MT1H	MT1HL1	MT1M	MT2A	MX1	MX2	MYCL	MYD88	NCOA7	NEXN	NKX3-1	NMI	NT5C3A	NUPR1	OAS1	OAS2	OAS3	OASL	OGFR	P2RY14	PALM2-AKAP2	PAQR8	PARP10	PARP11	PARP12	PARP14	PARP9	PCDH17	PDCD1LG2	PDZD2	PGAP1	PHF11	PID1	PIWIL4	PLEKHA4	PLSCR1	PLXDC2	PMAIP1	PNPT1	POLD1	POLI	PPM1K	PSMB8	PSMB9	PTAFR	RAI14	RARRES3	RASA2	RASGEF1B	RASGRP3	RGL1	RGS1	RHBDD2	RIN2	RNF213	RSAD2	RTCB	RTP4	RUFY4	S100A4	SAMD9	SAMD9L	SAMHD1	SDS	SECTM1	SERPINA1	SERPINB13	SERPINB3	SERPINB4	SERPING1	SIGLEC1	SLAMF7	SLC11A1	SLC15A3	SLC16A10	SLC1A5	SLC25A28	SLFN12L	SLFN5	SOCS1	SP100	SP110	SREK1IP1	C1 (Mx2)	C2 (STAT1)	C3 (MAVS)	C4 (BST2)	C5 (EIF2AK2)	C6 (RSAD2)	C7 (NTC1)	C8 (NTC2)	C9 (NTC3)	C10 (NTC4)	C11 (NTC5)
09.06.2020 10:43:00	0	4560574	2600942	3674616	3536261	4855290	4040967	3400381	3176658	3469105	3655363	3511851	3573931	3989772	3503795	3782218	4051904	3733147	4776370	4182076	3255536	4002059	3738104	4060815	3890983	4394288	4157568	4577473	4041615	4985432	5098169	4887096	4153113	5320245	4336504	4203295	4549544	4939600	4468659	5134823	4557534	3704838	1840146	0	4801714	0	507,4858	0	2513,742	4755391	5282726	5463637	5094536	4646422	4832946	4387120	4298961	4194015	4377804	4423600	4387989	4234786	4804804	4485816	4310581	4056715	5064398	10390,51	2420,527	304,8664	378,9954	112,9829	528,276	4040674	4291571	4463885	4232481	4323174	4500129	4824613	4578762	4380022	4460502	4135999	4190357	4639880	4307946	4188965	4098265	3839930	4371809	4538817	4205337	5120671	4640629	4952473
09.06.2020 13:43:00	3	4884683	2766899	3884939	3763837	5142000	4247370	3614804	3381950	3649603	3860632	3750123	3820048	4245916	3732695	3992666	4313739	3954289	4938945	4432515	3462166	4262255	3981879	4318959	4148356	4657173	4416835	4862171	4306539	5297897	5428462	5198676	4414101	5661829	4623628	4479599	4843415	5240463	4748667	5442810	4863731	3930097	1964414	335,7109	5118546	0	430,6302	0	2349,806	5054588	5601848	5794165	5322093	4976826	5145770	4667457	4568502	4434795	4504667	4710217	4644951	4523101	5078025	4780670	4560559	4314544	5372370	11090,9	2918,469	479,8791	205,1756	0	337,9262	4285457	4587778	4775229	4506108	4593999	4758349	5106736	4884678	4663222	4749517	4423406	4479779	4896339	4589950	4474150	4322236	4082111	4658390	4822170	4502876	5445495	4956168	5293763
09.06.2020 16:43:00	6	5146320	2951866	4156950	4007267	5484239	4522572	3867764	3614826	3907877	4102324	3992437	4066248	4509224	3990401	4253218	4586053	4223605	5368926	4712997	3696049	4561515	4247604	4639705	4422013	4935570	4716942	5177613	4623846	5681582	5784925	5528333	4731575	6048633	4950684	4782945	5174086	5578932	5066575	5811306	5205673	4190035	2106427	280,8383	5468137	0	505,2704	0	2429,047	5421648	5967139	6224368	5785966	5310786	5491992	4966461	4875546	4718832	4658986	5045578	4942912	4847922	5440760	5087218	4828087	4582345	5716587	11575,55	2826,106	578,5474	397,0591	553,6674	183,0221	4561051	4895176	5094570	4804271	4919014	5064119	5477720	5247987	4991819	5076649	4751669	4791658	5243051	4888439	4799523	4596109	4361903	4958367	5160502	4817254	5837970	5321064	5666132
09.06.2020 19:43:00	9	5504757	3175616	4435147	4289185	5825545	4790329	4119749	3883009	4142165	4394816	4274954	4347689	4812178	4278083	4531060	4888736	4497468	5605413	5034119	3968086	4884415	4577980	4958249	4730334	5253055	5046522	5543379	4952952	6064625	6183423	5917778	5067735	6423596	5318768	5121690	5478600	5930264	5418230	6213184	5553828	4486646	2264386	274,5331	5823173	0	534,4109	0	2389,853	5759800	6350646	6637356	6075518	5679045	5858782	5306209	5219425	5035489	4832217	5397539	5234253	5176591	5743745	5428453	5132285	4907273	6069286	12443,12	7400,806	269,4208	382,5741	535,6037	163,936	4855278	5254491	5461301	5137221	5261781	5393570	5815900	5601533	5333343	5411130	5102755	5148603	5600057	5231735	5114817	4873939	4664211	5288240	5550777	5178204	6201270	5661731	6072527
09.06.2020 22:43:00	12	5873539	3418482	4746874	4598139	6217928	5113887	4405868	4176668	4428297	4683529	4584206	4682779	5172087	4590748	4826008	5213542	4811589	5957665	5381245	4261050	5246806	4925470	5353031	5068198	5715532	5438070	5928736	5323260	6492689	6609324	6345066	5453481	6880905	5714024	5497681	5851136	6328573	5802419	6641048	5944803	4829945	2440090	457,0439	6221190	0	261,241	0	2388,319	6162184	6784496	7083439	6493512	6099374	6260885	5671730	5603145	5379020	4995986	5789125	5563342	5552109	6132288	5793644	5464178	5233506	6490956	13105,51	8768,189	387,3456	944,5916	390,0722	129,6832	5204965	5627395	5854652	5538639	5642696	5776187	6242121	6003176	5727028	5787623	5485316	5527142	5958647	5594232	5494611	5200014	4978790	5644786	5952276	5567187	6647567	6060738	6509891
10.06.2020 01:43:00	15	6303113	3686890	5111423	4943864	6644956	5460747	4733525	4513213	4763594	5015862	4949792	5051103	5544605	4959541	5171904	5564396	5156990	6397050	5772661	4598782	5633155	5309114	5778964	5441169	6134921	5848759	6360585	5737838	6962286	7088553	6817890	5881108	7385825	6168140	5923173	6255982	6764395	6217478	7140639	6403381	5224493	2643559	284,2466	6691823	0	543,613	0	2391,216	6579762	7272780	7631741	6965999	6552575	6724035	6098893	6017545	5781082	5202317	6198531	5944976	5980472	6540012	6203756	5831027	5639804	6928065	14245,39	9131,166	385,4711	894,661	273,6811	120,481	5577921	6065942	6310200	5962826	6081001	6202211	6703504	6482185	6158439	6242187	5909768	5948243	6383955	5987479	5891843	5548070	5343882	6079048	6398983	5979340	7153811	6488887	7004424
10.06.2020 04:43:00	18	6771604	3990493	5486860	5323945	7105626	5852408	5090511	4868820	5118376	5367819	5337141	5419070	5959415	5355410	5568154	5963420	5554919	6828753	6203961	4966718	6093445	5729253	6215442	5858800	6612537	6273441	6829088	6156339	7451938	7614278	7322135	6326115	7917565	6637158	6366151	6686319	7229926	6686694	7662279	6867989	5621427	2861450	250,5051	7165607	0	564,4033	0	2385,763	7050694	7766884	8164344	7479681	7036112	7185904	6553799	6462296	6204457	5376684	6648461	6337037	6434766	7014480	6665862	6238000	6054916	7294860	15443,38	9450,688	282,8833	498,2836	298,2203	127,1271	5985130	6527976	6803974	6421372	6505042	6654724	7212372	6957252	6612491	6691084	6377278	6440267	6827449	6422581	6336385	5942406	5740607	6531157	6905606	6424796	7664304	6957643	7541200
10.06.2020 07:43:00	21	7241480	4353815	5931349	5729283	7642058	6288419	5499355	5288989	5522834	5778648	5779660	5861063	6432700	5784422	5935956	6409098	5979086	7362954	6644590	5384742	6596217	6187514	6725997	6302823	7098512	6803733	7365846	6686764	8029082	8193994	7900998	6844368	8531999	7184414	6878753	7147956	7787239	7230154	8238009	7428605	6110668	3124410	377,4617	7711610	180,2955	546,8509	0	2517,15	7572322	8352069	8791538	8107662	7626728	7756174	7062101	6992311	6666278	5635687	7174066	6812427	6928630	7504475	7172606	6697688	6527091	7918837	17428,51	10149,55	289,6997	640,5773	0	0	6471930	7008531	7316772	6945148	7027742	7183344	7751572	7527897	7162491	7257807	6910088	6945508	7326719	6932537	6823089	6372622	6171916	7017143	7470411	6983756	8232019	7466702	8097965
10.06.2020 10:43:00	24	7811811	4750991	6411907	6194776	8205072	6763334	5942298	5739061	5960744	6223653	6240467	6315651	6949770	6273656	6426712	6890706	6448017	7894941	7242317	5899751	7128381	6707677	7292765	6826669	7720287	7379304	7946056	7223513	8658769	8836539	8511686	7395923	9203328	7767540	7456925	7672239	8383389	7824648	8948448	8025496	6619651	3414157	462,1563	8302684	175,0127	585,7047	0	2484,09	8173697	8964654	9445355	8723221	8260713	8388849	7628800	7567709	7189293	5868967	7697817	7289148	7506407	8097059	7709446	7202021	7041086	8399766	18826,56	10642,04	252,2092	708,4011	110,938	117,7544	7006211	7610303	7924240	7537586	7600765	7727499	8343912	8111276	7737768	7838136	7492004	7539811	7814329	7486948	7358035	6830398	6673394	7583343	8057612	7558878	8879474	8062011	8773837
10.06.2020 13:43:00	27	8423062	5221683	7002794	6784396	8869177	7318283	6471691	6300414	6491017	6751636	6833370	6926962	7574735	6866846	6917375	7489760	6996394	8552999	7840460	6457023	7787398	7340699	7937306	7419719	8369066	8016325	8697249	7950107	9411888	9604388	9241179	8085867	9940507	8498748	8149756	8270809	9082679	8471964	9658473	8679855	7258040	3791466	263,4564	9013754	243,6886	614,8451	555,201	2456,143	8845523	9695760	1,023608E+07	9486533	8992277	9117730	8301184	8255896	7777554	6192941	8393531	7869264	8180040	8715747	8345604	7835147	7651962	9195217	20520,63	11436,49	261,4114	604,45	124,4005	117,7544	7605885	8282527	8613596	8187708	8271159	8388142	9063781	8842960	8412156	8510154	8173687	8208110	8420674	8084301	7965744	7378977	7249487	8216460	8754677	8241828	9595395	8747501	9497715
10.06.2020 16:43:00	30	9093338	5714304	7585472	7353126	9519003	7875255	7007157	6849726	7020647	7294838	7397433	7502881	8176966	7421495	7449720	8063489	7574113	9208472	8480249	7061110	8437775	7943027	8592466	8014532	9004774	8700623	9358922	8641206	1,011448E+07	1,036446E+07	9920534	8760211	1,068207E+07	9193980	8850921	8897831	9769162	9173644	1,042482E+07	9405532	7868400	4166571	403,8755	9699862	438,9803	613,6523	748,4479	2620,079	9489972	1,041943E+07	1,101346E+07	1,017245E+07	9684555	9869488	8938571	8939675	8395136	6495505	9023097	8431444	8816610	9409542	8977623	8427655	8250788	9901156	22049,73	12058,5	277,4301	564,5737	101,9062	0	8197694	8932029	9338804	8858682	8943655	9051349	9760931	9539189	9086529	9198386	8860063	8881320	9052616	8746003	8610664	7916701	7838467	8835011	9444339	8924815	1,031465E+07	9430114	1,024574E+07
10.06.2020 19:43:00	33	9757649	6242608	8222820	7994519	1,024758E+07	8450934	7598343	7473629	7617495	7883700	8032185	8128911	8813199	8058754	8058003	8715424	8194615	9903319	9133919	7732412	9143142	8624870	9306722	8649030	9721606	9415835	1,013796E+07	9368099	1,096425E+07	1,116264E+07	1,067212E+07	9515787	1,143397E+07	9935670	9564181	9575680	1,049719E+07	9923503	1,127157E+07	1,014427E+07	8572116	4577439	426,1995	1,047127E+07	255,7878	630,3526	1046,498	2427,343	1,024042E+07	1,117156E+07	1,18383E+07	1,099757E+07	1,048877E+07	1,064657E+07	9652788	9630792	9077995	6839401	9703324	9095065	9501900	1,013131E+07	9689881	9103137	8955920	1,063632E+07	22341,64	12757,87	261,4114	351,9	0	0	8893719	9675466	1,012976E+07	9603675	9671295	9763512	1,056227E+07	1,034129E+07	9828341	9930451	9591089	9620162	9763084	9425860	9249689	8551538	8456122	9534676	1,020657E+07	9646635	1,114372E+07	1,011972E+07	1,102969E+07
10.06.2020 22:43:00	36	1,051021E+07	6823574	8903363	8642943	1,09931E+07	9125998	8235620	8116807	8245039	8528587	8689747	8748077	9536578	8712323	8754018	9401287	8863258	1,065975E+07	9930670	8434686	9897865	9329718	1,006007E+07	9352905	1,049841E+07	1,022425E+07	1,094743E+07	1,004983E+07	1,179402E+07	1,205532E+07	1,15084E+07	1,025939E+07	1,230459E+07	1,073064E+07	1,033049E+07	1,026156E+07	1,127555E+07	1,074084E+07	1,215051E+07	1,096743E+07	9296794	5027407	359,2277	1,128392E+07	814,7379	572,2422	717,2625	2450,349	1,09824E+07	1,201859E+07	1,270967E+07	1,181783E+07	1,132547E+07	1,146844E+07	1,046131E+07	1,041511E+07	9784616	7190836	1,047198E+07	9730635	1,02708E+07	1,083947E+07	1,044922E+07	9777156	9700358	1,126568E+07	24562,45	12788,2	252,55	881,7097	97,47544	0	9606067	1,039999E+07	1,089182E+07	1,041616E+07	1,0495E+07	1,053402E+07	1,136269E+07	1,106561E+07	1,063843E+07	1,076724E+07	1,039652E+07	1,033118E+07	1,039723E+07	1,01761E+07	9968175	9193815	9163149	1,029131E+07	1,100475E+07	1,039183E+07	1,194711E+07	1,086743E+07	1,189804E+07
11.06.2020 01:43:00	39	1,126853E+07	7461966	9633048	9403155	1,179932E+07	9797016	8905624	8828488	8910071	9175437	9415920	9388231	1,025867E+07	9489330	9471328	1,006886E+07	9592743	1,143935E+07	1,072058E+07	9231726	1,070881E+07	1,018309E+07	1,088568E+07	1,006177E+07	1,128461E+07	1,104531E+07	1,180977E+07	1,089053E+07	1,26696E+07	1,294014E+07	1,236339E+07	1,110843E+07	1,323214E+07	1,157494E+07	1,11751E+07	1,099109E+07	1,200458E+07	1,158378E+07	1,306256E+07	1,181773E+07	1,008956E+07	5528623	240,2804	1,21422E+07	232,7823	483,1169	239,4283	2414,392	1,174774E+07	1,287803E+07	1,367218E+07	1,27295E+07	1,219771E+07	1,23625E+07	1,126955E+07	1,125699E+07	1,053891E+07	7603329	1,1289E+07	1,044896E+07	1,106633E+07	1,161271E+07	1,121342E+07	1,057889E+07	1,043859E+07	1,210122E+07	27234,16	7791,901	243,859	959,0766	108,3818	0	1,036254E+07	1,127375E+07	1,179641E+07	1,121758E+07	1,137247E+07	1,137088E+07	1,220627E+07	1,188044E+07	1,1523E+07	1,165559E+07	1,124524E+07	1,114893E+07	1,112082E+07	1,095924E+07	1,067833E+07	9871639	9890693	1,10265E+07	1,187444E+07	1,120866E+07	1,283861E+07	1,167391E+07	1,282187E+07
11.06.2020 04:43:00	42	1,211075E+07	8115220	1,048301E+07	1,018356E+07	1,269573E+07	1,054699E+07	9680367	9631500	9606987	9917944	1,020621E+07	1,015461E+07	1,103437E+07	1,031781E+07	1,02327E+07	1,090543E+07	1,035659E+07	1,233292E+07	1,159435E+07	1,004665E+07	1,163269E+07	1,099427E+07	1,1719E+07	1,087972E+07	1,215317E+07	1,198188E+07	1,279646E+07	1,177638E+07	1,369299E+07	1,396111E+07	1,336621E+07	1,19845E+07	1,411746E+07	1,25622E+07	1,206917E+07	1,178466E+07	1,288618E+07	1,251945E+07	1,406899E+07	1,270441E+07	1,099073E+07	6093346	386,3232	1,302505E+07	763,9553	550,0887	170,4116	2380,991	1,264121E+07	1,380936E+07	1,466442E+07	1,371703E+07	1,312091E+07	1,330378E+07	1,21145E+07	1,210102E+07	1,136937E+07	8034499	1,217716E+07	1,120128E+07	1,190456E+07	1,251196E+07	1,2087E+07	1,141979E+07	1,128182E+07	1,296363E+07	29216,56	7708,058	231,7598	1281,155	0	0	1,11824E+07	1,218123E+07	1,279231E+07	1,2144E+07	1,234428E+07	1,233923E+07	1,316751E+07	1,282169E+07	1,246724E+07	1,257928E+07	1,213819E+07	1,200963E+07	1,193506E+07	1,178265E+07	1,154517E+07	1,058466E+07	1,068497E+07	1,187176E+07	1,282699E+07	1,208419E+07	1,372889E+07	1,253195E+07	1,379216E+07
11.06.2020 07:43:00	45	1,291897E+07	8860906	1,128297E+07	1,103925E+07	1,356482E+07	1,130616E+07	1,042977E+07	1,045218E+07	1,043574E+07	1,065802E+07	1,101532E+07	1,088419E+07	1,190229E+07	1,116763E+07	1,102547E+07	1,178174E+07	1,122135E+07	1,319603E+07	1,246308E+07	1,093765E+07	1,25305E+07	1,193108E+07	1,263101E+07	1,168414E+07	1,302137E+07	1,288524E+07	1,377061E+07	1,269434E+07	1,466958E+07	1,500417E+07	1,434604E+07	1,297125E+07	1,516256E+07	1,34578E+07	1,302721E+07	1,261739E+07	1,375267E+07	1,347325E+07	1,516117E+07	1,360565E+07	1,186854E+07	6703653	351,9	1,400439E+07	804,1724	552,8152	145,3611	2414,903	1,352854E+07	1,479788E+07	1,5724E+07	1,469554E+07	1,407924E+07	1,43069E+07	1,303988E+07	1,300712E+07	1,222154E+07	8517142	1,304592E+07	1,193836E+07	1,281949E+07	1,337615E+07	1,294798E+07	1,224481E+07	1,219253E+07	1,388219E+07	31932,07	8645,663	254,595	1156,754	0	103,7807	1,203513E+07	1,303613E+07	1,373299E+07	1,307446E+07	1,328731E+07	1,317264E+07	1,407428E+07	1,376691E+07	1,344895E+07	1,353721E+07	1,310129E+07	1,293706E+07	1,268804E+07	1,267855E+07	1,242752E+07	1,132125E+07	1,149654E+07	1,272594E+07	1,374769E+07	1,301385E+07	1,467407E+07	1,331044E+07	1,471089E+07
11.06.2020 10:43:00	48	1,388666E+07	9817842	1,231784E+07	1,212017E+07	1,470965E+07	1,221579E+07	1,14057E+07	1,153602E+07	1,144149E+07	1,163854E+07	1,200162E+07	1,186087E+07	1,290368E+07	1,226314E+07	1,192553E+07	1,289007E+07	1,223729E+07	1,429208E+07	1,3569E+07	1,203889E+07	1,3704E+07	1,307931E+07	1,379116E+07	1,267885E+07	1,404074E+07	1,404671E+07	1,495767E+07	1,396279E+07	1,595687E+07	1,632734E+07	1,557352E+07	1,420388E+07	1,638688E+07	1,470192E+07	1,4285E+07	1,356443E+07	1,478984E+07	1,461698E+07	1,629507E+07	1,485316E+07	1,309644E+07	7496061	367,5779	1,518738E+07	603,9388	534,7516	0	2577,817	1,455319E+07	1,59665E+07	1,698894E+07	1,600686E+07	1,531455E+07	1,54978E+07	1,417812E+07	1,426169E+07	1,328312E+07	9237476	1,418363E+07	1,295497E+07	1,38031E+07	1,446559E+07	1,412177E+07	1,330094E+07	1,328123E+07	1,506291E+07	34797,88	10653,62	234,8272	1296,321	91,68145	106,6777	1,304954E+07	1,418735E+07	1,494213E+07	1,423034E+07	1,455995E+07	1,435019E+07	1,519067E+07	1,501441E+07	1,467987E+07	1,475558E+07	1,438449E+07	1,411371E+07	1,356981E+07	1,368693E+07	1,341019E+07	1,222687E+07	1,244736E+07	1,365974E+07	1,492722E+07	1,424712E+07	1,587022E+07	1,435325E+07	1,591798E+07
11.06.2020 13:43:00	51	1,487501E+07	1,0711E+07	1,331456E+07	1,313996E+07	1,565298E+07	1,308465E+07	1,242651E+07	1,256992E+07	1,237575E+07	1,257431E+07	1,300828E+07	1,27287E+07	1,393453E+07	1,330816E+07	1,291057E+07	1,388049E+07	1,32782E+07	1,53427E+07	1,465421E+07	1,313855E+07	1,479698E+07	1,417472E+07	1,479239E+07	1,363951E+07	1,50393E+07	1,511692E+07	1,619865E+07	1,516193E+07	1,71304E+07	1,742913E+07	1,676214E+07	1,533317E+07	1,760879E+07	1,583868E+07	1,538308E+07	1,456179E+07	1,57762E+07	1,578308E+07	1,75664E+07	1,604583E+07	1,41464E+07	8307814	404,2164	1,635231E+07	2156,559	590,4763	0	2583,099	1,555306E+07	1,687347E+07	1,820104E+07	1,718747E+07	1,646011E+07	1,65633E+07	1,52623E+07	1,530406E+07	1,436372E+07	9855447	1,52625E+07	1,388383E+07	1,479329E+07	1,535571E+07	1,516506E+07	1,43396E+07	1,435971E+07	1,605895E+07	37931,92	12618,13	244,8815	1545,633	99,52039	114,5166	1,40111E+07	1,509097E+07	1,619406E+07	1,534154E+07	1,575243E+07	1,546657E+07	1,630205E+07	1,61421E+07	1,585924E+07	1,583301E+07	1,547422E+07	1,511388E+07	1,445895E+07	1,462889E+07	1,437283E+07	1,310359E+07	1,345937E+07	1,464447E+07	1,600171E+07	1,525401E+07	1,684346E+07	1,535261E+07	1,706726E+07
11.06.2020 16:43:00	54	1,559774E+07	1,147083E+07	1,405411E+07	1,393662E+07	1,640861E+07	1,376057E+07	1,315346E+07	1,334388E+07	1,312658E+07	1,326411E+07	1,369602E+07	1,343547E+07	1,46082E+07	1,411372E+07	1,368096E+07	1,469493E+07	1,406719E+07	1,609636E+07	1,556206E+07	1,40241E+07	1,561093E+07	1,496882E+07	1,562858E+07	1,440762E+07	1,583641E+07	1,596577E+07	1,711816E+07	1,599272E+07	1,796482E+07	1,834876E+07	1,755588E+07	1,617144E+07	1,836195E+07	1,666125E+07	1,621544E+07	1,521638E+07	1,646486E+07	1,662898E+07	1,837672E+07	1,68291E+07	1,497081E+07	9016399	359,7389	1,712597E+07	2349,635	637,1691	150,6439	2628,599	1,636778E+07	1,785186E+07	1,908341E+07	1,80447E+07	1,732265E+07	1,742299E+07	1,603949E+07	1,618094E+07	1,524181E+07	1,040307E+07	1,604122E+07	1,455492E+07	1,551618E+07	1,618889E+07	1,599569E+07	1,517797E+07	1,51761E+07	1,676382E+07	42734,8	18217	255,9583	1430,265	0	115,3687	1,486128E+07	1,593164E+07	1,707612E+07	1,611802E+07	1,664072E+07	1,63136E+07	1,714723E+07	1,686848E+07	1,67807E+07	1,673957E+07	1,641112E+07	1,593954E+07	1,523922E+07	1,538944E+07	1,512365E+07	1,385238E+07	1,426293E+07	1,543326E+07	1,687994E+07	1,609037E+07	1,772994E+07	1,605895E+07	1,777192E+07
11.06.2020 19:43:00	57	1,631435E+07	1,227649E+07	1,492594E+07	1,481769E+07	1,72009E+07	1,444196E+07	1,396749E+07	1,422322E+07	1,391832E+07	1,400755E+07	1,447882E+07	1,410836E+07	1,542516E+07	1,499498E+07	1,452913E+07	1,557743E+07	1,489451E+07	1,697454E+07	1,644821E+07	1,502794E+07	1,657124E+07	1,589661E+07	1,652693E+07	1,513021E+07	1,671341E+07	1,692192E+07	1,801249E+07	1,691563E+07	1,888158E+07	1,933868E+07	1,858188E+07	1,714518E+07	1,924095E+07	1,758402E+07	1,722681E+07	1,595576E+07	1,72433E+07	1,757362E+07	1,93718E+07	1,782905E+07	1,591968E+07	9828907	350,7071	1,794229E+07	2161,16	600,701	0	2448,304	1,716665E+07	1,868971E+07	2,008028E+07	1,896394E+07	1,829087E+07	1,832391E+07	1,692597E+07	1,70643E+07	1,609165E+07	1,101158E+07	1,698063E+07	1,527256E+07	1,640819E+07	1,710626E+07	1,690604E+07	1,61541E+07	1,606458E+07	1,765108E+07	46487,44	20495,58	260,3889	1572,899	0	112,1309	1,571059E+07	1,700563E+07	1,810965E+07	1,720346E+07	1,761243E+07	1,725953E+07	1,812609E+07	1,78085E+07	1,769336E+07	1,770654E+07	1,733807E+07	1,675429E+07	1,592757E+07	1,623537E+07	1,597186E+07	1,464835E+07	1,503814E+07	1,619697E+07	1,779385E+07	1,68928E+07	1,856194E+07	1,685178E+07	1,861313E+07
11.06.2020 22:43:00	60	1,708172E+07	1,313698E+07	1,586411E+07	1,577118E+07	1,804909E+07	1,530795E+07	1,484224E+07	1,511244E+07	1,476125E+07	1,482078E+07	1,532971E+07	1,49018E+07	1,637766E+07	1,599365E+07	1,548455E+07	1,655472E+07	1,5849E+07	1,796754E+07	1,754121E+07	1,605065E+07	1,757019E+07	1,691195E+07	1,74045E+07	1,603581E+07	1,749366E+07	1,789957E+07	1,896409E+07	1,79086E+07	1,988522E+07	2,038079E+07	1,956529E+07	1,826937E+07	2,007042E+07	1,863996E+07	1,824039E+07	1,676785E+07	1,813557E+07	1,865175E+07	2,04749E+07	1,891814E+07	1,693906E+07	1,069833E+07	346,106	1,900198E+07	2298,682	564,7441	0	2434,33	1,802403E+07	1,965833E+07	2,101025E+07	2,00253E+07	1,933283E+07	1,931488E+07	1,7821E+07	1,808891E+07	1,707493E+07	1,166903E+07	1,788884E+07	1,605295E+07	1,729131E+07	1,802176E+07	1,788605E+07	1,712827E+07	1,696727E+07	1,858503E+07	52848,05	20769,94	267,035	1832,777	0	112,1309	1,67308E+07	1,791432E+07	1,911564E+07	1,821133E+07	1,878746E+07	1,816205E+07	1,909404E+07	1,873815E+07	1,876278E+07	1,872958E+07	1,833869E+07	1,76195E+07	1,682104E+07	1,710073E+07	1,690511E+07	1,551694E+07	1,600998E+07	1,71088E+07	1,865062E+07	1,780449E+07	1,943823E+07	1,771903E+07	1,961803E+07
12.06.2020 01:43:00	63	1,792975E+07	1,406622E+07	1,671138E+07	1,677216E+07	1,898597E+07	1,61129E+07	1,576695E+07	1,607495E+07	1,565072E+07	1,564429E+07	1,61788E+07	1,560044E+07	1,728336E+07	1,690726E+07	1,647767E+07	1,756062E+07	1,684337E+07	1,885028E+07	1,855087E+07	1,713283E+07	1,858316E+07	1,783818E+07	1,82497E+07	1,688941E+07	1,841412E+07	1,894434E+07	1,997627E+07	1,900829E+07	2,097611E+07	2,150348E+07	2,068587E+07	1,917408E+07	2,123178E+07	1,960714E+07	1,917413E+07	1,76332E+07	1,910613E+07	1,967728E+07	2,147255E+07	1,998178E+07	1,803927E+07	1,161477E+07	367,237	1,995082E+07	2361,735	594,9069	372,6902	2441,487	1,890396E+07	2,058052E+07	2,209469E+07	2,104568E+07	2,038362E+07	2,036823E+07	1,874293E+07	1,914526E+07	1,80109E+07	1,240223E+07	1,887865E+07	1,682641E+07	1,826532E+07	1,893803E+07	1,890096E+07	1,802499E+07	1,803594E+07	1,957169E+07	58143,59	19640,62	266,6942	1924,118	0	107,8706	1,754248E+07	1,888048E+07	2,020027E+07	1,924372E+07	1,984848E+07	1,921937E+07	2,011636E+07	1,981785E+07	1,980091E+07	1,979362E+07	1,946622E+07	1,850388E+07	1,764801E+07	1,803024E+07	1,774345E+07	1,633061E+07	1,688794E+07	1,802084E+07	1,959626E+07	1,878984E+07	2,044526E+07	1,853473E+07	2,045618E+07
12.06.2020 04:43:00	66	1,865345E+07	1,489413E+07	1,754114E+07	1,771612E+07	1,987383E+07	1,68727E+07	1,654549E+07	1,703886E+07	1,648144E+07	1,640532E+07	1,697009E+07	1,635744E+07	1,808427E+07	1,783081E+07	1,733159E+07	1,844702E+07	1,785885E+07	1,965492E+07	1,941926E+07	1,810719E+07	1,963459E+07	1,892432E+07	1,925181E+07	1,773245E+07	1,93017E+07	1,989961E+07	2,100194E+07	1,997864E+07	2,199131E+07	2,234334E+07	2,171576E+07	2,018444E+07	2,222536E+07	2,057103E+07	2,015054E+07	1,837198E+07	1,99586E+07	2,064038E+07	2,249122E+07	2,096768E+07	1,905504E+07	1,25251E+07	220,1718	2,092312E+07	2639,676	599,3376	0	2547,654	1,958834E+07	2,150198E+07	2,300992E+07	2,208054E+07	2,153561E+07	2,136872E+07	1,990444E+07	2,008364E+07	1,902836E+07	1,312327E+07	1,982285E+07	1,760352E+07	1,904966E+07	1,992881E+07	1,986665E+07	1,903442E+07	1,903692E+07	2,031399E+07	62647,57	19825,86	222,0463	1657,423	104,4623	119,7994	1,852815E+07	1,987799E+07	2,134764E+07	2,026469E+07	2,100575E+07	2,011341E+07	2,100857E+07	2,061613E+07	2,06708E+07	2,072097E+07	2,044138E+07	1,939923E+07	1,842376E+07	1,890485E+07	1,872524E+07	1,716222E+07	1,767126E+07	1,869769E+07	2,047813E+07	1,964318E+07	2,132666E+07	1,930703E+07	2,124042E+07
12.06.2020 07:43:00	69	1,952849E+07	1,580114E+07	1,851536E+07	1,866179E+07	2,086139E+07	1,777957E+07	1,752025E+07	1,801082E+07	1,739869E+07	1,714599E+07	1,785093E+07	1,708208E+07	1,895542E+07	1,88501E+07	1,834105E+07	1,939162E+07	1,887017E+07	2,069663E+07	2,056573E+07	1,920137E+07	2,054135E+07	1,978956E+07	2,011963E+07	1,869051E+07	2,019348E+07	2,106603E+07	2,219379E+07	2,111471E+07	2,293904E+07	2,34052E+07	2,266423E+07	2,122233E+07	2,311781E+07	2,164916E+07	2,110883E+07	1,922795E+07	2,084504E+07	2,169784E+07	2,359159E+07	2,203832E+07	2,015184E+07	1,353256E+07	738,7344	2,181818E+07	2479,66	600,1897	0	2728,12	2,057689E+07	2,241335E+07	2,415593E+07	2,313128E+07	2,258337E+07	2,235643E+07	2,079492E+07	2,111035E+07	1,999711E+07	1,398016E+07	2,070344E+07	1,837812E+07	2,009012E+07	2,081335E+07	2,092774E+07	2,008146E+07	2,002691E+07	2,130324E+07	68403,23	22273,65	243,6886	1599,995	92,53352	112,6421	1,944132E+07	2,091395E+07	2,250169E+07	2,131461E+07	2,201751E+07	2,103834E+07	2,186321E+07	2,173756E+07	2,175393E+07	2,168193E+07	2,153791E+07	2,017741E+07	1,932005E+07	1,988282E+07	1,961934E+07	1,812355E+07	1,86962E+07	1,953238E+07	2,144726E+07	2,063789E+07	2,223197E+07	2,017847E+07	2,225128E+07
