Vessel Name: 12052020_InCu_KaKr_KK1-67_AC1-3_P0_6
Metric: GFP Integrated Intensity Per Image (GCU x µm²/Image)
Cell Type: 
Passage: 0
Notes: 
Analysis: KaKr-A549-H2B-GFP/-RFP_DEFv10

Date Time	Elapsed	EZH1	FABP4	FAM105A	FAM107A	FAM110A	FAM20A	FAM46A	FAM72A	FBXO6	FCAR	FFAR2	FGL2	FOS	FPR2	GBP1	GBP3	GBP4	GBP5	GLIPR2	GLS	GMPR	GPC4	GPR141	GPR155	HAPLN3	HAVCR2	HELZ2	HERC5	HERC6	HES4	HESX1	HLA-B	HLA-C	HMHA1	HSH2D	IDO1	IFI16	IFI27	IFI35	IFI44	IFI44L	IFI6	IFIH1	IFIT1	IFIT2	IFIT3	IFIT5	IFITM1	IFITM2	IFITM3	IFNE	IFNG	IGF2BP3	IL15	IL15RA	IL1A	IL1RN	IL4I1	IRF1	IRF7	IRF9	IRG1	ISG15	ISG20	ITPKB	KCNE3	KLF7	LAG3	LAMP3	LAP3	LGALS3BP	LGALS9B	LILRA1	LILRA5	LRCH2	LRRC25	LY6D	LY6E	MAP3K1	MBD4	MCM2	MEF2BNB	MNDA	MS4A4A	C1 (Mx2)	C2 (STAT1)	C3 (MAVS)	C4 (BST2)	C5 (EIF2AK2)	C6 (RSAD2)	C7 (NTC1)	C8 (NTC2)	C9 (NTC3)	C10 (NTC4)	C11 (NTC5)
12.05.2020 10:44:00	0	4410291	5756300	5126797	5294359	5218313	4385146	4926981	5720255	5361957	5505299	5484244	6183690	6208415	6689470	6363677	6209436	6355958	6800624	6973658	6160491	6786038	5590507	5887024	5164826	5804378	6546213	6708293	6090886	6076968	6211174	5483020	6464074	5477710	5694265	5807528	5745807	6274930	7103423	6109714	6654998	6533736	6086648	6826186	7130564	6679482	6819015	6687127	6084606	6495636	6289702	7022138	5862127	6222678	6648249	5355077	6488748	6310686	5025693	6191266	5827611	6667402	5778694	6522533	5921351	6865298	6327802	6917933	6543793	6924960	6433631	5745273	5818290	6069587	7215416	6702269	6390688	6277591	6533455	6575972	6725293	6372866	6024962	6260956	5217249	6450156	6502392	6812842	5671058	5714059	7115799	6506392	6601841	6503101	6627523	5901800
12.05.2020 13:44:00	3	4708759	6102911	5459133	5590847	5508372	4663535	5209265	6034502	5656149	5851937	5791085	6576148	6505920	6918563	6534666	6345825	6547840	7022246	7255514	6376380	7034360	5799809	6135319	5397872	6024221	6921213	7026479	6268189	6238838	6384722	5753185	6736496	5683793	5904339	6051022	5984479	6519794	7390213	6257377	6816613	6694782	6288002	7110150	7390369	6904721	7046734	6938985	6293402	6836945	6499155	7276056	6024364	6431663	6848339	5620335	6731075	6496876	5168809	6461041	6034833	6912880	5972787	6766861	6076768	7062674	6564880	7151137	6752799	7140514	6645797	5922356	5939816	6255174	7495799	6905376	6585422	6460347	6746326	6827580	6929416	6548092	6217903	6530168	5435908	6833650	6799766	7053787	5901020	6008864	7415360	6862880	6958735	6826369	7097151	6196200
12.05.2020 16:44:00	6	5046134	6492980	5863705	5955749	5915419	5060473	5656872	6502827	6094307	6302750	6228373	7107106	6916266	7312100	6830032	6581519	6899550	7429402	7754916	6743823	7473256	6144957	6536372	5733754	6328332	7205792	7246211	6582243	6619357	6774473	6235744	7173526	6051370	6247162	6401258	6374345	6917124	7870198	6580469	7219446	7113005	6671903	7582898	7860566	7308420	7466130	7389281	6719241	7215621	6919449	7729863	6362593	6841727	7270344	6060862	7147444	6840521	5462797	6858964	6423733	7352994	6559912	7235205	6436548	7491135	6972278	7607284	7151309	7541052	7072946	6320626	6207620	6569097	8003887	7282682	6972245	6814669	7158274	7275847	7364556	6948607	6622994	6983715	5757599	7350757	7259127	7482233	6289409	6442578	7942264	7438229	7539353	7352189	7675822	6736233
12.05.2020 19:44:00	9	5416547	6977811	6281632	6361907	6265583	5385895	6020858	6892755	6423478	6648433	6579628	7430980	7209889	7611115	7148333	6877403	7159928	7709125	8103585	7016154	7751845	6373198	6764046	5969644	6521520	7587142	7742631	6828112	6913129	7020389	6603780	7448683	6267808	6480923	6654409	6630675	7175349	8164667	6829306	7509621	7442428	6978502	7935847	8159574	7586625	7732402	7635804	6970019	7582695	7167571	8019602	6640014	7136339	7564718	6355119	7352682	7082053	5648163	7140600	6661023	7588149	6615019	7505412	6619264	7781059	7019664	7935373	7437977	7810632	7374481	6574617	6311071	6757066	8343171	7486969	7232890	7061058	7430754	7600979	7632967	7162773	6849332	7262711	5992269	7721041	7572039	7778422	6513726	6744637	8249310	7807447	7965666	7721772	7924692	7056141
12.05.2020 22:44:00	12	5802895	7402693	6700405	6759942	6654279	5774370	6457674	7313437	6820960	7110708	7001087	7913127	7569148	7964419	7449409	7159518	7470197	8038986	8548714	7374386	8177456	6681625	7091960	6285563	6793198	7962467	8083627	7135155	7241158	7339219	7039259	7856983	6593483	6804430	6967071	6972992	7513232	8573586	7142966	7910261	7823857	7335829	8366625	8573439	7950221	8065040	8007998	7291200	7963598	7493513	8427279	6974045	7493138	7931953	6771287	7701547	7387865	5917980	7503728	7004442	7922386	6943378	7876748	6893904	8168398	7312269	8369231	7795537	8183388	7746443	6911617	6487927	7002442	8783344	7827870	7548159	7363739	7801805	8005330	8018635	7528349	7161395	7662363	6277929	8185573	7984877	8151246	6847072	7137322	8728467	8352106	8517989	8218538	8441913	7528079
13.05.2020 01:44:00	15	6296412	7885646	7201692	7234826	7093462	6202263	6964547	7806641	7259366	7624012	7482382	8497415	7977018	8380130	7835095	7459901	7820108	8474877	9079456	7746817	8613876	7040302	7478901	6663814	7093621	8380403	8528493	7548074	7621133	7774533	7557229	8349138	6992217	7198007	7371984	7376676	7886895	9059807	7500040	8287766	8277666	7757551	8902665	9061733	8373190	8475319	8459886	7662935	8414893	7874292	8877395	7339714	7898787	8359213	7259179	8144710	7763060	6230328	7987456	7411105	8352330	7371059	8340982	7215580	8587767	7789785	8833722	8200946	8593222	8173948	7306383	6716249	7300606	9263650	8209970	7928534	7708592	8197473	8496970	8444271	7907298	7587505	8103890	6633942	8730361	8446104	8598302	7214554	7616743	9349556	8999589	9110689	8792308	9182539	8101325
13.05.2020 04:44:00	18	6791966	8443651	7800675	7746281	7586102	6708846	7553804	8356265	7782513	8151812	8016421	9078545	8475797	8826010	8239113	7811509	8229745	8921577	9678171	8232683	9172845	7434157	7932036	7079230	7512697	8914702	9086392	7969891	8079583	8253842	8078029	8903471	7480697	7626473	7834643	7837774	8332026	9612621	7901721	8753830	8758387	8172824	9468920	9625450	8838115	8913229	8964767	8101201	8912017	8340778	9365664	7775413	8409616	8880791	7789408	8645076	8196353	6595569	8535739	7850038	8786330	7820771	8866318	7576930	9048313	8214798	9377595	8690105	9094589	8669194	7745238	6973322	7648629	9856684	8635119	8361824	8096964	8668579	9008297	8928599	8344564	8057406	8653566	7025723	9340130	8960489	9063181	7652682	8162761	1,012548E+07	9673816	9815672	9420407	9825798	8730176
13.05.2020 07:44:00	21	7317026	8967336	8332488	8238357	8063551	7184495	8143137	8867184	8283127	8734514	8544898	9667260	8999030	9299045	8664687	8156377	8649744	9367531	1,028117E+07	8691481	9727673	7868915	8404650	7521447	7857069	9421889	9527954	8390658	8543980	8724200	8667416	9477930	7915678	8084082	8279431	8310991	8780157	1,01803E+07	8286733	9218585	9291731	8671612	1,006317E+07	1,016024E+07	9360076	9391191	9480491	8564079	9486547	8803767	9905461	8222172	8915096	9372724	8307972	9132808	8641525	6969413	9050108	8329626	9259637	8309653	9428157	7968871	9540737	8618176	9995701	9191093	9613866	9191002	8223225	7217403	8006624	1,044328E+07	9047739	8819580	8519415	9163413	9577232	9471749	8817087	8517121	9236802	7430707	9974032	9505262	9561689	8058753	8700162	1,067166E+07	1,031739E+07	1,045933E+07	1,006604E+07	1,051318E+07	9353216
13.05.2020 10:44:00	24	7857186	9585870	8923219	8794039	8610231	7699328	8782327	9460583	8823439	9336847	9098397	1,026504E+07	9538303	9830137	9115907	8575587	9098055	9940743	1,09859E+07	9194139	1,031792E+07	8339204	8916015	7997451	8225128	9990156	1,006691E+07	8897495	9080051	9238732	9282662	1,008592E+07	8504703	8588343	8789438	8800210	9303558	1,078372E+07	8724190	9762706	9886980	9217023	1,073312E+07	1,081499E+07	9875940	9917511	1,005413E+07	9078672	1,003356E+07	9265363	1,0509E+07	8728677	9474897	9959518	8902787	9661410	9181269	7399085	9631492	8816050	9736235	8825210	1,001561E+07	8368037	1,010489E+07	9037834	1,066376E+07	9762018	1,013261E+07	9791527	8735971	7488569	8382550	1,106839E+07	9536844	9334467	8993010	9686950	1,014715E+07	1,004499E+07	9333529	9051229	9852232	7856470	1,060022E+07	1,011275E+07	1,01129E+07	8473207	9269070	1,128761E+07	1,104952E+07	1,117355E+07	1,074998E+07	1,120777E+07	1,002778E+07
13.05.2020 13:44:00	27	8422271	1,018689E+07	9543989	9349906	9167454	8283994	9412741	1,009647E+07	9416991	9965940	9698508	1,087775E+07	1,006832E+07	1,040439E+07	9625031	9012901	9584931	1,048916E+07	1,166108E+07	9761047	1,096152E+07	8817304	9461992	8482717	8644541	1,053749E+07	1,06355E+07	9401470	9630701	9784291	9938859	1,073504E+07	9059312	9085842	9352700	9341072	9812815	1,143512E+07	9235995	1,037736E+07	1,051189E+07	9801809	1,139753E+07	1,141671E+07	1,043982E+07	1,043289E+07	1,057284E+07	9594724	1,065701E+07	9817138	1,112612E+07	9262201	1,006644E+07	1,051896E+07	9518751	1,022554E+07	9653488	7854155	1,028414E+07	9375213	1,021915E+07	9377599	1,059624E+07	8826869	1,069809E+07	9514986	1,130758E+07	1,034264E+07	1,067506E+07	1,042621E+07	9266801	7758310	8755589	1,174903E+07	1,002284E+07	9840104	9475317	1,026624E+07	1,071537E+07	1,063462E+07	9873280	9584481	1,049093E+07	8306756	1,126034E+07	1,075556E+07	1,064622E+07	8946402	9811692	1,181016E+07	1,17925E+07	1,18421E+07	1,14362E+07	1,195048E+07	1,073543E+07
13.05.2020 16:44:00	30	9037871	1,083921E+07	1,024801E+07	9978157	9771506	8904698	1,015579E+07	1,072135E+07	1,003586E+07	1,063994E+07	1,03009E+07	1,153699E+07	1,064103E+07	1,097756E+07	1,016035E+07	9430707	1,009364E+07	1,105341E+07	1,241998E+07	1,03859E+07	1,162968E+07	9358029	1,000912E+07	9043061	9081297	1,116223E+07	1,124041E+07	9992083	1,017307E+07	1,041205E+07	1,063809E+07	1,142909E+07	9654948	9662781	9894703	9955610	1,031744E+07	1,209276E+07	9731615	1,099721E+07	1,12071E+07	1,036602E+07	1,214044E+07	1,215471E+07	1,103654E+07	1,09955E+07	1,120309E+07	1,010497E+07	1,126439E+07	1,036674E+07	1,179956E+07	9830780	1,067793E+07	1,118631E+07	1,017657E+07	1,081853E+07	1,02428E+07	8329870	1,093444E+07	9955648	1,077402E+07	9959068	1,124064E+07	9294795	1,128013E+07	9998513	1,204652E+07	1,097511E+07	1,128073E+07	1,106703E+07	9838643	8046634	9181427	1,238482E+07	1,05435E+07	1,042396E+07	9958257	1,083656E+07	1,139988E+07	1,127172E+07	1,039055E+07	1,015804E+07	1,120191E+07	8806710	1,19777E+07	1,13494E+07	1,124051E+07	9461058	1,047063E+07	1,247239E+07	1,255109E+07	1,264149E+07	1,21666E+07	1,27584E+07	1,14881E+07
13.05.2020 19:44:00	33	9670480	1,157662E+07	1,0911E+07	1,06093E+07	1,037941E+07	9524263	1,090847E+07	1,13861E+07	1,06484E+07	1,132614E+07	1,091896E+07	1,223165E+07	1,126907E+07	1,159665E+07	1,07072E+07	9906694	1,065277E+07	1,162044E+07	1,323397E+07	1,098241E+07	1,23233E+07	9906613	1,059162E+07	9592493	9519993	1,174978E+07	1,193495E+07	1,054418E+07	1,079459E+07	1,104121E+07	1,135712E+07	1,216611E+07	1,0233E+07	1,022651E+07	1,048061E+07	1,052637E+07	1,092639E+07	1,280342E+07	1,025573E+07	1,165103E+07	1,191199E+07	1,101874E+07	1,290983E+07	1,289977E+07	1,16216E+07	1,159423E+07	1,180719E+07	1,068378E+07	1,189533E+07	1,094533E+07	1,250468E+07	1,04153E+07	1,136203E+07	1,181058E+07	1,088893E+07	1,143727E+07	1,081592E+07	8807482	1,156667E+07	1,051227E+07	1,130229E+07	1,054455E+07	1,191625E+07	9765605	1,192236E+07	1,046115E+07	1,277132E+07	1,158227E+07	1,190062E+07	1,175847E+07	1,039826E+07	8311142	9582618	1,319803E+07	1,107467E+07	1,100299E+07	1,049295E+07	1,143428E+07	1,207035E+07	1,185368E+07	1,095567E+07	1,078533E+07	1,190363E+07	9270651	1,27422E+07	1,200751E+07	1,180445E+07	9967639	1,110395E+07	1,316024E+07	1,338719E+07	1,339905E+07	1,291049E+07	1,35327E+07	1,228066E+07
13.05.2020 22:44:00	36	1,02658E+07	1,2272E+07	1,160339E+07	1,124895E+07	1,097903E+07	1,014491E+07	1,162317E+07	1,210336E+07	1,132527E+07	1,201449E+07	1,159565E+07	1,288537E+07	1,187341E+07	1,221204E+07	1,123145E+07	1,03701E+07	1,114301E+07	1,224329E+07	1,401894E+07	1,162535E+07	1,296273E+07	1,045633E+07	1,119118E+07	1,019348E+07	9894958	1,224229E+07	1,236361E+07	1,111088E+07	1,139306E+07	1,168752E+07	1,212555E+07	1,287348E+07	1,090401E+07	1,080513E+07	1,107798E+07	1,111691E+07	1,147483E+07	1,356144E+07	1,081758E+07	1,228773E+07	1,265996E+07	1,166746E+07	1,368588E+07	1,356114E+07	1,225283E+07	1,215138E+07	1,250205E+07	1,121644E+07	1,242801E+07	1,153295E+07	1,321744E+07	1,102867E+07	1,206749E+07	1,249712E+07	1,160641E+07	1,210643E+07	1,143853E+07	9334918	1,224154E+07	1,112968E+07	1,183039E+07	1,121624E+07	1,267015E+07	1,025961E+07	1,264228E+07	1,100409E+07	1,354161E+07	1,226868E+07	1,252709E+07	1,243011E+07	1,10408E+07	8637190	1,000927E+07	1,391709E+07	1,160312E+07	1,157864E+07	1,103407E+07	1,208128E+07	1,276228E+07	1,258917E+07	1,159854E+07	1,145671E+07	1,273E+07	9805375	1,350808E+07	1,277743E+07	1,243964E+07	1,052013E+07	1,179733E+07	1,385353E+07	1,419091E+07	1,424818E+07	1,376938E+07	1,442258E+07	1,311746E+07
14.05.2020 01:44:00	39	1,094415E+07	1,295978E+07	1,23562E+07	1,186497E+07	1,15459E+07	1,078943E+07	1,246562E+07	1,280099E+07	1,193515E+07	1,273128E+07	1,222377E+07	1,350777E+07	1,254096E+07	1,284495E+07	1,1781E+07	1,085751E+07	1,173509E+07	1,284374E+07	1,475886E+07	1,230871E+07	1,369518E+07	1,100376E+07	1,181562E+07	1,07746E+07	1,040718E+07	1,300785E+07	1,319521E+07	1,170714E+07	1,196648E+07	1,231325E+07	1,290833E+07	1,359182E+07	1,151148E+07	1,143736E+07	1,169267E+07	1,165458E+07	1,212521E+07	1,423932E+07	1,135963E+07	1,294613E+07	1,333626E+07	1,234727E+07	1,454006E+07	1,433617E+07	1,293687E+07	1,272095E+07	1,312512E+07	1,179601E+07	1,324445E+07	1,213835E+07	1,393589E+07	1,159653E+07	1,276629E+07	1,318203E+07	1,239004E+07	1,273604E+07	1,201773E+07	9826245	1,297233E+07	1,167969E+07	1,236373E+07	1,181604E+07	1,328423E+07	1,079511E+07	1,327942E+07	1,152501E+07	1,436465E+07	1,29442E+07	1,319815E+07	1,314816E+07	1,163937E+07	8915058	1,041666E+07	1,471059E+07	1,217204E+07	1,223794E+07	1,156378E+07	1,27085E+07	1,347965E+07	1,325305E+07	1,219802E+07	1,205113E+07	1,340497E+07	1,035068E+07	1,428349E+07	1,348007E+07	1,307651E+07	1,105189E+07	1,247854E+07	1,44704E+07	1,497463E+07	1,5062E+07	1,453828E+07	1,519766E+07	1,39653E+07
14.05.2020 04:44:00	42	1,165149E+07	1,385764E+07	1,32077E+07	1,261165E+07	1,222476E+07	1,151075E+07	1,329098E+07	1,354664E+07	1,264732E+07	1,34552E+07	1,287811E+07	1,42258E+07	1,319801E+07	1,353115E+07	1,243085E+07	1,141179E+07	1,237612E+07	1,355374E+07	1,563545E+07	1,304012E+07	1,446003E+07	1,161482E+07	1,243854E+07	1,14075E+07	1,087599E+07	1,379085E+07	1,395331E+07	1,243528E+07	1,273479E+07	1,304348E+07	1,372583E+07	1,443846E+07	1,22689E+07	1,210124E+07	1,239465E+07	1,233881E+07	1,275222E+07	1,504805E+07	1,195391E+07	1,3653E+07	1,417183E+07	1,306763E+07	1,531981E+07	1,512494E+07	1,363486E+07	1,337169E+07	1,3772E+07	1,241987E+07	1,391434E+07	1,274363E+07	1,477382E+07	1,233027E+07	1,353549E+07	1,394254E+07	1,317653E+07	1,342187E+07	1,274262E+07	1,043207E+07	1,3759E+07	1,233944E+07	1,296723E+07	1,251875E+07	1,413406E+07	1,135947E+07	1,400455E+07	1,209077E+07	1,520036E+07	1,366378E+07	1,386642E+07	1,39093E+07	1,232893E+07	9261912	1,088947E+07	1,546813E+07	1,276128E+07	1,285802E+07	1,214191E+07	1,342233E+07	1,422181E+07	1,39733E+07	1,28697E+07	1,275638E+07	1,427005E+07	1,090323E+07	1,50422E+07	1,417568E+07	1,369652E+07	1,16028E+07	1,324E+07	1,520878E+07	1,583271E+07	1,592487E+07	1,534797E+07	1,60817E+07	1,484674E+07
14.05.2020 07:44:00	45	1,233426E+07	1,454203E+07	1,393882E+07	1,327416E+07	1,287178E+07	1,221089E+07	1,40346E+07	1,425427E+07	1,326477E+07	1,413407E+07	1,356887E+07	1,488748E+07	1,385164E+07	1,415183E+07	1,30354E+07	1,193395E+07	1,297318E+07	1,424492E+07	1,634665E+07	1,37421E+07	1,525907E+07	1,219866E+07	1,311576E+07	1,199229E+07	1,135611E+07	1,445673E+07	1,470244E+07	1,300957E+07	1,339069E+07	1,373351E+07	1,452079E+07	1,514923E+07	1,293316E+07	1,277271E+07	1,303949E+07	1,297193E+07	1,333794E+07	1,578016E+07	1,258104E+07	1,444112E+07	1,496272E+07	1,375385E+07	1,609729E+07	1,577687E+07	1,425631E+07	1,395301E+07	1,444813E+07	1,296676E+07	1,462747E+07	1,339464E+07	1,550057E+07	1,297456E+07	1,424359E+07	1,464394E+07	1,402863E+07	1,414E+07	1,341433E+07	1,099043E+07	1,451633E+07	1,297154E+07	1,354209E+07	1,318835E+07	1,482457E+07	1,188933E+07	1,472206E+07	1,260991E+07	1,592959E+07	1,436975E+07	1,449602E+07	1,459352E+07	1,299661E+07	9553521	1,133378E+07	1,623875E+07	1,332236E+07	1,34947E+07	1,276975E+07	1,405031E+07	1,491141E+07	1,47E+07	1,349554E+07	1,346399E+07	1,498041E+07	1,145825E+07	1,5828E+07	1,488295E+07	1,440581E+07	1,21899E+07	1,393092E+07	1,598912E+07	1,673022E+07	1,673064E+07	1,629918E+07	1,689561E+07	1,565186E+07
14.05.2020 10:44:00	48	1,328355E+07	1,564756E+07	1,501342E+07	1,419387E+07	1,37802E+07	1,31235E+07	1,518773E+07	1,525625E+07	1,414851E+07	1,507187E+07	1,457602E+07	1,576711E+07	1,479809E+07	1,519539E+07	1,388845E+07	1,280106E+07	1,381935E+07	1,519198E+07	1,748769E+07	1,481353E+07	1,629722E+07	1,30189E+07	1,404833E+07	1,283131E+07	1,198926E+07	1,531347E+07	1,572202E+07	1,398333E+07	1,438339E+07	1,471564E+07	1,569656E+07	1,624877E+07	1,391852E+07	1,365008E+07	1,39592E+07	1,389333E+07	1,425019E+07	1,674107E+07	1,349491E+07	1,547498E+07	1,608011E+07	1,480667E+07	1,729443E+07	1,687582E+07	1,521567E+07	1,489441E+07	1,543664E+07	1,398801E+07	1,559498E+07	1,428585E+07	1,660963E+07	1,397933E+07	1,533653E+07	1,565474E+07	1,507579E+07	1,512428E+07	1,426545E+07	1,177031E+07	1,548412E+07	1,385714E+07	1,441019E+07	1,470701E+07	1,593547E+07	1,28234E+07	1,575346E+07	1,332497E+07	1,714166E+07	1,544769E+07	1,549071E+07	1,581389E+07	1,397253E+07	1,006145E+07	1,196419E+07	1,738035E+07	1,410613E+07	1,447803E+07	1,359513E+07	1,496211E+07	1,600023E+07	1,578927E+07	1,447053E+07	1,448047E+07	1,611977E+07	1,226073E+07	1,681071E+07	1,594608E+07	1,535336E+07	1,300637E+07	1,490589E+07	1,685109E+07	1,782307E+07	1,786787E+07	1,741015E+07	1,7977E+07	1,689604E+07
14.05.2020 13:44:00	51	1,38202E+07	1,614781E+07	1,550875E+07	1,463351E+07	1,420049E+07	1,359915E+07	1,577372E+07	1,575588E+07	1,458078E+07	1,560813E+07	1,497217E+07	1,635001E+07	1,51916E+07	1,568867E+07	1,440046E+07	1,310712E+07	1,427742E+07	1,56403E+07	1,787731E+07	1,53125E+07	1,676609E+07	1,344751E+07	1,448911E+07	1,331893E+07	1,23469E+07	1,595727E+07	1,62158E+07	1,446087E+07	1,492058E+07	1,528317E+07	1,625196E+07	1,683619E+07	1,446141E+07	1,41936E+07	1,446886E+07	1,432411E+07	1,47023E+07	1,725695E+07	1,388784E+07	1,60198E+07	1,658281E+07	1,528858E+07	1,78016E+07	1,748259E+07	1,568826E+07	1,534782E+07	1,591058E+07	1,431285E+07	1,615753E+07	1,47726E+07	1,709426E+07	1,448349E+07	1,57645E+07	1,614067E+07	1,570278E+07	1,563382E+07	1,481637E+07	1,224513E+07	1,611276E+07	1,435604E+07	1,47448E+07	1,472047E+07	1,640816E+07	1,307409E+07	1,624028E+07	1,390246E+07	1,770082E+07	1,595145E+07	1,59565E+07	1,640046E+07	1,449945E+07	1,019173E+07	1,230039E+07	1,783625E+07	1,458197E+07	1,490614E+07	1,400108E+07	1,552706E+07	1,648349E+07	1,628302E+07	1,482503E+07	1,495097E+07	1,674295E+07	1,269554E+07	1,738672E+07	1,647922E+07	1,58278E+07	1,338671E+07	1,545854E+07	1,735441E+07	1,83465E+07	1,850208E+07	1,802299E+07	1,87833E+07	1,750227E+07
14.05.2020 16:44:00	54	1,457341E+07	1,707422E+07	1,619087E+07	1,534928E+07	1,489711E+07	1,440293E+07	1,660498E+07	1,652437E+07	1,534284E+07	1,635513E+07	1,569314E+07	1,701719E+07	1,599836E+07	1,639807E+07	1,507672E+07	1,38032E+07	1,497912E+07	1,63471E+07	1,879921E+07	1,613767E+07	1,76614E+07	1,417755E+07	1,517175E+07	1,402615E+07	1,290906E+07	1,664699E+07	1,698947E+07	1,535241E+07	1,570857E+07	1,600516E+07	1,716537E+07	1,775788E+07	1,52371E+07	1,497446E+07	1,520816E+07	1,496323E+07	1,541227E+07	1,818594E+07	1,455942E+07	1,683745E+07	1,746566E+07	1,609955E+07	1,883864E+07	1,836171E+07	1,643008E+07	1,601065E+07	1,665637E+07	1,497868E+07	1,69328E+07	1,554316E+07	1,79193E+07	1,52167E+07	1,661868E+07	1,702698E+07	1,671877E+07	1,646735E+07	1,553813E+07	1,291179E+07	1,686134E+07	1,499933E+07	1,543102E+07	1,568531E+07	1,728662E+07	1,380979E+07	1,704691E+07	1,456025E+07	1,856647E+07	1,667805E+07	1,678128E+07	1,720533E+07	1,524878E+07	1,05894E+07	1,282721E+07	1,860171E+07	1,524403E+07	1,571029E+07	1,463917E+07	1,621021E+07	1,732075E+07	1,714163E+07	1,56456E+07	1,57025E+07	1,750824E+07	1,334911E+07	1,823376E+07	1,728337E+07	1,658268E+07	1,402536E+07	1,61634E+07	1,819391E+07	1,921047E+07	1,925921E+07	1,892131E+07	1,95234E+07	1,851703E+07
14.05.2020 19:44:00	57	1,507334E+07	1,772274E+07	1,691863E+07	1,591323E+07	1,547734E+07	1,500278E+07	1,737468E+07	1,712962E+07	1,591365E+07	1,693326E+07	1,618007E+07	1,767841E+07	1,652486E+07	1,691637E+07	1,555873E+07	1,427755E+07	1,544617E+07	1,701466E+07	1,947024E+07	1,678448E+07	1,824922E+07	1,469675E+07	1,582821E+07	1,458831E+07	1,325894E+07	1,706325E+07	1,742532E+07	1,577655E+07	1,626516E+07	1,671537E+07	1,792582E+07	1,852316E+07	1,588536E+07	1,557933E+07	1,575531E+07	1,561127E+07	1,581422E+07	1,881892E+07	1,510994E+07	1,759502E+07	1,818458E+07	1,661985E+07	1,949016E+07	1,896625E+07	1,708955E+07	1,647839E+07	1,723442E+07	1,54393E+07	1,739261E+07	1,601906E+07	1,863408E+07	1,578488E+07	1,73278E+07	1,761535E+07	1,740419E+07	1,711358E+07	1,617727E+07	1,34623E+07	1,756561E+07	1,56172E+07	1,591602E+07	1,607076E+07	1,783558E+07	1,429846E+07	1,767614E+07	1,507596E+07	1,929653E+07	1,738781E+07	1,734917E+07	1,789589E+07	1,586912E+07	1,088077E+07	1,323198E+07	1,933206E+07	1,574137E+07	1,638386E+07	1,521628E+07	1,68366E+07	1,795995E+07	1,777693E+07	1,626934E+07	1,635708E+07	1,822806E+07	1,388076E+07	1,889073E+07	1,791643E+07	1,717034E+07	1,459364E+07	1,682745E+07	1,869516E+07	1,99333E+07	2,003313E+07	1,960514E+07	2,04408E+07	1,918777E+07
14.05.2020 22:44:00	60	1,582864E+07	1,844109E+07	1,770923E+07	1,666089E+07	1,609847E+07	1,565626E+07	1,82313E+07	1,788435E+07	1,649578E+07	1,769515E+07	1,689019E+07	1,813477E+07	1,717101E+07	1,765731E+07	1,623739E+07	1,47706E+07	1,615196E+07	1,763299E+07	2,019971E+07	1,754087E+07	1,904022E+07	1,54562E+07	1,648104E+07	1,511882E+07	1,378921E+07	1,798726E+07	1,834738E+07	1,649236E+07	1,698128E+07	1,743093E+07	1,889115E+07	1,915531E+07	1,666019E+07	1,625156E+07	1,649652E+07	1,611166E+07	1,650339E+07	1,957535E+07	1,578274E+07	1,826775E+07	1,89118E+07	1,735123E+07	2,031237E+07	1,968629E+07	1,765758E+07	1,714507E+07	1,780918E+07	1,601745E+07	1,815091E+07	1,670813E+07	1,936905E+07	1,650329E+07	1,802102E+07	1,831354E+07	1,827555E+07	1,784903E+07	1,692935E+07	1,411891E+07	1,821072E+07	1,617834E+07	1,646815E+07	1,677418E+07	1,869496E+07	1,494321E+07	1,835042E+07	1,566654E+07	2,011405E+07	1,809157E+07	1,811481E+07	1,871283E+07	1,655375E+07	1,117375E+07	1,365181E+07	2,016868E+07	1,636469E+07	1,70732E+07	1,586111E+07	1,747276E+07	1,868005E+07	1,852097E+07	1,67812E+07	1,711555E+07	1,906367E+07	1,447543E+07	1,967205E+07	1,869535E+07	1,781177E+07	1,513578E+07	1,754648E+07	1,949512E+07	2,076149E+07	2,085113E+07	2,050408E+07	2,117376E+07	1,996778E+07
15.05.2020 01:44:00	63	1,635084E+07	1,923402E+07	1,837599E+07	1,734872E+07	1,675905E+07	1,634683E+07	1,893181E+07	1,852417E+07	1,718336E+07	1,834766E+07	1,743504E+07	1,880239E+07	1,783626E+07	1,851262E+07	1,693723E+07	1,544606E+07	1,681206E+07	1,827342E+07	2,100267E+07	1,832725E+07	1,975872E+07	1,60422E+07	1,718136E+07	1,577495E+07	1,420006E+07	1,870163E+07	1,905584E+07	1,721347E+07	1,778486E+07	1,806896E+07	1,976252E+07	1,996722E+07	1,732058E+07	1,691804E+07	1,715349E+07	1,687359E+07	1,723383E+07	2,035342E+07	1,648971E+07	1,909567E+07	1,973168E+07	1,803234E+07	2,108684E+07	2,040435E+07	1,840014E+07	1,778191E+07	1,84762E+07	1,660602E+07	1,875942E+07	1,735783E+07	2,010502E+07	1,721898E+07	1,879993E+07	1,91804E+07	1,912035E+07	1,85608E+07	1,764543E+07	1,475124E+07	1,902754E+07	1,684345E+07	1,708862E+07	1,742486E+07	1,947464E+07	1,554777E+07	1,911362E+07	1,627399E+07	2,093524E+07	1,880509E+07	1,88455E+07	1,947222E+07	1,72541E+07	1,147107E+07	1,411069E+07	2,090853E+07	1,70661E+07	1,775943E+07	1,646477E+07	1,831231E+07	1,949023E+07	1,916547E+07	1,753565E+07	1,781639E+07	1,970022E+07	1,504141E+07	2,02323E+07	1,932917E+07	1,844197E+07	1,568566E+07	1,822013E+07	2,010123E+07	2,147133E+07	2,145703E+07	2,12867E+07	2,197607E+07	2,076511E+07
15.05.2020 04:44:00	66	1,713545E+07	1,989781E+07	1,900642E+07	1,788161E+07	1,73777E+07	1,703332E+07	1,971657E+07	1,928863E+07	1,778564E+07	1,902229E+07	1,814722E+07	1,940411E+07	1,850398E+07	1,903607E+07	1,752372E+07	1,60808E+07	1,751566E+07	1,888557E+07	2,180021E+07	1,924814E+07	2,059763E+07	1,671735E+07	1,802903E+07	1,633362E+07	1,477628E+07	1,955857E+07	1,988952E+07	1,805499E+07	1,863541E+07	1,882147E+07	2,055471E+07	2,088256E+07	1,797311E+07	1,777428E+07	1,788539E+07	1,752296E+07	1,782867E+07	2,111813E+07	1,722001E+07	1,995071E+07	2,055027E+07	1,87083E+07	2,190338E+07	2,103552E+07	1,915723E+07	1,839579E+07	1,923884E+07	1,721106E+07	1,953714E+07	1,796669E+07	2,090912E+07	1,798481E+07	1,959636E+07	1,987137E+07	2,002743E+07	1,942343E+07	1,837033E+07	1,540834E+07	1,991378E+07	1,757823E+07	1,765119E+07	1,825193E+07	2,035416E+07	1,625218E+07	1,987838E+07	1,695045E+07	2,177206E+07	1,963685E+07	1,963357E+07	2,018671E+07	1,812679E+07	1,185487E+07	1,455878E+07	2,159679E+07	1,771291E+07	1,840568E+07	1,715425E+07	1,904229E+07	2,030266E+07	1,988896E+07	1,825122E+07	1,862473E+07	2,05987E+07	1,572178E+07	2,101923E+07	2,02155E+07	1,90938E+07	1,632921E+07	1,903638E+07	2,096392E+07	2,229282E+07	2,219441E+07	2,212156E+07	2,28777E+07	2,16508E+07
15.05.2020 07:44:00	69	1,767093E+07	2,056005E+07	1,97769E+07	1,86015E+07	1,789678E+07	1,767782E+07	2,059892E+07	1,99836E+07	1,849132E+07	1,982624E+07	1,884867E+07	1,997914E+07	1,918803E+07	1,979204E+07	1,81608E+07	1,665307E+07	1,811003E+07	1,965129E+07	2,253612E+07	2,001429E+07	2,128395E+07	1,734036E+07	1,861443E+07	1,689812E+07	1,525031E+07	2,029213E+07	2,061431E+07	1,878958E+07	1,915065E+07	1,96215E+07	2,130349E+07	2,170728E+07	1,898498E+07	1,845309E+07	1,870855E+07	1,799685E+07	1,848507E+07	2,18383E+07	1,785193E+07	2,06896E+07	2,142692E+07	1,934938E+07	2,265248E+07	2,189008E+07	1,979623E+07	1,91667E+07	2,01851E+07	1,780935E+07	2,020862E+07	1,872799E+07	2,163954E+07	1,869707E+07	2,036281E+07	2,071064E+07	2,088382E+07	2,020596E+07	1,914572E+07	1,607941E+07	2,068622E+07	1,809045E+07	1,823756E+07	1,887862E+07	2,10955E+07	1,698674E+07	2,053886E+07	1,765975E+07	2,252357E+07	2,038234E+07	2,029426E+07	2,11379E+07	1,877301E+07	1,218628E+07	1,503164E+07	2,256456E+07	1,836452E+07	1,912115E+07	1,77866E+07	1,964733E+07	2,111287E+07	2,074707E+07	1,891805E+07	1,93265E+07	2,146797E+07	1,634646E+07	2,182228E+07	2,077003E+07	1,967876E+07	1,684059E+07	1,965929E+07	2,170108E+07	2,300604E+07	2,300807E+07	2,299724E+07	2,368603E+07	2,243321E+07
