Vessel Name: 12062020_InCu_KaKr_KK1-77_P0_14
Metric: GFP Integrated Intensity Per Image (GCU x µm²/Image)
Cell Type: 
Passage: 0
Notes: 
Analysis: KaKr-A549-H2B-GFP/-RFP_DEFv10

Date Time	Elapsed	MSR1	MT1H	MT1HL1	MT1M	MT2A	MX1	MX2	MYCL	MYD88	NCOA7	NEXN	NKX3-1	NMI	NT5C3A	NUPR1	OAS1	OAS2	OAS3	OASL	OGFR	P2RY14	PALM2-AKAP2	PAQR8	PARP10	PARP11	PARP12	PARP14	PARP9	PCDH17	PDCD1LG2	PDZD2	PGAP1	PHF11	PID1	PIWIL4	PLEKHA4	PLSCR1	PLXDC2	PMAIP1	PNPT1	POLD1	POLI	PPM1K	PSMB8	PSMB9	PTAFR	RAI14	RARRES3	RASA2	RASGEF1B	RASGRP3	RGL1	RGS1	RHBDD2	RIN2	RNF213	RSAD2	RTCB	RTP4	RUFY4	S100A4	SAMD9	SAMD9L	SAMHD1	SDS	SECTM1	SERPINA1	SERPINB13	SERPINB3	SERPINB4	SERPING1	SIGLEC1	SLAMF7	SLC11A1	SLC15A3	SLC16A10	SLC1A5	SLC25A28	SLFN12L	SLFN5	SOCS1	SP100	SP110	SREK1IP1	C1 (Mx2)	C2 (STAT1)	C3 (MAVS)	C4 (BST2)	C5 (EIF2AK2)	C6 (RSAD2)	C7 (NTC1)	C8 (NTC2)	C9 (NTC3)	C10 (NTC4)	C11 (NTC5)
12.06.2020 10:12:00	0	4800759	3996349	4583084	3827540	3917798	5065141	3764090	3588143	4622746	4155093	3841766	4282671	4556920	4494598	4586754	4457009	5073450	4020610	4757475	5186931	4885251	4433524	4245284	5149237	4139917	4157411	4449394	5006023	4267651	4633965	4019854	3952609	3449859	3600433	3732350	4690842	4428832	4286558	3684831	3798208	3620012	2874292	445,9672	4425373	523,6749	0	2204,274	0	4816055	4655120	4478240	4878409	4736467	4431522	4487737	4775488	4633131	5761563	4871959	4755428	4699571	4649160	4775734	4668672	4119881	4344969	21450,9	2269,542	654,7214	0	0	813,0339	4876862	4900726	4572690	4466147	3923993	4853909	4771480	4145744	3857917	4086454	4448127	4445376	4649003	4048937	4107068	4822329	4789137	4368789	4423085	4353675	3994150	4345179	4207023
12.06.2020 13:12:00	3	5042224	4196815	4809947	4060678	4129820	5327472	3970308	3791903	4856990	4380660	4066413	4573460	4848103	4697419	4785476	4645969	5317349	4210928	4989101	5435616	5109738	4671934	4457505	5436959	4381348	4380752	4678035	5245147	4450115	4826875	4220375	4107710	3625304	3776713	3935421	5002399	4703988	4516835	3885378	3973865	3820032	3017416	1167,49	4628740	168,0259	0	2174,623	246,9264	5103148	4905476	4715284	5100155	4989450	4640900	4735592	5002099	4863038	5938395	5121912	5018232	4969747	4890495	5035079	4908037	4323971	4520301	22408,45	2500,791	565,5962	0	0	731,4067	5117849	5213686	4826004	4710756	4150356	5106885	5056160	4385771	4108726	4314332	4712043	4722739	4938488	4287794	4355513	5089627	5048985	4640373	4707804	4646985	4248881	4628922	4475318
12.06.2020 16:12:00	6	5420413	4508135	5131740	4354330	4427524	5674192	4247038	4059185	5179130	4680106	4366065	4890756	5221529	5035570	5104436	4959515	5678128	4509521	5355731	5824185	5492384	5024464	4790064	5824852	4721786	4736302	5011231	5643712	4781279	5168731	4510378	4419007	3891544	4072229	4230491	5386838	5015104	4846282	4192756	4270735	4114357	3254434	691,0191	4971352	277,6005	0	1597,438	199,3816	5475249	5288409	5038795	5477302	5361775	5003052	5081978	5360349	5202190	6262314	5528402	5388636	5346124	5266238	5407845	5263933	4637697	4838605	24697,42	2393,772	343,209	0	269,5912	781,8485	5475172	5606045	5185576	5054093	4447724	5479452	5431587	4718983	4411555	4646938	5085412	5092738	5305561	4622774	4693494	5449320	5418525	4980340	5054991	5004549	4583105	4977779	4832266
12.06.2020 19:12:00	9	5853534	4837639	5533080	4705029	4767751	6106765	4552805	4376474	5590888	5030665	4739360	5276490	5649168	5416323	5472451	5337394	6102242	4863938	5781615	6278669	5931914	5420829	5190075	6269051	5083196	5132732	5395692	6095379	5164105	5585501	4847797	4805813	4212453	4400806	4574201	5808906	5422711	5223337	4528924	4618388	4456769	3518604	511,4053	5359996	183,0221	0	1952,747	251,3571	5911729	5676360	5466884	5876335	5782304	5398702	5483961	5800144	5587329	6641477	5954168	5779765	5754420	5660770	5828382	5675344	4993351	5227398	25053,23	2582,077	513,9614	0	552,6449	596,2703	5907917	6045329	5572897	5443697	4823697	5883316	5841940	5099549	4765110	5029197	5509782	5461862	5724873	4997145	5074595	5864383	5866986	5377688	5456161	5405393	4957419	5371991	5234094
12.06.2020 22:12:00	12	6310280	5218527	5934099	5103085	5144579	6560248	4920148	4723200	6020331	5436088	5142749	5714200	6099893	5821708	5890844	5736244	6564975	5262003	6238357	6786834	6389801	5868613	5594731	6740721	5512879	5561787	5833921	6567340	5570267	6031385	5245995	5212457	4575604	4785026	4971519	6264967	5829068	5644408	4924258	5000165	4840375	3809871	716,9217	5809304	552,3041	0	1383,572	579,3995	6407608	6166840	5922520	6363973	6271938	5841747	5948475	6273281	6034217	7043136	6475572	6228439	6220134	6128892	6296216	6130563	5396465	5640910	27333,34	2915,061	261,7523	0	590,9875	554,349	6337429	6542568	6027484	5903975	5210831	6351195	6314859	5518262	5165120	5444990	5943393	5915032	6177612	5409167	5488388	6285713	6325304	5794269	5882508	5840404	5379469	5836579	5675528
13.06.2020 01:12:00	15	6817727	5622824	6410746	5541829	5534702	7085074	5334520	5111469	6483540	5875750	5593578	6200514	6616509	6305993	6375282	6203004	7056341	5721768	6762663	7373394	6894519	6373531	6087869	7294672	5971376	6020795	6325074	7106423	6032897	6535695	5678959	5664367	4987462	5226258	5417821	6789455	6315439	6120049	5356265	5428323	5277391	4152516	599,6785	6293017	411,0328	0	1239,915	355,4786	6941195	6695339	6430613	6863414	6799992	6349556	6418509	6808855	6529880	7539012	6999359	6732844	6709084	6650272	6861881	6591642	5844165	6113167	30830,53	3078,315	0	0	526,4015	520,4371	6861099	7082876	6521016	6377857	5644946	6879998	6811726	5962203	5600154	5903583	6464334	6405608	6683082	5856592	5953170	6794764	6847579	6269029	6370928	6340881	5843112	6348344	6168950
13.06.2020 04:12:00	18	7349190	6103961	6936329	6030195	5989086	7632024	5771877	5525555	7029419	6365746	6098488	6716947	7159265	6851150	6902877	6715734	7613628	6216106	7319931	7937766	7482018	6948912	6622608	7866079	6504107	6595020	6854993	7685913	6542558	7083980	6150748	6191898	5514914	5711147	5906430	7374644	6866657	6611047	5824623	5920631	5783888	4522244	580,422	6853163	334,3476	0	1103,415	0	7538105	7259664	7019133	7422607	7382681	6933087	6971857	7357102	7080432	8110347	7622759	7292280	7275031	7230807	7474806	7146114	6357177	6655927	34484,67	3726,902	0	0	579,0587	432,5047	7461027	7739669	7060289	6914445	6146659	7434750	7358977	6497758	6082870	6406150	7039852	6943737	7240921	6347069	6488311	7361816	7401523	6808703	6949415	6873031	6361419	6910441	6703341
13.06.2020 07:12:00	21	7989749	6658671	7519138	6548492	6525272	8257788	6256013	5999010	7614639	6925203	6645534	7319205	7748199	7433884	7498268	7312769	8265004	6756840	7934875	8635936	8104348	7547826	7201406	8528359	7070886	7163621	7460304	8349768	7129558	7725692	6682605	6750692	5966349	6233447	6478317	7983346	7416410	7163060	6340708	6436819	6331874	4935617	609,0511	7432018	0	0	726,1239	236,3609	8208820	7909870	7663187	8066799	8026418	7543458	7563209	7965823	7696007	8715861	8292127	7901904	7905161	7872338	8108508	7758874	6908175	7232232	37330,2	4047,958	0	0	674,1484	335,8813	8110288	8317200	7694761	7521005	6701644	8069878	7959374	7053067	6617839	6947121	7640979	7544491	7854704	6907000	7039778	7955790	8031596	7364381	7558680	7479720	6916700	7527425	7296455
13.06.2020 10:12:00	24	8609703	7219480	8098441	7108616	7080645	8880104	6787587	6518653	8201681	7466871	7232325	7931856	8408250	8020142	8106236	7895475	8896411	7331004	8594694	9383832	8791945	8212303	7806413	9239863	7675407	7784041	8147416	9001875	7743569	8435753	7254799	7370804	6537572	6822417	7069305	8664469	8063542	7780805	6921960	7016698	6883544	5382685	877,4494	8066049	0	0	263,7972	0	8898544	8578537	8353853	8727593	8710027	8208938	8225979	8639293	8351179	9360044	8997078	8584348	8553348	8545594	8847676	8390669	7510054	7841265	41690,18	4218,369	0	0	507,145	122,6964	8800952	9073294	8369012	8182136	7308072	8725839	8621535	7681137	7202848	7542147	8300102	8206360	8507720	7506323	7639178	8597697	8678921	7965634	8176711	8105099	7519114	8182369	7951683
13.06.2020 13:12:00	27	9321211	7823738	8861899	7723968	7712140	9613917	7377623	7097687	8863278	8076441	7865415	8596829	9109568	8774783	8779282	8544420	9665881	7983972	9336033	1,022247E+07	9558321	8950568	8535014	9964316	8396411	8516706	8872081	9809623	8443151	9185413	7883156	8012669	7169586	7465966	7712779	9441856	8728700	8438552	7558283	7669012	7546927	5879664	697,3243	8762978	0	0	568,6636	330,9394	9662789	9349711	9125298	9458493	9512971	8974239	8924886	9354161	9065611	1,007671E+07	9802102	9272287	9295507	9301472	9629529	9151874	8188563	8553772	45787,56	4425,59	0	0	563,3809	301,2878	9580251	9849212	9131066	8870019	7946376	9488745	9354252	8373642	7859156	8177552	9007832	8899353	9217057	8160555	8312327	9299929	9424297	8677441	8919825	8797881	8211233	8911225	8667348
13.06.2020 16:12:00	30	1,006204E+07	8503330	9570669	8413447	8382374	1,036674E+07	7974653	7693414	9591367	8748787	8566895	9336123	9867842	9509581	9532970	9292652	1,04551E+07	8695410	1,011684E+07	1,11423E+07	1,029579E+07	9750769	9283425	1,0789E+07	9116125	9270515	9656670	1,066605E+07	9210594	1,000135E+07	8568721	8796351	7842984	8177015	8409063	1,020064E+07	9502004	9209200	8249036	8395113	8257467	6456280	752,1968	9592248	0	0	520,7779	659,6633	1,049905E+07	1,014928E+07	9898134	1,026307E+07	1,034528E+07	9812309	9720352	1,014993E+07	9864998	1,085153E+07	1,065122E+07	1,004139E+07	1,00875E+07	1,013055E+07	1,04849E+07	9912243	8927840	9309091	50717,05	4756,87	0	0	544,8059	115,5391	1,035014E+07	1,067501E+07	9940307	9705705	8675117	1,030008E+07	1,014758E+07	9132313	8567730	8930223	9761389	9689628	9942637	8849278	9052391	1,002562E+07	1,019261E+07	9427172	9690977	9535354	8942916	9657531	9450095
13.06.2020 19:12:00	33	1,085286E+07	9247775	1,037255E+07	9130124	9055515	1,11525E+07	8687239	8368506	1,035081E+07	9441977	9289021	1,007958E+07	1,071091E+07	1,030489E+07	1,029938E+07	1,010214E+07	1,129893E+07	9424778	1,09736E+07	1,208205E+07	1,122057E+07	1,060714E+07	1,012784E+07	1,164013E+07	9871249	1,009894E+07	1,045524E+07	1,162213E+07	9987850	1,085119E+07	9270655	9602489	8604097	8900730	9169180	1,101713E+07	1,023579E+07	1,000047E+07	9016572	9162390	9034656	7074089	756,1163	1,041115E+07	0	95,26009	456,3623	539,012	1,134986E+07	1,104526E+07	1,079063E+07	1,110057E+07	1,121992E+07	1,06689E+07	1,054753E+07	1,100978E+07	1,065511E+07	1,172573E+07	1,14927E+07	1,080796E+07	1,091673E+07	1,103498E+07	1,136059E+07	1,072496E+07	9717815	1,014081E+07	54284,28	5558,997	0	0	517,7104	137,6926	1,122997E+07	1,151949E+07	1,077051E+07	1,051207E+07	9434158	1,113586E+07	1,097939E+07	9905585	9308003	9662591	1,063789E+07	1,051215E+07	1,078661E+07	9620943	9780865	1,084275E+07	1,104597E+07	1,015995E+07	1,053169E+07	1,031456E+07	9695792	1,050094E+07	1,026452E+07
13.06.2020 22:12:00	36	1,159968E+07	1,006203E+07	1,113301E+07	9869495	9810846	1,195592E+07	9373853	9074982	1,112109E+07	1,018195E+07	1,011035E+07	1,087519E+07	1,156943E+07	1,11957E+07	1,118879E+07	1,094247E+07	1,221168E+07	1,029264E+07	1,188175E+07	1,314167E+07	1,212875E+07	1,147409E+07	1,1006E+07	1,256002E+07	1,065262E+07	1,096685E+07	1,13503E+07	1,253128E+07	1,081359E+07	1,169228E+07	1,008161E+07	1,040588E+07	9517031	9749025	9995074	1,196751E+07	1,107472E+07	1,088211E+07	9838616	9973962	9827291	7762586	870,1217	1,135183E+07	0	0	0	373,2014	1,226506E+07	1,19935E+07	1,168117E+07	1,198209E+07	1,222145E+07	1,156647E+07	1,139976E+07	1,18922E+07	1,152183E+07	1,263337E+07	1,242979E+07	1,166926E+07	1,178104E+07	1,19394E+07	1,237822E+07	1,162947E+07	1,054004E+07	1,096115E+07	56115,7	5868,124	0	0	656,4255	299,5836	1,213501E+07	1,247891E+07	1,174552E+07	1,141519E+07	1,029883E+07	1,199975E+07	1,185207E+07	1,079501E+07	1,012234E+07	1,053028E+07	1,15023E+07	1,137418E+07	1,165691E+07	1,041606E+07	1,059412E+07	1,166287E+07	1,192686E+07	1,098913E+07	1,142913E+07	1,114514E+07	1,054897E+07	1,133624E+07	1,108576E+07
14.06.2020 01:12:00	39	1,246383E+07	1,084051E+07	1,188872E+07	1,067629E+07	1,059183E+07	1,283609E+07	1,013689E+07	9825596	1,197407E+07	1,102436E+07	1,092E+07	1,16906E+07	1,244672E+07	1,208827E+07	1,206818E+07	1,180843E+07	1,318271E+07	1,110316E+07	1,277862E+07	1,417341E+07	1,304134E+07	1,248818E+07	1,191326E+07	1,346725E+07	1,152336E+07	1,186399E+07	1,229665E+07	1,356498E+07	1,172898E+07	1,262307E+07	1,088933E+07	1,132795E+07	1,022418E+07	1,064948E+07	1,084683E+07	1,290017E+07	1,187982E+07	1,174998E+07	1,070586E+07	1,086348E+07	1,074051E+07	8505829	857,5113	1,227054E+07	0	0	0	277,6005	1,313947E+07	1,295961E+07	1,262544E+07	1,289496E+07	1,317818E+07	1,244525E+07	1,237981E+07	1,286356E+07	1,251088E+07	1,364393E+07	1,337831E+07	1,248251E+07	1,262468E+07	1,287042E+07	1,331958E+07	1,263357E+07	1,144924E+07	1,186346E+07	62658,82	7328,211	126,7862	0	382,5741	116,9024	1,302567E+07	1,341625E+07	1,270971E+07	1,233049E+07	1,118171E+07	1,282758E+07	1,27231E+07	1,165936E+07	1,099803E+07	1,141977E+07	1,248082E+07	1,225448E+07	1,25407E+07	1,127915E+07	1,145173E+07	1,257525E+07	1,281798E+07	1,182072E+07	1,230523E+07	1,202996E+07	1,139681E+07	1,221071E+07	1,205104E+07
14.06.2020 04:12:00	42	1,332538E+07	1,167504E+07	1,272012E+07	1,151628E+07	1,141131E+07	1,372306E+07	1,092334E+07	1,063218E+07	1,280726E+07	1,181995E+07	1,184772E+07	1,255065E+07	1,331927E+07	1,297776E+07	1,299347E+07	1,275593E+07	1,418519E+07	1,195565E+07	1,381185E+07	1,533012E+07	1,400231E+07	1,346817E+07	1,286106E+07	1,437444E+07	1,237434E+07	1,283253E+07	1,325974E+07	1,45943E+07	1,260546E+07	1,361688E+07	1,171002E+07	1,225582E+07	1,113937E+07	1,155913E+07	1,179306E+07	1,378857E+07	1,277733E+07	1,272734E+07	1,155997E+07	1,177358E+07	1,166967E+07	9311908	1056,211	1,328158E+07	220,5126	0	0	270,9545	1,404224E+07	1,396582E+07	1,355699E+07	1,386008E+07	1,424123E+07	1,342349E+07	1,338283E+07	1,388583E+07	1,348072E+07	1,464747E+07	1,442549E+07	1,33523E+07	1,353886E+07	1,387432E+07	1,436906E+07	1,351385E+07	1,234741E+07	1,278139E+07	69795,83	8185,381	155,245	0	453,2949	137,5222	1,404269E+07	1,444743E+07	1,371517E+07	1,326328E+07	1,213996E+07	1,384818E+07	1,373934E+07	1,264209E+07	1,191437E+07	1,234185E+07	1,349379E+07	1,31475E+07	1,343185E+07	1,219707E+07	1,231227E+07	1,348784E+07	1,377589E+07	1,280834E+07	1,324134E+07	1,29446E+07	1,230392E+07	1,320957E+07	1,29307E+07
14.06.2020 07:12:00	45	1,419256E+07	1,259051E+07	1,37248E+07	1,23919E+07	1,226826E+07	1,451185E+07	1,170133E+07	1,142726E+07	1,363702E+07	1,267355E+07	1,277172E+07	1,338583E+07	1,431532E+07	1,40548E+07	1,391874E+07	1,37669E+07	1,515826E+07	1,290223E+07	1,477845E+07	1,644732E+07	1,503982E+07	1,45132E+07	1,384266E+07	1,53243E+07	1,334401E+07	1,385377E+07	1,431477E+07	1,569042E+07	1,369153E+07	1,466958E+07	1,267341E+07	1,320726E+07	1,210479E+07	1,252257E+07	1,274501E+07	1,475931E+07	1,370385E+07	1,370978E+07	1,258447E+07	1,275861E+07	1,265702E+07	1,018581E+07	1149,767	1,435644E+07	240,962	0	0	514,9839	1,512273E+07	1,496211E+07	1,470112E+07	1,48087E+07	1,526754E+07	1,441296E+07	1,4324E+07	1,491945E+07	1,440468E+07	1,570526E+07	1,540494E+07	1,424995E+07	1,45352E+07	1,492859E+07	1,544018E+07	1,452001E+07	1,338328E+07	1,374781E+07	74948,05	8957,857	166,1513	0	0	119,629	1,502636E+07	1,542596E+07	1,470486E+07	1,429438E+07	1,31446E+07	1,483831E+07	1,464142E+07	1,36113E+07	1,291473E+07	1,33008E+07	1,446256E+07	1,41608E+07	1,438385E+07	1,310263E+07	1,325149E+07	1,440456E+07	1,478241E+07	1,362578E+07	1,420869E+07	1,391018E+07	1,334093E+07	1,417381E+07	1,389752E+07
14.06.2020 10:12:00	48	1,507794E+07	1,343177E+07	1,443392E+07	1,321782E+07	1,307331E+07	1,543613E+07	1,253161E+07	1,225173E+07	1,44528E+07	1,352878E+07	1,362253E+07	1,427978E+07	1,528827E+07	1,493472E+07	1,493009E+07	1,465372E+07	1,610971E+07	1,37465E+07	1,563747E+07	1,755146E+07	1,600882E+07	1,539555E+07	1,480918E+07	1,619818E+07	1,424238E+07	1,4885E+07	1,528357E+07	1,668512E+07	1,455494E+07	1,559106E+07	1,355223E+07	1,42714E+07	1,305609E+07	1,348707E+07	1,367467E+07	1,573354E+07	1,456868E+07	1,467086E+07	1,357821E+07	1,377912E+07	1,360736E+07	1,114831E+07	1237,188	1,531691E+07	248,9714	103,9511	0	271,1249	1,598126E+07	1,605047E+07	1,572279E+07	1,585399E+07	1,629495E+07	1,536635E+07	1,531849E+07	1,589129E+07	1,539456E+07	1,671673E+07	1,634537E+07	1,495594E+07	1,543449E+07	1,589648E+07	1,65017E+07	1,555662E+07	1,43827E+07	1,466304E+07	83473,91	9900,233	199,8928	0	0	117,2432	1,590987E+07	1,649312E+07	1,576539E+07	1,519403E+07	1,408433E+07	1,57158E+07	1,564798E+07	1,453121E+07	1,385293E+07	1,418622E+07	1,546929E+07	1,498346E+07	1,520241E+07	1,404245E+07	1,411716E+07	1,531294E+07	1,57566E+07	1,448469E+07	1,506613E+07	1,479434E+07	1,422415E+07	1,507304E+07	1,485268E+07
14.06.2020 13:12:00	51	1,595693E+07	1,431797E+07	1,529433E+07	1,41418E+07	1,392141E+07	1,628998E+07	1,32598E+07	1,303437E+07	1,537555E+07	1,435962E+07	1,451584E+07	1,504538E+07	1,620561E+07	1,593465E+07	1,582193E+07	1,568172E+07	1,716442E+07	1,467738E+07	1,673648E+07	1,867881E+07	1,702769E+07	1,644463E+07	1,574733E+07	1,719572E+07	1,517756E+07	1,59254E+07	1,629666E+07	1,77536E+07	1,555876E+07	1,658503E+07	1,439569E+07	1,524072E+07	1,406588E+07	1,452296E+07	1,466922E+07	1,680109E+07	1,558737E+07	1,562498E+07	1,455546E+07	1,483872E+07	1,466623E+07	1,214573E+07	1342,332	1,645335E+07	239,2579	95,94174	160,8686	686,0772	1,692253E+07	1,707446E+07	1,679932E+07	1,687626E+07	1,741956E+07	1,638043E+07	1,633348E+07	1,695131E+07	1,63281E+07	1,7709E+07	1,749396E+07	1,591865E+07	1,6253E+07	1,699757E+07	1,763051E+07	1,659834E+07	1,530756E+07	1,566146E+07	91405,05	10524,96	238,9171	0	0	118,0953	1,68425E+07	1,75218E+07	1,679468E+07	1,629511E+07	1,513439E+07	1,663468E+07	1,654363E+07	1,560421E+07	1,480568E+07	1,522831E+07	1,653648E+07	1,592168E+07	1,612075E+07	1,502193E+07	1,506262E+07	1,625533E+07	1,676184E+07	1,541777E+07	1,613055E+07	1,572024E+07	1,518709E+07	1,604552E+07	1,582914E+07
14.06.2020 16:12:00	54	1,684556E+07	1,525522E+07	1,628355E+07	1,500789E+07	1,477056E+07	1,710221E+07	1,413701E+07	1,395198E+07	1,62985E+07	1,529383E+07	1,547135E+07	1,592587E+07	1,715328E+07	1,688088E+07	1,681577E+07	1,664134E+07	1,814882E+07	1,56779E+07	1,773947E+07	1,982509E+07	1,801613E+07	1,749736E+07	1,670443E+07	1,819975E+07	1,612918E+07	1,693837E+07	1,745028E+07	1,8856E+07	1,651704E+07	1,765294E+07	1,531851E+07	1,62073E+07	1,505743E+07	1,551531E+07	1,579267E+07	1,779179E+07	1,646689E+07	1,667358E+07	1,562317E+07	1,593641E+07	1,575526E+07	1,32281E+07	1448,499	1,738246E+07	237,8946	0	0	235,8497	1,799061E+07	1,821799E+07	1,799105E+07	1,792858E+07	1,854955E+07	1,740742E+07	1,732848E+07	1,803791E+07	1,741271E+07	1,882885E+07	1,848773E+07	1,679031E+07	1,71742E+07	1,814507E+07	1,864536E+07	1,761694E+07	1,635068E+07	1,667051E+07	99368,89	12628,52	291,5743	0	0	113,835	1,794715E+07	1,855876E+07	1,793085E+07	1,741819E+07	1,617549E+07	1,75708E+07	1,759444E+07	1,664604E+07	1,579925E+07	1,631423E+07	1,765825E+07	1,695582E+07	1,711228E+07	1,589212E+07	1,596724E+07	1,727475E+07	1,77127E+07	1,642416E+07	1,713757E+07	1,664583E+07	1,622468E+07	1,713616E+07	1,678124E+07
14.06.2020 19:12:00	57	1,770144E+07	1,617861E+07	1,712688E+07	1,594271E+07	1,57094E+07	1,799301E+07	1,501777E+07	1,476646E+07	1,708912E+07	1,6138E+07	1,634886E+07	1,670471E+07	1,826414E+07	1,786964E+07	1,781826E+07	1,764302E+07	1,921858E+07	1,658216E+07	1,870848E+07	2,084251E+07	1,906446E+07	1,849045E+07	1,77966E+07	1,899324E+07	1,711957E+07	1,798368E+07	1,847455E+07	1,989776E+07	1,768336E+07	1,863051E+07	1,625535E+07	1,72166E+07	1,618993E+07	1,65753E+07	1,668598E+07	1,870824E+07	1,735921E+07	1,776373E+07	1,668018E+07	1,697795E+07	1,684019E+07	1,431876E+07	1566,424	1,861448E+07	238,2354	0	161,7206	446,1376	1,88603E+07	1,92658E+07	1,904092E+07	1,88351E+07	1,961331E+07	1,834942E+07	1,833247E+07	1,915624E+07	1,835561E+07	1,991207E+07	1,947243E+07	1,76312E+07	1,8207E+07	1,917984E+07	1,980475E+07	1,868195E+07	1,740415E+07	1,761038E+07	110032,2	13339,82	306,7409	0	127,1271	115,3687	1,886574E+07	1,95656E+07	1,905596E+07	1,841842E+07	1,725529E+07	1,865113E+07	1,865528E+07	1,768331E+07	1,685301E+07	1,73253E+07	1,874733E+07	1,789422E+07	1,799221E+07	1,693878E+07	1,696071E+07	1,818837E+07	1,87962E+07	1,728978E+07	1,811931E+07	1,75902E+07	1,714554E+07	1,807011E+07	1,784122E+07
14.06.2020 22:12:00	60	1,847109E+07	1,704768E+07	1,809687E+07	1,689405E+07	1,655464E+07	1,880314E+07	1,579786E+07	1,559123E+07	1,808038E+07	1,709615E+07	1,731057E+07	1,766592E+07	1,907973E+07	1,881205E+07	1,875577E+07	1,871896E+07	2,026778E+07	1,747502E+07	1,965735E+07	2,206292E+07	2,01717E+07	1,958275E+07	1,87716E+07	1,993992E+07	1,803249E+07	1,912737E+07	1,957326E+07	2,095087E+07	1,863334E+07	1,968513E+07	1,73046E+07	1,824155E+07	1,736785E+07	1,760353E+07	1,786181E+07	1,964418E+07	1,824121E+07	1,88241E+07	1,768445E+07	1,799604E+07	1,797472E+07	1,539156E+07	1651,289	1,960742E+07	246,0744	0	180,9771	399,2744	1,985413E+07	2,02919E+07	2,014716E+07	1,980396E+07	2,064573E+07	1,944084E+07	1,945338E+07	2,023499E+07	1,948133E+07	2,083037E+07	2,058926E+07	1,861252E+07	1,913285E+07	2,0269E+07	2,099726E+07	1,969598E+07	1,853119E+07	1,870063E+07	119105,5	14615,35	335,5405	0	0	98,66833	1,991538E+07	2,074953E+07	2,01712E+07	1,947352E+07	1,825487E+07	1,956261E+07	1,952241E+07	1,864864E+07	1,79095E+07	1,827114E+07	1,973463E+07	1,895965E+07	1,889715E+07	1,789473E+07	1,785286E+07	1,917322E+07	1,98051E+07	1,81963E+07	1,914089E+07	1,863229E+07	1,819639E+07	1,906599E+07	1,878909E+07
15.06.2020 01:12:00	63	1,935025E+07	1,78816E+07	1,897434E+07	1,775288E+07	1,749346E+07	1,975661E+07	1,660778E+07	1,647267E+07	1,89229E+07	1,796381E+07	1,814902E+07	1,847057E+07	2,001036E+07	1,97508E+07	1,982718E+07	1,976939E+07	2,124591E+07	1,842456E+07	2,070114E+07	2,332364E+07	2,116925E+07	2,055567E+07	1,993448E+07	2,081479E+07	1,902237E+07	2,018384E+07	2,070211E+07	2,19804E+07	1,97512E+07	2,062241E+07	1,829897E+07	1,941052E+07	1,843482E+07	1,864256E+07	1,889825E+07	2,066192E+07	1,923114E+07	1,99575E+07	1,876105E+07	1,919933E+07	1,903198E+07	1,648165E+07	1691,165	2,079542E+07	257,1512	0	0	468,9728	2,091177E+07	2,154637E+07	2,123704E+07	2,097776E+07	2,187438E+07	2,046654E+07	2,058373E+07	2,125019E+07	2,053817E+07	2,192299E+07	2,175254E+07	1,938687E+07	2,012591E+07	2,145244E+07	2,203764E+07	2,08534E+07	1,954276E+07	1,978502E+07	135831,4	15653,33	367,4075	0	0	110,5971	2,080918E+07	2,189296E+07	2,142935E+07	2,056831E+07	1,939829E+07	2,053887E+07	2,066569E+07	1,983585E+07	1,900233E+07	1,936498E+07	2,083323E+07	1,990145E+07	1,989508E+07	1,889366E+07	1,885628E+07	2,012366E+07	2,080174E+07	1,915937E+07	2,01099E+07	1,956874E+07	1,919254E+07	2,010273E+07	1,978717E+07
15.06.2020 04:12:00	66	2,021449E+07	1,88575E+07	1,994574E+07	1,86561E+07	1,830229E+07	2,060757E+07	1,749619E+07	1,739649E+07	1,983066E+07	1,888225E+07	1,913223E+07	1,942544E+07	2,109824E+07	2,072463E+07	2,073203E+07	2,072587E+07	2,216648E+07	1,94838E+07	2,165965E+07	2,432775E+07	2,209277E+07	2,154989E+07	2,089036E+07	2,172177E+07	2,007137E+07	2,138928E+07	2,166045E+07	2,304169E+07	2,063987E+07	2,169409E+07	1,923852E+07	2,053786E+07	1,944734E+07	1,98128E+07	1,994601E+07	2,162926E+07	2,017096E+07	2,094958E+07	2,00337E+07	2,043392E+07	2,014017E+07	1,75484E+07	1769,043	2,197743E+07	225,7954	93,8968	0	212,8441	2,193076E+07	2,260635E+07	2,239723E+07	2,196961E+07	2,311203E+07	2,1401E+07	2,154605E+07	2,244791E+07	2,158808E+07	2,294901E+07	2,274464E+07	2,042358E+07	2,103611E+07	2,259645E+07	2,313907E+07	2,204891E+07	2,068927E+07	2,086128E+07	143793,3	18137,08	391,2651	0	0	107,8706	2,186319E+07	2,297114E+07	2,253476E+07	2,178027E+07	2,054517E+07	2,163096E+07	2,16101E+07	2,087009E+07	2,010442E+07	2,042887E+07	2,192437E+07	2,085535E+07	2,07938E+07	1,973687E+07	1,987067E+07	2,114447E+07	2,187544E+07	2,026406E+07	2,121639E+07	2,058192E+07	2,025383E+07	2,107354E+07	2,082474E+07
15.06.2020 07:12:00	69	2,105725E+07	1,970147E+07	2,077686E+07	1,959292E+07	1,929539E+07	2,146714E+07	1,831276E+07	1,830082E+07	2,065244E+07	1,968037E+07	2,014166E+07	2,031028E+07	2,203763E+07	2,183406E+07	2,185308E+07	2,173652E+07	2,296621E+07	2,036551E+07	2,273342E+07	2,54359E+07	2,316383E+07	2,245514E+07	2,176905E+07	2,256465E+07	2,099183E+07	2,244344E+07	2,287933E+07	2,417199E+07	2,182861E+07	2,283916E+07	2,03132E+07	2,169704E+07	2,069912E+07	2,094977E+07	2,108356E+07	2,267036E+07	2,107536E+07	2,20427E+07	2,112003E+07	2,150329E+07	2,139476E+07	1,865754E+07	1875,721	2,300445E+07	229,374	0	196,1438	263,2859	2,286984E+07	2,361578E+07	2,338386E+07	2,30957E+07	2,397494E+07	2,245058E+07	2,274266E+07	2,373106E+07	2,274806E+07	2,390797E+07	2,366518E+07	2,123277E+07	2,191339E+07	2,356702E+07	2,434169E+07	2,316976E+07	2,185348E+07	2,191689E+07	157709	18985,56	390,7538	157,9716	0	124,7413	2,301752E+07	2,407149E+07	2,377347E+07	2,272461E+07	2,169425E+07	2,255393E+07	2,254131E+07	2,197084E+07	2,111814E+07	2,152228E+07	2,292809E+07	2,168112E+07	2,173031E+07	2,079259E+07	2,070049E+07	2,216501E+07	2,305961E+07	2,112398E+07	2,21954E+07	2,159319E+07	2,117601E+07	2,214333E+07	2,180594E+07
