Vessel Name: 16042020_InCu_KaKr_KK1-58_P0_2
Metric: GFP Integrated Intensity Per Image (GCU x µm²/Image)
Cell Type: 
Passage: 0
Notes: 
Analysis: KaKr-A549-H2B-GFP/-RFP_DEFv10

Date Time	Elapsed	AC005013.1	ACE2	ACO1	ADAM12	ADAMDEC1	ADAR	ADORA3	AIM2	AKAP2	ALOX5AP	ANKRD22	APOBEC3A	APOBEC3G	APOL1	APOL2	APOL3	APOL4	APOL6	ARAP1	ARL9	ASGR1	ATF3	ATF7IP	ATXN1	BATF	BATF2	BRD3	BST2	C19ORF66	C6ORF100	C9ORF91	CAPN15	CASP1	CBFA2T3	CCL13	CCL2	CCL24	CCL7	CCL8	CCNA1	CCR1	CCR2	CD180	CD274	CD38	CD69	CD80	CEACAM1	CFB	CFHR1	CH25H	CHST2	CLEC5A	CLECL1	CMKLR1	CMPK2	CNP	CTAGE1	CX3CR1	CXCL10	CXCL11	CXCL3	CXCL9	CYP2J2	DCT	DDX58	DDX60	DDX60L	DEFB1	DHX58	DOK1	DOK2	DOK3	DTX3L	DUSP7	EIF2AK2	EMP1	EMR3	ENG	ENPP2	EPHB2	EPSTI1	ETV7	EVI2A	C1 (Mx2)	C2 (STAT1)	C3 (MAVS)	C4 (BST2)	C5 (EIF2AK2)	C6 (RSAD2)	C7 (NTC1)	C8 (NTC2)	C9 (NTC3)	C10 (NTC4)	C11 (NTC5)
16.04.2020 18:25:00	0	4956612	4543624	5257935	4641066	5065163	4753287	4233555	4294140	3730694	3851517	4242133	3979139	3422472	3655697	4099792	4052165	4981506	4589272	4447220	5049291	3816968	4531975	3654926	4044405	3864664	4653845	5437737	3843864	4942426	5178766	4109723	4062109	4541867	4036431	3403734	3904412	4072168	4274533	4602683	4918730	4896575	4361074	4561385	4223876	4600532	4568975	4538203	3881518	4434976	4567860	3235509	3625070	4038464	3559324	3554376	3571957	3378890	3782686	3729742	3378053	3463870	4316373	4239316	4369374	3798595	3027335	3376836	3436519	3377585	2588594	3080843	3163955	5373005	4296047	4629148	4524446	3185824	4146133	2517145	4014244	4259668	4283734	3780965	4268919	2778424	3073525	4188938	2954838	3832442	4287584	2555501	3836126	3151129	3573799	3293856
16.04.2020 21:25:00	3	5201637	4751500	5470003	4849055	5273766	4932438	4393325	4477117	3877773	4021494	4399089	4120643	3554256	3813373	4241263	4208703	5158353	4762830	4620014	5214267	3942662	4695088	3799492	4221721	4014310	4816643	5630002	3980686	5117332	5396116	4232616	4208782	4732083	4171968	3515735	4076989	4211152	4422432	4771361	5082639	5065528	4503870	4739345	4401346	4788884	4744859	4705380	4037825	4631976	4784081	3351044	3754297	4187349	3687078	3677266	3695669	3474707	3926759	3871938	3527504	3645048	4528861	4433318	4546658	3955528	3160559	3577442	3604591	3547574	2710704	3199440	3304548	5571742	4463265	4798479	4688275	3301744	4299667	2634492	4173788	4400478	4450670	3899103	4447450	2933318	3214590	4348226	3066116	4014753	4492807	2700049	4050197	3332488	3774460	3478625
17.04.2020 00:25:00	6	5434061	4998801	5730279	5061759	5494153	5137587	4599212	4687326	4062101	4193990	4590813	4271034	3735262	3993064	4432914	4366825	5372787	4954950	4841035	5440763	4115929	4925299	3977781	4402278	4197027	5021928	5850405	4107075	5309109	5689517	4431744	4392448	4960411	4351413	3668011	4259812	4395856	4661028	4990192	5296303	5312859	4703556	4966452	4615475	5029353	4976006	4920263	4200667	4852410	5041933	3487698	3921974	4399520	3849327	3852323	3861221	3612448	4103882	4054852	3709656	3855840	4749203	4661365	4773333	4163192	3326273	3808983	3803990	3726164	2860871	3344194	3450354	5782735	4659057	5014395	4881197	3451692	4464365	2779232	4359491	4582311	4638515	4053666	4647377	3101231	3375128	4538615	3175117	4209212	4718844	2862038	4268303	3518930	3993469	3670061
17.04.2020 03:25:00	9	5698959	5274000	6038299	5310864	5773303	5368350	4807524	4926774	4261136	4411956	4805243	4493787	3881476	4204099	4665717	4562115	5648029	5183641	5076735	5670521	4305087	5158176	4207092	4636048	4399644	5258002	6153822	4265016	5552315	5978250	4634953	4601130	5201383	4571923	3865941	4483520	4586449	4893694	5236423	5589915	5609653	4944635	5250438	4896803	5286602	5234677	5162666	4407792	5114896	5314992	3662178	4117338	4637531	4068273	4076983	4074714	3766229	4331319	4267649	3911656	4083784	5008165	4915847	5059833	4397547	3526741	4079429	4049979	3944980	3041924	3508743	3620977	6030789	4877191	5248037	5123705	3624982	4671435	2934546	4591909	4810593	4856693	4225687	4885027	3266879	3543674	4755647	3324542	4430596	4958112	3028871	4512328	3727744	4237896	3903627
17.04.2020 06:25:00	12	6013296	5575351	6346281	5579678	6066254	5644113	5073597	5188361	4472015	4647325	5057019	4751181	4117282	4465458	4909413	4766411	5922999	5454145	5363944	5932796	4490839	5421137	4435494	4892692	4629191	5533019	6451499	4434258	5824396	6280714	4853432	4827565	5486100	4771544	4063031	4731714	4831839	5162111	5495998	5869574	5921141	5220651	5543501	5181235	5597005	5533485	5443456	4660650	5371311	5612061	3836621	4319506	4885178	4275863	4327571	4301148	3941232	4583555	4493595	4124328	4350372	5324832	5192569	5341889	4647854	3732041	4379565	4310978	4191655	3234384	3692862	3822407	6311965	5123640	5506724	5362120	3814336	4882028	3108803	4843473	5019373	5092655	4400758	5124624	3451000	3728838	4968541	3477035	4672150	5219779	3195870	4748034	3937103	4496454	4123080
17.04.2020 09:25:00	15	6355512	5919015	6727870	5919500	6393867	5952988	5319736	5510071	4739569	4931181	5353859	5030093	4356140	4739052	5218911	5028528	6316387	5721104	5635497	6245940	4734019	5746413	4697717	5177172	4871011	5830097	6776731	4629623	6100907	6634837	5082168	5101161	5810216	5067033	4279848	5000531	5097683	5387210	5848900	6220347	6257481	5486804	5837093	5505665	5922995	5870683	5731529	4892696	5688291	5931430	4065537	4556720	5134205	4533262	4606088	4577292	4123855	4834970	4756993	4370009	4636148	5636503	5540734	5694073	4901879	3958167	4718768	4607608	4469868	3463449	3893647	4044119	6630437	5387928	5841774	5642280	4023334	5132733	3310811	5121253	5326637	5387771	4605824	5423070	3687245	3946595	5243779	3648004	4950891	5531859	3413454	5104659	4230005	4840491	4429296
17.04.2020 12:25:00	18	6685565	6300302	7152182	6266366	6756015	6298976	5613609	5844810	5033728	5240962	5663246	5311211	4609867	5043864	5568517	5306086	6701937	6047819	6028548	6577183	5013574	6122592	5032526	5476718	5147201	6190216	7148015	4857904	6477976	7098419	5394337	5414941	6137277	5374641	4557788	5292530	5384121	5756437	6199979	6628309	6708504	5847859	6251334	5859638	6296956	6272242	6119863	5150461	6037142	6324396	4316474	4830801	5497365	4840390	4897944	4878688	4323911	5156478	5088101	4641727	5006149	6062538	5930773	6050679	5252761	4254073	5109043	4922160	4752438	3717943	4150406	4264307	6962814	5728998	6193164	5952406	4249325	5404664	3540430	5435566	5640628	5711792	4882567	5776258	3962905	4209143	5567476	3837726	5256423	5887196	3661303	5473390	4535623	5226591	4753396
17.04.2020 15:25:00	21	7089745	6721343	7614933	6657222	7179951	6670949	5929481	6207821	5348318	5554991	6003699	5643646	4886904	5388177	5931383	5628107	7147474	6416722	6394605	6977728	5321023	6517985	5367373	5841705	5496393	6580634	7557466	5108010	6851692	7534033	5699559	5772560	6576804	5722288	4827754	5684536	5712898	6145048	6616512	7058595	7165743	6195276	6678532	6289009	6750956	6738983	6483479	5487170	6427558	6748843	4592895	5137787	5824900	5163986	5268297	5201078	4592943	5529724	5412963	5006850	5374422	6485379	6343220	6498049	5582188	4554027	5524771	5306563	5132858	4021145	4411201	4564662	7319507	6091494	6590041	6346911	4560285	5738945	3799395	5830774	5985279	6091551	5161084	6159468	4240799	4497388	5886881	4085091	5636676	6260569	3950448	5857122	4911475	5652078	5138635
17.04.2020 18:25:00	24	7533729	7195817	8106059	7079382	7633211	7105979	6260593	6604906	5695817	5922745	6405720	6003005	5220238	5782923	6370859	5975838	7648356	6816960	6841386	7388389	5644066	6934884	5734351	6233356	5828080	6979809	8001302	5396959	7286521	8046830	6069794	6162981	6994324	6108490	5157119	6058044	6036529	6504893	7071681	7542799	7667746	6622016	7081706	6732875	7210589	7197268	6926988	5827329	6831220	7224275	4900472	5487567	6241220	5552071	5643984	5580268	4871816	5871187	5806081	5379247	5793126	6946126	6818670	6965441	5981133	4914462	5989227	5695368	5509849	4340201	4714204	4862809	7754821	6471091	7024698	6749249	4876234	6080393	4091941	6237603	6367894	6496034	5486819	6560069	4570461	4819205	6249005	4346016	6037569	6691388	4246390	6314436	5293853	6097997	5543237
17.04.2020 21:25:00	27	7993707	7682418	8611879	7559376	8105911	7553747	6644612	7086672	6074679	6305480	6848649	6370077	5534121	6212012	6810900	6351450	8160563	7244758	7310224	7836377	6009498	7419604	6120259	6627745	6186640	7454807	8519501	5720091	7697111	8589778	6456437	6565895	7477075	6496777	5519934	6469481	6454914	6954600	7556289	8032107	8143415	7019985	7613623	7225579	7721454	7698935	7388136	6198426	7286682	7743045	5241491	5857796	6666349	5963486	6057372	5988748	5186628	6285504	6217953	5772168	6235384	7446868	7308259	7431296	6391695	5285754	6482840	6135914	5916707	4675004	5039838	5181922	8202439	6926154	7454008	7190414	5211176	6478709	4421675	6710925	6782159	6941743	5802481	6996646	4902507	5159579	6614955	4621995	6449233	7155555	4584684	6799305	5712427	6574214	5986810
18.04.2020 00:25:00	30	8420189	8175032	9146358	8044127	8629247	8025488	7142254	7586829	6497267	6734763	7292585	6809606	5894160	6630044	7343781	6775245	8709021	7705434	7832621	8302447	6379156	7903943	6609052	7070223	6590962	7899486	8997881	6004794	8243353	9249354	6932260	7009165	7953344	6976753	5940804	6923417	6881608	7486385	8009059	8559455	8745113	7541687	8148282	7704462	8268041	8241764	7929466	6602053	7831247	8251605	5630324	6235486	7178851	6438584	6531657	6407422	5506625	6752252	6697205	6178085	6743842	8033331	7859718	8005120	6897522	5715742	7037053	6600314	6368390	5071953	5415411	5531046	8704348	7438254	7943924	7671780	5616989	6909615	4770078	7158233	7258757	7401572	6214592	7451473	5303502	5529882	7052419	4923646	6928101	7659594	4947490	7281845	6184373	7069888	6411741
18.04.2020 03:25:00	33	8991643	8762364	9736867	8568615	9168155	8490908	7554521	8080278	6933532	7188955	7754736	7247235	6319728	7145016	7871153	7234719	9262337	8178070	8362404	8790705	6843559	8429106	7067380	7538613	7006340	8459296	9599343	6401350	8694131	9798329	7395321	7519302	8495590	7467414	6366601	7370163	7348987	8016357	8592098	9172819	9303782	8037897	8711784	8304805	8819188	8804715	8433152	7011633	8266473	8855467	6034527	6708010	7643533	6884298	6989746	6934425	5872994	7200786	7133748	6659346	7279180	8575566	8383315	8529797	7383838	6194046	7596496	7130231	6871308	5460719	5776347	5921981	9131662	7877260	8483426	8137039	6028544	7310377	5173398	7717076	7751461	7943616	6593019	7982211	5656103	5930943	7534796	5254415	7433082	8136818	5334008	7831597	6661391	7651968	6961853
18.04.2020 06:25:00	36	9530023	9348901	1,034053E+07	9100592	9737280	9037279	8027809	8629493	7406146	7632510	8229357	7672034	6781103	7665489	8472977	7706343	9872285	8728769	8927980	9328446	7301387	8972703	7569137	8057769	7447211	9003598	1,012255E+07	6786958	9279678	1,049626E+07	7877445	8029132	9083489	7982688	6809765	7888866	7798688	8560134	9170767	9814651	1,002912E+07	8608050	9367260	8906791	9456558	9396868	9053505	7463217	8832425	9489011	6458622	7202728	8247099	7417887	7594500	7436415	6258628	7742585	7668957	7121027	7834194	9208756	8981693	9125590	7915675	6702267	8279539	7717167	7388364	5929824	6214402	6339860	9667134	8449791	9026410	8683100	6481436	7862310	5605965	8275070	8249437	8491795	7022154	8492305	6097248	6365842	7974875	5612402	7975996	8725645	5757813	8403291	7175687	8245158	7522524
18.04.2020 09:25:00	39	1,007865E+07	9953615	1,099045E+07	9673869	1,031131E+07	9584031	8536446	9222274	7899278	8130379	8736663	8168939	7222716	8255147	9050913	8217308	1,053567E+07	9324076	9543910	9885546	7801249	9583800	8148783	8551718	7920301	9593078	1,075536E+07	7226161	9860717	1,12057E+07	8434578	8574545	9720607	8529597	7294022	8384702	8320495	9178275	9830717	1,047696E+07	1,07511E+07	9202619	1,005604E+07	9537672	1,012214E+07	1,004172E+07	9639600	7923818	9419060	1,017561E+07	6926082	7717256	8825652	7984550	8212508	8021590	6699209	8284072	8250507	7683662	8420080	9921776	9662532	9788547	8493773	7262064	9017742	8342938	7982777	6403206	6664673	6786296	1,02377E+07	9051513	9664025	9244143	6959842	8373157	6094161	8865779	8813427	9087914	7500265	9044807	6657085	6845558	8524385	5968256	8514967	9308243	6190348	9030211	7737719	8899243	8095411
18.04.2020 12:25:00	42	1,067103E+07	1,064093E+07	1,165441E+07	1,025153E+07	1,093019E+07	1,01472E+07	9069652	9854352	8460044	8694599	9256300	8649303	7689423	8874395	9754838	8799659	1,122532E+07	9939770	1,020773E+07	1,048122E+07	8343731	1,023506E+07	8736746	9130597	8477167	1,024186E+07	1,142212E+07	7678835	1,053138E+07	1,191854E+07	9000006	9154784	1,035843E+07	9187437	7840679	8937661	8911387	9867395	1,052207E+07	1,12543E+07	1,148808E+07	9863435	1,07849E+07	1,027736E+07	1,086857E+07	1,076807E+07	1,030164E+07	8417607	1,005264E+07	1,097199E+07	7448865	8272927	9495114	8608030	8858732	8638083	7157697	8898128	8875644	8227971	9098710	1,066177E+07	1,035637E+07	1,056109E+07	9111991	7874182	9804527	8992956	8635736	6937732	7186265	7270190	1,076558E+07	9671101	1,033872E+07	9902799	7506095	8964524	6638142	9566754	9451887	9757570	8022844	9646980	7208518	7388023	9077495	6374730	9139333	9941109	6732454	9702701	8364130	9597997	8720185
18.04.2020 15:25:00	45	1,133759E+07	1,140188E+07	1,237887E+07	1,093079E+07	1,170676E+07	1,077757E+07	9659185	1,052764E+07	9085132	9315570	9936607	9289828	8342517	9632071	1,061643E+07	9452870	1,20206E+07	1,068782E+07	1,095338E+07	1,120529E+07	8957636	1,096032E+07	9407334	9795866	9103821	1,104481E+07	1,21835E+07	8237672	1,130189E+07	1,283249E+07	9654032	9878881	1,114113E+07	9896627	8480704	9563789	9577136	1,071325E+07	1,128978E+07	1,214775E+07	1,242382E+07	1,064725E+07	1,161453E+07	1,110264E+07	1,166299E+07	1,157597E+07	1,104699E+07	8967817	1,076723E+07	1,185583E+07	8079735	8965574	1,026042E+07	9354173	9592332	9349420	7747665	9658182	9603039	8934202	9865710	1,15643E+07	1,121581E+07	1,140033E+07	9892551	8593492	1,066101E+07	9836364	9367329	7605166	7765798	7838506	1,145257E+07	1,048207E+07	1,11041E+07	1,06828E+07	8173276	9613497	7266813	1,033065E+07	1,014369E+07	1,055438E+07	8634572	1,036388E+07	7802053	8024598	9732322	6891499	9877164	1,072211E+07	7369184	1,042887E+07	9075845	1,039684E+07	9456205
18.04.2020 18:25:00	48	1,192159E+07	1,199548E+07	1,308122E+07	1,163298E+07	1,231935E+07	1,138362E+07	1,020175E+07	1,117013E+07	9654729	9768127	1,048332E+07	9738673	8915976	1,031796E+07	1,128832E+07	1,008495E+07	1,27361E+07	1,129788E+07	1,164909E+07	1,18746E+07	9555083	1,169816E+07	1,008769E+07	1,036632E+07	9656724	1,170767E+07	1,288715E+07	8781919	1,198834E+07	1,359152E+07	1,029422E+07	1,049901E+07	1,182425E+07	1,051421E+07	9051965	1,018686E+07	1,012316E+07	1,146858E+07	1,200134E+07	1,299641E+07	1,319022E+07	1,134965E+07	1,234856E+07	1,189831E+07	1,245676E+07	1,234493E+07	1,174377E+07	9515555	1,134426E+07	1,261508E+07	8689136	9595231	1,096911E+07	1,00439E+07	1,029034E+07	1,004096E+07	8299759	1,03395E+07	1,025239E+07	9535879	1,053612E+07	1,229086E+07	1,201192E+07	1,217064E+07	1,055633E+07	9288480	1,15099E+07	1,056281E+07	1,008813E+07	8214297	8335288	8379042	1,202582E+07	1,112013E+07	1,184991E+07	1,133588E+07	8747511	1,025694E+07	7877212	1,104627E+07	1,078023E+07	1,127156E+07	9191041	1,097601E+07	8341188	8577760	1,03328E+07	7339538	1,05259E+07	1,142108E+07	7961522	1,117175E+07	9751704	1,117229E+07	1,012245E+07
18.04.2020 21:25:00	51	1,250458E+07	1,269762E+07	1,373426E+07	1,223289E+07	1,300695E+07	1,202931E+07	1,083139E+07	1,180041E+07	1,029489E+07	1,038591E+07	1,104335E+07	1,02529E+07	9526399	1,105957E+07	1,207311E+07	1,069715E+07	1,349378E+07	1,203793E+07	1,236411E+07	1,253877E+07	1,019632E+07	1,239682E+07	1,071659E+07	1,100204E+07	1,024064E+07	1,244848E+07	1,359224E+07	9346448	1,269522E+07	1,435475E+07	1,101586E+07	1,122122E+07	1,259488E+07	1,125928E+07	9682235	1,075087E+07	1,071205E+07	1,223289E+07	1,273664E+07	1,379066E+07	1,412753E+07	1,210053E+07	1,318999E+07	1,268977E+07	1,323266E+07	1,309689E+07	1,247928E+07	1,008545E+07	1,207377E+07	1,348477E+07	9306763	1,031035E+07	1,167652E+07	1,072492E+07	1,102233E+07	1,077856E+07	8873023	1,103923E+07	1,095847E+07	1,016393E+07	1,123546E+07	1,317811E+07	1,277343E+07	1,297848E+07	1,129947E+07	1,003768E+07	1,241882E+07	1,136247E+07	1,085118E+07	8874678	8911061	8939827	1,260037E+07	1,186209E+07	1,262202E+07	1,206726E+07	9356919	1,084637E+07	8534206	1,178906E+07	1,146741E+07	1,203251E+07	9801319	1,162584E+07	8969047	9176057	1,094937E+07	7844287	1,118571E+07	1,207589E+07	8549106	1,185254E+07	1,043489E+07	1,189301E+07	1,081759E+07
19.04.2020 00:25:00	54	1,308488E+07	1,342489E+07	1,43776E+07	1,296724E+07	1,363991E+07	1,268047E+07	1,139433E+07	1,246614E+07	1,097032E+07	1,099331E+07	1,158475E+07	1,074708E+07	1,009984E+07	1,176915E+07	1,286527E+07	1,145625E+07	1,431172E+07	1,277082E+07	1,313686E+07	1,324024E+07	1,083774E+07	1,315175E+07	1,143447E+07	1,161598E+07	1,086953E+07	1,318939E+07	1,427858E+07	9949891	1,342618E+07	1,522584E+07	1,171808E+07	1,195377E+07	1,341168E+07	1,197287E+07	1,037953E+07	1,139533E+07	1,139929E+07	1,296952E+07	1,35011E+07	1,464126E+07	1,496219E+07	1,295216E+07	1,39922E+07	1,356523E+07	1,407938E+07	1,394465E+07	1,319204E+07	1,064127E+07	1,28232E+07	1,42549E+07	9992836	1,103523E+07	1,246251E+07	1,150166E+07	1,189337E+07	1,154635E+07	9453141	1,179893E+07	1,16583E+07	1,082998E+07	1,202245E+07	1,408485E+07	1,361434E+07	1,384252E+07	1,203128E+07	1,084988E+07	1,33702E+07	1,2225E+07	1,166666E+07	9592335	9566428	9506910	1,330099E+07	1,258947E+07	1,339561E+07	1,279452E+07	1,002267E+07	1,155043E+07	9247655	1,253653E+07	1,225179E+07	1,276677E+07	1,044164E+07	1,23413E+07	9621664	9771884	1,160718E+07	8368720	1,187743E+07	1,277942E+07	9105232	1,258749E+07	1,116076E+07	1,26737E+07	1,159122E+07
19.04.2020 03:25:00	57	1,37141E+07	1,408094E+07	1,516941E+07	1,36198E+07	1,433195E+07	1,331929E+07	1,201112E+07	1,319653E+07	1,167433E+07	1,161802E+07	1,219059E+07	1,128996E+07	1,075021E+07	1,256324E+07	1,3721E+07	1,220307E+07	1,505654E+07	1,350676E+07	1,391635E+07	1,398365E+07	1,155614E+07	1,391252E+07	1,212544E+07	1,225634E+07	1,148107E+07	1,400134E+07	1,500504E+07	1,057697E+07	1,419458E+07	1,608536E+07	1,246244E+07	1,270472E+07	1,424082E+07	1,280432E+07	1,103971E+07	1,201536E+07	1,202322E+07	1,385039E+07	1,428546E+07	1,550059E+07	1,583519E+07	1,36844E+07	1,479596E+07	1,440337E+07	1,49826E+07	1,477516E+07	1,396446E+07	1,12112E+07	1,344628E+07	1,519019E+07	1,067748E+07	1,179467E+07	1,3343E+07	1,230565E+07	1,268464E+07	1,232135E+07	1,01047E+07	1,256139E+07	1,240339E+07	1,152511E+07	1,271577E+07	1,500619E+07	1,451536E+07	1,476313E+07	1,287917E+07	1,172922E+07	1,430806E+07	1,308974E+07	1,254507E+07	1,029807E+07	1,022922E+07	1,010512E+07	1,391647E+07	1,346644E+07	1,421841E+07	1,356034E+07	1,074917E+07	1,224446E+07	1,000344E+07	1,337449E+07	1,296165E+07	1,364716E+07	1,108417E+07	1,295462E+07	1,024808E+07	1,04873E+07	1,228463E+07	8919584	1,257722E+07	1,34426E+07	9748268	1,329929E+07	1,189404E+07	1,350024E+07	1,236007E+07
19.04.2020 06:25:00	60	1,43371E+07	1,494302E+07	1,593521E+07	1,437532E+07	1,511472E+07	1,409742E+07	1,271891E+07	1,395951E+07	1,235783E+07	1,232409E+07	1,287179E+07	1,19932E+07	1,137779E+07	1,333768E+07	1,454106E+07	1,293431E+07	1,595952E+07	1,431122E+07	1,473091E+07	1,479244E+07	1,230136E+07	1,475193E+07	1,294359E+07	1,295549E+07	1,208691E+07	1,468115E+07	1,570846E+07	1,119402E+07	1,501864E+07	1,690223E+07	1,319715E+07	1,34172E+07	1,49842E+07	1,360051E+07	1,176441E+07	1,26428E+07	1,26925E+07	1,470752E+07	1,522524E+07	1,636855E+07	1,688918E+07	1,457067E+07	1,570513E+07	1,536279E+07	1,588165E+07	1,562691E+07	1,485627E+07	1,191082E+07	1,426749E+07	1,612161E+07	1,138457E+07	1,254123E+07	1,4209E+07	1,305451E+07	1,363275E+07	1,315537E+07	1,078667E+07	1,334292E+07	1,324564E+07	1,222681E+07	1,349835E+07	1,582923E+07	1,544981E+07	1,565895E+07	1,364555E+07	1,25502E+07	1,525924E+07	1,406863E+07	1,340732E+07	1,109067E+07	1,097041E+07	1,071055E+07	1,457571E+07	1,424444E+07	1,502074E+07	1,437651E+07	1,13895E+07	1,290812E+07	1,08193E+07	1,41739E+07	1,377092E+07	1,43845E+07	1,177634E+07	1,367976E+07	1,087499E+07	1,114488E+07	1,292457E+07	9422983	1,326628E+07	1,412811E+07	1,038172E+07	1,411007E+07	1,2694E+07	1,428421E+07	1,310195E+07
19.04.2020 09:25:00	63	1,500359E+07	1,563694E+07	1,666276E+07	1,510369E+07	1,573465E+07	1,475933E+07	1,335477E+07	1,473981E+07	1,308663E+07	1,292708E+07	1,359543E+07	1,251843E+07	1,211645E+07	1,418663E+07	1,543272E+07	1,374545E+07	1,67617E+07	1,512983E+07	1,55296E+07	1,543577E+07	1,305597E+07	1,559879E+07	1,36728E+07	1,364593E+07	1,274745E+07	1,558078E+07	1,652026E+07	1,184959E+07	1,584026E+07	1,779062E+07	1,398237E+07	1,426942E+07	1,581811E+07	1,442726E+07	1,251325E+07	1,337443E+07	1,335222E+07	1,555327E+07	1,606102E+07	1,725967E+07	1,774871E+07	1,550371E+07	1,658592E+07	1,626633E+07	1,677804E+07	1,643931E+07	1,563506E+07	1,252412E+07	1,494841E+07	1,699603E+07	1,218795E+07	1,332585E+07	1,510308E+07	1,39504E+07	1,45346E+07	1,406064E+07	1,145219E+07	1,41509E+07	1,403653E+07	1,2948E+07	1,426133E+07	1,680293E+07	1,636582E+07	1,655323E+07	1,447364E+07	1,349032E+07	1,626349E+07	1,505507E+07	1,433927E+07	1,182989E+07	1,171989E+07	1,140771E+07	1,518969E+07	1,507487E+07	1,579997E+07	1,514781E+07	1,214426E+07	1,366476E+07	1,16506E+07	1,503014E+07	1,447276E+07	1,530187E+07	1,249296E+07	1,435046E+07	1,153382E+07	1,184301E+07	1,364986E+07	9989308	1,40032E+07	1,478894E+07	1,102651E+07	1,483514E+07	1,342015E+07	1,507868E+07	1,386034E+07
19.04.2020 12:25:00	66	1,555015E+07	1,647318E+07	1,731385E+07	1,579992E+07	1,645927E+07	1,542516E+07	1,400465E+07	1,547146E+07	1,372497E+07	1,353058E+07	1,415601E+07	1,306158E+07	1,272235E+07	1,505648E+07	1,622852E+07	1,455153E+07	1,766097E+07	1,589036E+07	1,623065E+07	1,624883E+07	1,387297E+07	1,62946E+07	1,450431E+07	1,428327E+07	1,343903E+07	1,636178E+07	1,729526E+07	1,257726E+07	1,667619E+07	1,870657E+07	1,475066E+07	1,513836E+07	1,66626E+07	1,519925E+07	1,322177E+07	1,40375E+07	1,406218E+07	1,640539E+07	1,689511E+07	1,813247E+07	1,869156E+07	1,632761E+07	1,754591E+07	1,717463E+07	1,768544E+07	1,738722E+07	1,655691E+07	1,31611E+07	1,565552E+07	1,799757E+07	1,291868E+07	1,412902E+07	1,595072E+07	1,473945E+07	1,538599E+07	1,488969E+07	1,215796E+07	1,499272E+07	1,484501E+07	1,365597E+07	1,506618E+07	1,772427E+07	1,734531E+07	1,734706E+07	1,530158E+07	1,44608E+07	1,738353E+07	1,600377E+07	1,523391E+07	1,269864E+07	1,24695E+07	1,210075E+07	1,584989E+07	1,587305E+07	1,660651E+07	1,591284E+07	1,287442E+07	1,440066E+07	1,253179E+07	1,584745E+07	1,524399E+07	1,612092E+07	1,320455E+07	1,502457E+07	1,224153E+07	1,257037E+07	1,427913E+07	1,059968E+07	1,472953E+07	1,542241E+07	1,174577E+07	1,563312E+07	1,427741E+07	1,589637E+07	1,466141E+07
19.04.2020 15:25:00	69	1,613127E+07	1,713969E+07	1,804995E+07	1,663355E+07	1,724038E+07	1,619534E+07	1,461089E+07	1,616407E+07	1,444463E+07	1,420954E+07	1,481194E+07	1,369218E+07	1,357377E+07	1,599216E+07	1,72123E+07	1,537695E+07	1,848659E+07	1,674612E+07	1,712891E+07	1,705011E+07	1,465555E+07	1,716666E+07	1,522785E+07	1,498964E+07	1,39967E+07	1,708756E+07	1,806065E+07	1,329102E+07	1,756493E+07	1,95746E+07	1,562624E+07	1,590746E+07	1,760971E+07	1,606082E+07	1,405743E+07	1,466033E+07	1,469121E+07	1,72408E+07	1,779871E+07	1,907575E+07	1,965375E+07	1,720281E+07	1,833035E+07	1,806546E+07	1,864004E+07	1,838732E+07	1,741061E+07	1,383756E+07	1,638276E+07	1,893941E+07	1,375544E+07	1,504324E+07	1,679673E+07	1,56591E+07	1,627774E+07	1,57506E+07	1,290673E+07	1,588025E+07	1,571128E+07	1,44743E+07	1,591041E+07	1,875798E+07	1,821064E+07	1,834142E+07	1,621902E+07	1,533286E+07	1,833858E+07	1,703796E+07	1,618056E+07	1,353163E+07	1,331823E+07	1,276415E+07	1,647106E+07	1,680632E+07	1,75017E+07	1,673595E+07	1,368704E+07	1,512053E+07	1,335617E+07	1,677293E+07	1,60189E+07	1,697481E+07	1,396116E+07	1,573328E+07	1,288124E+07	1,324114E+07	1,493808E+07	1,1188E+07	1,545448E+07	1,620856E+07	1,239815E+07	1,638701E+07	1,507563E+07	1,671494E+07	1,550275E+07
