Vessel Name: 05062020_InCu_KaKr/AC_KK1-74_P0_12
Metric: GFP Integrated Intensity Per Image (GCU x µm²/Image)
Cell Type: 
Passage: 0
Notes: 
Analysis: KaKr-A549-H2B-GFP/-RFP_DEFv10

Date Time	Elapsed	MSR1	MT1H	MT1HL1	MT1M	MT2A	MX1	MX2	MYCL	MYD88	NCOA7	NEXN	NKX3-1	NMI	NT5C3A	NUPR1	OAS1	OAS2	OAS3	OASL	OGFR	P2RY14	PALM2-AKAP2	PAQR8	PARP10	PARP11	PARP12	PARP14	PARP9	PCDH17	PDCD1LG2	PDZD2	PGAP1	PHF11	PID1	PIWIL4	PLEKHA4	PLSCR1	PLXDC2	PMAIP1	PNPT1	POLD1	POLI	PPM1K	PSMB8	PSMB9	PTAFR	RAI14	RARRES3	RASA2	RASGEF1B	RASGRP3	RGL1	RGS1	RHBDD2	RIN2	RNF213	RSAD2	RTCB	RTP4	RUFY4	S100A4	SAMD9	SAMD9L	SAMHD1	SDS	SECTM1	SERPINA1	SERPINB13	SERPINB3	SERPINB4	SERPING1	SIGLEC1	SLAMF7	SLC11A1	SLC15A3	SLC16A10	SLC1A5	SLC25A28	SLFN12L	SLFN5	SOCS1	SP100	SP110	SREK1IP1	C1 (Mx2)	C2 (STAT1)	C3 (MAVS)	C4 (BST2)	C5 (EIF2AK2)	C6 (RSAD2)	C7 (NTC1)	C8 (NTC2)	C9 (NTC3)	C10 (NTC4)	C11 (NTC5)
05.06.2020 10:20:00	0	4031309	4197123	3460177	4130374	4028854	3899305	4550451	3645025	4077804	3611432	3620365	3859917	3936466	2765689	3049650	4265679	3784203	3292558	4243508	3729390	3395541	3108081	3099642	3554044	4656124	3703263	3132413	3532035	3592652	4593933	5670563	2697611	2891890	4013079	3096668	3597477	3958914	3669644	4042566	3930960	3189093	923967,6	11488,47	3375778	4237,796	951,0673	2259,658	559,6318	4316119	3751449	2917501	4635301	3440197	4184660	4303946	3999717	3631124	4020647	4083592	3105949	4785026	3670499	3589375	3944299	3685307	3790681	18830,48	6320,738	1745,356	3319,789	543,1019	2400,077	4031121	3423974	3559504	3656142	3335743	4348297	3935761	4218950	4184067	4202536	3696397	3368089	3311044	3268497	3555385	4419839	3582241	4044184	4205464	3433235	4166615	4426259	3423650
05.06.2020 13:20:00	3	4336839	4483866	3694209	4408958	4326210	4192302	4888177	3925457	4324426	3862890	3922979	4126439	4213372	2980069	3247017	4537923	4050544	3519127	4563256	3959848	3648065	3344302	3329100	3781357	5063675	4019405	3404511	3826031	3877877	4959166	6133083	2917324	3115253	4321346	3358731	3913199	4281085	3969641	4371910	4216742	3432723	982510,1	11961,7	3646211	2506,073	953,9642	1848,114	293,4488	4641616	4118270	3162972	4981627	3731363	4527947	4654994	4335307	3903029	4286266	4386704	3380264	5132952	3972465	3850532	4249894	3969609	4066590	19073,32	699,3693	1991,601	3696,228	1080,75	4985,733	4328218	3692771	3808392	3916313	3582057	4666195	4231140	4554187	4492466	4534341	3982105	3691052	3623926	3530936	3839188	4674913	3865974	4333037	4580061	3740844	4520333	4822706	3730718
05.06.2020 16:20:00	6	4459170	4632962	3852189	4581801	4530542	4378001	5118361	4101687	4455604	4025407	4112704	4240392	4370046	3075321	3348782	4665505	4166764	3638832	4729419	4095919	3789845	3501160	3479736	3962555	5360505	4220798	3563527	3997924	4080605	4995560	6411294	3045728	3263949	4513795	3541669	4094150	4541019	4170253	4551111	4390100	3596945	984206,9	12214,08	3802094	3160,965	882,2209	1606,47	624,5586	4934197	4366706	3317361	5212065	3907722	4755692	4884072	4578892	4084421	4452031	4577634	3531499	5405111	4168224	4032348	4419469	4091967	4233144	21549,06	382,5741	1741,096	4117,315	2099,301	6536,99	4489291	3882626	3978777	4061294	3751516	4876781	4451868	4752325	4673020	4728457	4207050	3886403	3803949	3726798	3980912	4832724	4013979	4542552	4827706	3948814	4780571	5076125	3919378
05.06.2020 19:20:00	9	4781645	4944300	4122247	4875707	4867613	4696009	5512119	4399467	4726918	4293379	4434177	4538758	4720560	3274986	3562031	4977023	4441585	3908366	5083877	4384684	4067026	3768949	3749805	4222778	5748551	4579757	3862054	4351887	4427146	5437786	6931244	3310255	3537576	4849325	3835607	4446843	4960392	4499404	4914789	4734830	3899218	1059022	11712,73	4129174	2834,286	671,4218	1337,561	910,6797	5305251	4727043	3585850	5618014	4221487	5130126	5285711	4973858	4392100	4717422	4893219	3783094	5766849	4460951	4338123	4735232	4395253	4562032	23876,37	738,7344	1709,058	3940,428	2242,276	6031,719	4762144	4173543	4252295	4347773	4027256	5222037	4753265	5095111	5012847	5082500	4527166	4222793	4099756	4005373	4269312	5107574	4299828	4858294	5209584	4284426	5168082	5494011	4271685
05.06.2020 22:20:00	12	5109269	5295571	4404610	5192439	5212517	5023481	5890531	4723174	5001775	4569293	4770076	4861520	5031590	3524978	3777433	5276103	4739279	4168273	5450648	4679660	4387625	4067441	4028969	4491545	6205484	4945661	4184019	4714559	4786738	5862321	7479254	3574470	3822539	5199458	4151115	4826525	5295540	4834939	5293215	5112330	4202412	1138993	11158,72	4448796	2474,718	764,637	1003,724	784,0638	5718433	5109844	3883353	6032509	4558290	5517025	5675629	5372274	4675029	4949872	5240082	4045777	6201470	4797813	4660603	5031057	4720953	4883429	24836,81	714,1951	1738,539	3858,29	1926,503	6245,756	5087396	4479529	4554720	4614999	4297593	5566593	5076583	5450329	5347514	5456789	4892047	4583810	4409131	4265832	4556253	5393571	4584719	5210349	5639032	4632440	5582327	5925085	4638542
06.06.2020 01:20:00	15	5489855	5652445	4710565	5546123	5598256	5385287	6315981	5072301	5288933	4856715	5109637	5192036	5360312	3761182	4013608	5584120	5053087	4448120	5822412	5014510	4704198	4365451	4328788	4832293	6685892	5356948	4537017	5084993	5180049	6305354	8020740	3846998	4129147	5591601	4474394	5211171	5725068	5227221	5700573	5511517	4549068	1227037	11262,33	4814906	2015,117	894,661	978,1627	486,0139	6207003	5525724	4194469	6515122	4958657	5927476	6095152	5833873	4996891	5186762	5616587	4324479	6680454	5133046	5024233	5400126	5068210	5236997	26804,9	627,7964	1627,431	3646,297	1921,561	5840,518	5386000	4834849	4877467	4926692	4633921	5930916	5422210	5823694	5753231	5844332	5296527	4957625	4744216	4632440	4876490	5685866	4886470	5567765	6078735	5018002	6026806	6367481	5009397
06.06.2020 04:20:00	18	5893449	6031664	5073956	5929515	6029254	5767374	6780991	5453596	5612968	5191529	5507055	5556863	5747019	4061956	4275500	5955623	5407860	4789099	6263578	5391391	5059903	4718438	4660093	5173617	7213870	5819826	4938240	5539229	5613399	6883790	8679785	4200213	4486912	6020991	4871405	5643902	6157198	5654624	6166419	5946102	4952715	1329196	12332,18	5222052	2179,906	772,4758	1076,661	578,377	6703672	5995743	4560430	7063293	5374491	6421643	6601296	6340701	5376090	5474761	6039892	4633053	7124539	5523948	5409971	5804518	5462676	5634074	28558,43	662,2195	1421,063	3750,078	1427,708	5682,887	5752011	5230708	5241199	5255784	4988770	6372210	5862406	6250920	6166293	6302015	5728701	5389383	5132240	4965540	5242089	5999176	5226215	5997027	6572547	5427173	6481853	6897452	5440893
06.06.2020 07:20:00	21	6312520	6439003	5454159	6326596	6459035	6196539	7283718	5870638	5941076	5571645	5914639	5952556	6136672	4367805	4560588	6317923	5783306	5170000	6761314	5815427	5450763	5111330	4997029	5535396	7770437	6314749	5375421	6003208	6106474	7418440	9322239	4578338	4881111	6456574	5306767	6123924	6659533	6103910	6681240	6437926	5363756	1441179	12408,52	5688426	2003,018	887,6741	831,4383	746,0621	7208280	6521507	4960655	7684636	5838391	6903785	7104188	6880989	5809296	5759011	6496886	4987981	7729769	5940296	5834305	6251025	5903441	6091289	30443,18	499,8173	1355,965	3663,509	1447,135	5422,157	6152537	5657199	5622569	5640679	5373471	6786311	6282185	6732510	6626286	6807817	6195367	5835565	5534597	5296432	5631068	6319665	5606779	6370820	7074835	5867491	6998006	7404934	5906512
06.06.2020 10:20:00	24	6784805	6891386	5853494	6782936	6961749	6664176	7823582	6329048	6313112	5931590	6379688	6340377	6553198	4708769	4889799	6714886	6192907	5579696	7259643	6269105	5880067	5527712	5389306	5944309	8372534	6833374	5888967	6549561	6631143	8073345	1,007935E+07	4989928	5321390	6974662	5737902	6640063	7176308	6643960	7245567	6984299	5855566	1544398	13018,25	6180871	1900,601	1236,336	974,4136	790,3691	7748566	7088211	5385913	8300423	6373049	7497232	7700165	7473143	6266603	6054224	7011547	5371841	8243272	6409247	6321459	6700156	6357651	6583110	32516,24	530,4914	1039,511	3383,011	1024,174	3949,971	6571905	6146832	6069164	6047792	5816213	7270378	6790084	7236981	7145036	7338609	6708001	6336067	5941487	5706373	6050064	6682587	5988111	6826007	7604713	6349102	7527609	7986251	6398512
06.06.2020 13:20:00	27	7250882	7364449	6314001	7243337	7491344	7165138	8399817	6840191	6728285	6368713	6864738	6770183	7031671	5106081	5257124	7201997	6654822	6042483	7824907	6800859	6371316	6018885	5872648	6366956	9005763	7449000	6426148	7145864	7219428	8705128	1,091015E+07	5469663	5835219	7561956	6247209	7170738	7787792	7168596	7858926	7591983	6386166	1668793	12579,27	6724986	1984,784	1024,174	910,6797	557,7572	8369949	7674284	5903533	8980590	6934064	8111725	8300436	8128990	6748880	6383523	7540028	5759798	8855142	6909109	6868412	7202505	6882675	7123676	32131,11	549,2366	1009,348	3304,963	1269,396	3869,025	7004786	6636771	6537994	6494509	6329161	7834349	7276757	7777548	7700125	7907399	7283279	6894762	6397604	6119386	6505284	7100339	6394688	7294437	8200702	6867952	8112613	8592133	6942889
06.06.2020 16:20:00	30	7744496	7868717	6801411	7789201	8048279	7706608	8980267	7340850	7149380	6758907	7357931	7205030	7536928	5519446	5656750	7661186	7169891	6504518	8393989	7313426	6849980	6487584	6339981	6692580	9674286	8057298	6989754	7764095	7833301	9390537	1,169233E+07	5893624	6381281	8171246	6695949	7736448	8347268	7775242	8524427	8195943	6967684	1810642	13156,63	7322853	1759,159	813,7155	976,629	237,7242	8955617	8315486	6464781	9634476	7540749	8780298	8968038	8847480	7264583	6732428	8156711	6169478	9452737	7349750	7414391	7746178	7346553	7704675	36617,54	565,937	989,069	2786,912	1044,112	3066,557	7529198	7192456	7051591	6982694	6841226	8384118	7838538	8374906	8305586	8560860	7886363	7453442	6899357	6568413	7000079	7488788	6821859	7799718	8815449	7427235	8695191	9238821	7509725
06.06.2020 19:20:00	33	8300985	8429064	7321469	8355978	8666789	8344884	9649573	7955587	7646205	7269720	7941808	7728401	8078436	5996106	6105775	8188234	7688935	7062501	9080263	7925766	7404872	7038149	6894522	7276391	1,032646E+07	8763875	7610169	8458899	8540216	1,022015E+07	1,262418E+07	6564901	6988941	8817640	7394020	8361741	8997408	8439179	9254700	8879493	7584390	1965710	13617,42	7971908	1484,115	1053,144	1009,007	250,1642	9602121	9073907	7058309	1,057288E+07	8209841	9524155	9676954	9603296	7841277	7106195	8778900	6623571	1,016026E+07	8048463	8050037	8344188	8063587	8337708	35673,29	713,6839	567,9819	2887,455	1234,462	2233,074	8095700	7830609	7623823	7510724	7402768	8992097	8467260	9039812	8965527	9202968	8538836	8040534	7477010	7097212	7528845	7932142	7325137	8312211	9499395	8042870	9346135	9925979	8163003
06.06.2020 22:20:00	36	8860589	8997289	7887488	8929049	9351867	8971690	1,03389E+07	8580589	8129268	7796837	8545754	8241032	8635795	6516575	6568938	8753231	8265986	7633380	9745885	8594994	8009443	7585267	7465414	7792491	1,106117E+07	9482939	8306775	9216958	9304821	1,11101E+07	1,360505E+07	7183972	7633085	9524325	8026109	9005664	9698492	9175595	9977310	9640874	8274208	2139722	13731,43	8652264	1128,295	1047,009	1008,326	0	1,03308E+07	9869054	7705407	1,1473E+07	8939431	1,030348E+07	1,044285E+07	1,042039E+07	8444473	7484475	9453557	7104922	1,081994E+07	8638333	8731452	9043023	8689629	8981909	36637,3	796,5039	574,1167	2567,421	1047,861	1918,835	8660686	8472742	8193288	8071306	8027593	9649883	9090961	9724101	9654485	9920095	9268443	8695903	7984171	7601002	8087480	8377655	7850885	8846198	1,019525E+07	8655915	1,008107E+07	1,06297E+07	8803246
07.06.2020 01:20:00	39	9400448	9564561	8470278	9596575	1,003221E+07	9668407	1,106547E+07	9236850	8673072	8349818	9140483	8756561	9259477	7033728	7059365	9354593	8885732	8243110	1,04193E+07	9291702	8632787	8196885	8025632	8285995	1,192E+07	1,02847E+07	9069543	1,001638E+07	1,009617E+07	1,192486E+07	1,460781E+07	7840220	8337651	1,02753E+07	8685320	9674357	1,04345E+07	9934875	1,077223E+07	1,039993E+07	9006066	2320793	13172,14	9461891	732,77	920,5636	1115,685	0	1,111044E+07	1,062151E+07	8431466	1,239782E+07	9733249	1,112771E+07	1,119832E+07	1,125972E+07	9070195	7889797	1,013423E+07	7617238	1,163655E+07	9308639	9442778	9669582	9411221	9690033	39397,12	807,5807	575,3096	2883,705	1227,304	1180,953	9243167	9122175	8840637	8690790	8672190	1,036591E+07	9717419	1,042321E+07	1,040612E+07	1,070483E+07	1,002971E+07	9382618	8600996	8151597	8653474	8838879	8370773	9414654	1,090008E+07	9318341	1,07896E+07	1,136536E+07	9501652
07.06.2020 04:20:00	42	9970963	1,012633E+07	9026133	1,019397E+07	1,073565E+07	1,030529E+07	1,182486E+07	9930730	9170848	8915227	9747317	9288214	9847833	7582212	7587165	9959889	9506775	8848868	1,11807E+07	1,002304E+07	9281347	8799776	8618786	8819664	1,262005E+07	1,107328E+07	9856534	1,080689E+07	1,08896E+07	1,276089E+07	1,558371E+07	8516796	9027790	1,104305E+07	9393412	1,033092E+07	1,111712E+07	1,071894E+07	1,159597E+07	1,12103E+07	9751951	2529348	13218,83	1,022232E+07	159,3349	918,5187	875,5749	0	1,173897E+07	1,144125E+07	9199074	1,329345E+07	1,05083E+07	1,196514E+07	1,205329E+07	1,214975E+07	9720452	8297780	1,078995E+07	8099065	1,228918E+07	1,000388E+07	1,01619E+07	1,034949E+07	1,010147E+07	1,039868E+07	42577,51	822,4065	542,5906	2298,001	1269,567	979,526	9875970	9859168	9495883	9278068	9380585	1,09977E+07	1,043734E+07	1,111575E+07	1,109993E+07	1,147981E+07	1,078207E+07	1,001536E+07	9204723	8738212	9250563	9292683	8901777	9948634	1,160495E+07	9934756	1,147264E+07	1,204987E+07	1,019916E+07
07.06.2020 07:20:00	45	1,058024E+07	1,079112E+07	9695883	1,092996E+07	1,15431E+07	1,098725E+07	1,265082E+07	1,063473E+07	9738524	9530037	1,045653E+07	9821632	1,052851E+07	8219134	8125741	1,061636E+07	1,014787E+07	9519990	1,193506E+07	1,08053E+07	9997554	9512065	9280261	9398261	1,351014E+07	1,196852E+07	1,066934E+07	1,17275E+07	1,181976E+07	1,363643E+07	1,66776E+07	9260609	9852243	1,191741E+07	1,019079E+07	1,10163E+07	1,189883E+07	1,158203E+07	1,248133E+07	1,208733E+07	1,058018E+07	2777744	13661,9	1,111499E+07	130,1945	905,397	961,9736	0	1,252647E+07	1,229137E+07	1,001206E+07	1,427815E+07	1,136916E+07	1,283125E+07	1,285733E+07	1,304453E+07	1,03557E+07	8734629	1,156668E+07	8603068	1,318574E+07	1,070954E+07	1,093466E+07	1,109642E+07	1,087213E+07	1,116152E+07	46011,82	837,7435	687,2701	1720,476	1315,578	499,1356	1,059002E+07	1,066085E+07	1,021307E+07	9930051	1,007684E+07	1,168366E+07	1,112448E+07	1,195256E+07	1,195654E+07	1,2359E+07	1,158088E+07	1,074793E+07	9874245	9400273	9845762	9774385	9477309	1,055184E+07	1,233715E+07	1,065971E+07	1,223681E+07	1,287684E+07	1,094288E+07
07.06.2020 10:20:00	48	1,121141E+07	1,1445E+07	1,037727E+07	1,163157E+07	1,233754E+07	1,179911E+07	1,338248E+07	1,143664E+07	1,036519E+07	1,011877E+07	1,115022E+07	1,039866E+07	1,118907E+07	8839872	8717322	1,131045E+07	1,084764E+07	1,022534E+07	1,273083E+07	1,163033E+07	1,072031E+07	1,019286E+07	9980382	9974860	1,434806E+07	1,282961E+07	1,152239E+07	1,268659E+07	1,270737E+07	1,459832E+07	1,775366E+07	1,002529E+07	1,071243E+07	1,278196E+07	1,101509E+07	1,173772E+07	1,265099E+07	1,253799E+07	1,34307E+07	1,307901E+07	1,149245E+07	3028762	13121,87	1,20163E+07	132,7507	852,5693	1057,063	126,7862	1,33132E+07	1,314672E+07	1,088483E+07	1,530295E+07	1,226651E+07	1,375459E+07	1,37173E+07	1,403438E+07	1,112663E+07	9189819	1,236251E+07	9153562	1,389089E+07	1,146645E+07	1,178443E+07	1,189643E+07	1,159367E+07	1,192224E+07	49759,51	1028,945	690,8487	1300,922	1322,053	711,1277	1,124557E+07	1,1456E+07	1,101867E+07	1,063448E+07	1,088819E+07	1,245645E+07	1,186223E+07	1,271788E+07	1,281389E+07	1,323368E+07	1,250661E+07	1,145558E+07	1,05481E+07	1,002711E+07	1,052744E+07	1,026621E+07	1,0078E+07	1,117987E+07	1,30626E+07	1,139353E+07	1,301545E+07	1,372713E+07	1,171479E+07
07.06.2020 13:20:00	51	1,181007E+07	1,210925E+07	1,106912E+07	1,23691E+07	1,307198E+07	1,255737E+07	1,428765E+07	1,218618E+07	1,097252E+07	1,068884E+07	1,174028E+07	1,097415E+07	1,184918E+07	9509228	9371554	1,190354E+07	1,159654E+07	1,089844E+07	1,346492E+07	1,250374E+07	1,146886E+07	1,089189E+07	1,063387E+07	1,04361E+07	1,517348E+07	1,383982E+07	1,237542E+07	1,370435E+07	1,365089E+07	1,544642E+07	1,877766E+07	1,073644E+07	1,161246E+07	1,367544E+07	1,163981E+07	1,246667E+07	1,353537E+07	1,340372E+07	1,426237E+07	1,396545E+07	1,237878E+07	3332145	13371,86	1,297249E+07	173,6494	913,7471	1033,206	0	1,413143E+07	1,411349E+07	1,185454E+07	1,626771E+07	1,315361E+07	1,443933E+07	1,450532E+07	1,497397E+07	1,191538E+07	9609470	1,314209E+07	9672103	1,483274E+07	1,211633E+07	1,259789E+07	1,267364E+07	1,233613E+07	1,252407E+07	53629,05	1130,34	720,33	1064,391	1317,623	719,3074	1,184458E+07	1,230901E+07	1,17156E+07	1,129431E+07	1,166148E+07	1,319245E+07	1,256858E+07	1,333171E+07	1,370575E+07	1,413764E+07	1,337781E+07	1,220982E+07	1,111627E+07	1,065699E+07	1,115799E+07	1,075364E+07	1,062633E+07	1,177768E+07	1,385599E+07	1,20942E+07	1,380903E+07	1,429358E+07	1,250967E+07
07.06.2020 16:20:00	54	1,244606E+07	1,284674E+07	1,182652E+07	1,310168E+07	1,389061E+07	1,3334E+07	1,525334E+07	1,303328E+07	1,16177E+07	1,142237E+07	1,254631E+07	1,153436E+07	1,25729E+07	1,030219E+07	1,00247E+07	1,279722E+07	1,237104E+07	1,176193E+07	1,444535E+07	1,348178E+07	1,229627E+07	1,168884E+07	1,143699E+07	1,109368E+07	1,600419E+07	1,479043E+07	1,33898E+07	1,470937E+07	1,471733E+07	1,656448E+07	2,006979E+07	1,180797E+07	1,265792E+07	1,463359E+07	1,267925E+07	1,312316E+07	1,435849E+07	1,445341E+07	1,536757E+07	1,50585E+07	1,340936E+07	3661127	13742,67	1,40425E+07	133,6027	1041,385	1071,207	0	1,488111E+07	1,516907E+07	1,28434E+07	1,74882E+07	1,415633E+07	1,573389E+07	1,554579E+07	1,613796E+07	1,273578E+07	1,012521E+07	1,40056E+07	1,029942E+07	1,565827E+07	1,320346E+07	1,349484E+07	1,352748E+07	1,336692E+07	1,358711E+07	57440,98	1291,379	977,9923	663,9236	1315,407	670,5697	1,261254E+07	1,327403E+07	1,26359E+07	1,212799E+07	1,254851E+07	1,401693E+07	1,336367E+07	1,438958E+07	1,462142E+07	1,512801E+07	1,437094E+07	1,310159E+07	1,18522E+07	1,149062E+07	1,188062E+07	1,132598E+07	1,127946E+07	1,243902E+07	1,464932E+07	1,288858E+07	1,46084E+07	1,539077E+07	1,334545E+07
07.06.2020 19:20:00	57	1,305166E+07	1,35248E+07	1,251496E+07	1,397023E+07	1,474228E+07	1,418281E+07	1,613549E+07	1,385091E+07	1,225925E+07	1,206534E+07	1,323523E+07	1,212826E+07	1,317904E+07	1,098247E+07	1,070621E+07	1,341386E+07	1,311911E+07	1,247328E+07	1,52202E+07	1,436564E+07	1,311445E+07	1,248742E+07	1,218539E+07	1,167477E+07	1,685808E+07	1,574914E+07	1,43264E+07	1,583418E+07	1,578712E+07	1,755003E+07	2,109921E+07	1,251735E+07	1,356148E+07	1,561281E+07	1,348545E+07	1,390154E+07	1,513626E+07	1,552389E+07	1,637658E+07	1,598289E+07	1,444798E+07	4018242	14243,51	1,499083E+07	158,4828	1008,837	1012,586	0	1,561948E+07	1,606443E+07	1,388803E+07	1,84825E+07	1,515173E+07	1,648891E+07	1,64745E+07	1,719634E+07	1,355632E+07	1,062199E+07	1,48297E+07	1,081814E+07	1,622216E+07	1,37326E+07	1,437818E+07	1,442563E+07	1,415988E+07	1,425137E+07	62299,76	1459,746	1205,492	666,4799	1332,278	635,6354	1,338013E+07	1,413024E+07	1,34801E+07	1,29036E+07	1,348274E+07	1,478154E+07	1,419412E+07	1,502581E+07	1,557136E+07	1,608263E+07	1,532172E+07	1,388872E+07	1,247045E+07	1,205196E+07	1,255399E+07	1,186834E+07	1,183362E+07	1,30495E+07	1,542118E+07	1,362233E+07	1,539999E+07	1,595271E+07	1,418214E+07
07.06.2020 22:20:00	60	1,370046E+07	1,430344E+07	1,330439E+07	1,471346E+07	1,565504E+07	1,506838E+07	1,697337E+07	1,481892E+07	1,294354E+07	1,279244E+07	1,40388E+07	1,277852E+07	1,405302E+07	1,180689E+07	1,143071E+07	1,433537E+07	1,393407E+07	1,336301E+07	1,620423E+07	1,539352E+07	1,404531E+07	1,33174E+07	1,302089E+07	1,23852E+07	1,781769E+07	1,677521E+07	1,541259E+07	1,686322E+07	1,677556E+07	1,862403E+07	2,225677E+07	1,367532E+07	1,473401E+07	1,664271E+07	1,455555E+07	1,464817E+07	1,609579E+07	1,653678E+07	1,745529E+07	1,712421E+07	1,550218E+07	4401219	14898,24	1,624009E+07	252,3796	627,9668	1004,576	0	1,637742E+07	1,716017E+07	1,492025E+07	1,983453E+07	1,615969E+07	1,780666E+07	1,74663E+07	1,832498E+07	1,446907E+07	1,114476E+07	1,571905E+07	1,142105E+07	1,72215E+07	1,483493E+07	1,537393E+07	1,523198E+07	1,525036E+07	1,530471E+07	67329,63	1509,847	1432,651	634,1017	1450,203	833,3129	1,425253E+07	1,508445E+07	1,437133E+07	1,376409E+07	1,439685E+07	1,559322E+07	1,503183E+07	1,610285E+07	1,649737E+07	1,704424E+07	1,629768E+07	1,463106E+07	1,33685E+07	1,286539E+07	1,329401E+07	1,247646E+07	1,254072E+07	1,37247E+07	1,619251E+07	1,439431E+07	1,625149E+07	1,709414E+07	1,498849E+07
08.06.2020 01:20:00	63	1,421092E+07	1,497896E+07	1,405485E+07	1,550398E+07	1,648406E+07	1,592231E+07	1,795015E+07	1,561092E+07	1,36152E+07	1,350896E+07	1,473603E+07	1,328946E+07	1,481146E+07	1,262095E+07	1,216591E+07	1,511654E+07	1,479454E+07	1,42222E+07	1,713941E+07	1,634091E+07	1,495247E+07	1,416762E+07	1,381221E+07	1,294563E+07	1,864429E+07	1,784406E+07	1,640511E+07	1,786396E+07	1,787281E+07	1,967939E+07	2,357131E+07	1,476182E+07	1,574351E+07	1,766409E+07	1,545417E+07	1,533281E+07	1,694804E+07	1,75523E+07	1,851019E+07	1,828283E+07	1,661174E+07	4879573	15857,14	1,733043E+07	374,0535	586,3864	1033,887	0	1,738338E+07	1,816785E+07	1,597547E+07	2,104848E+07	1,737524E+07	1,888031E+07	1,851043E+07	1,93937E+07	1,529092E+07	1,170624E+07	1,656774E+07	1,199516E+07	1,78829E+07	1,561199E+07	1,645234E+07	1,615188E+07	1,622306E+07	1,62093E+07	73255,19	1514,789	1386,299	572,0718	1474,231	802,9796	1,497048E+07	1,605997E+07	1,536867E+07	1,462692E+07	1,530288E+07	1,647821E+07	1,581023E+07	1,698546E+07	1,749345E+07	1,808364E+07	1,719252E+07	1,547339E+07	1,397317E+07	1,359123E+07	1,398116E+07	1,302345E+07	1,316617E+07	1,437837E+07	1,699355E+07	1,519899E+07	1,704132E+07	1,779731E+07	1,588128E+07
08.06.2020 04:20:00	66	1,48033E+07	1,565316E+07	1,487221E+07	1,635829E+07	1,743394E+07	1,681814E+07	1,889926E+07	1,64682E+07	1,433261E+07	1,411075E+07	1,548496E+07	1,389245E+07	1,561377E+07	1,342774E+07	1,290568E+07	1,590315E+07	1,562459E+07	1,508287E+07	1,813478E+07	1,738161E+07	1,588641E+07	1,506374E+07	1,462894E+07	1,353694E+07	1,95501E+07	1,887638E+07	1,74778E+07	1,917376E+07	1,905912E+07	2,070985E+07	2,462755E+07	1,566008E+07	1,688679E+07	1,871844E+07	1,630558E+07	1,614271E+07	1,785954E+07	1,871937E+07	1,961488E+07	1,934425E+07	1,767252E+07	5371018	15654,35	1,848803E+07	257,492	557,246	1041,556	0	1,81583E+07	1,923492E+07	1,714233E+07	2,206771E+07	1,839655E+07	1,996026E+07	1,939889E+07	2,05677E+07	1,623024E+07	1,223604E+07	1,748466E+07	1,258332E+07	1,88392E+07	1,64156E+07	1,74421E+07	1,70514E+07	1,705725E+07	1,715577E+07	81929,48	1826,472	1571,877	396,0366	1622,659	975,6066	1,572065E+07	1,706237E+07	1,631518E+07	1,547989E+07	1,632569E+07	1,732279E+07	1,673275E+07	1,787848E+07	1,858879E+07	1,908427E+07	1,820804E+07	1,626953E+07	1,473317E+07	1,444324E+07	1,474304E+07	1,358509E+07	1,383676E+07	1,504545E+07	1,759599E+07	1,59345E+07	1,782388E+07	1,856586E+07	1,668316E+07
08.06.2020 07:20:00	69	1,552739E+07	1,638574E+07	1,569973E+07	1,730662E+07	1,83459E+07	1,765845E+07	1,981443E+07	1,737919E+07	1,501815E+07	1,476124E+07	1,619075E+07	1,445274E+07	1,632203E+07	1,425435E+07	1,366315E+07	1,666207E+07	1,643834E+07	1,591646E+07	1,902774E+07	1,832605E+07	1,670455E+07	1,590756E+07	1,545988E+07	1,408422E+07	2,041909E+07	1,990833E+07	1,854766E+07	2,010368E+07	2,036475E+07	2,178929E+07	2,569356E+07	1,665462E+07	1,796595E+07	1,979921E+07	1,72622E+07	1,680357E+07	1,860077E+07	1,984761E+07	2,072167E+07	2,051782E+07	1,880937E+07	5937984	15950,7	1,948145E+07	363,1472	645,6896	1080,239	0	1,897981E+07	2,011179E+07	1,821757E+07	2,331017E+07	1,954694E+07	2,092041E+07	2,042382E+07	2,172184E+07	1,712819E+07	1,272685E+07	1,832071E+07	1,311241E+07	1,956142E+07	1,734841E+07	1,84509E+07	1,797996E+07	1,803191E+07	1,794372E+07	88804,05	2071,012	1494,339	491,9783	1637,826	1121,479	1,654502E+07	1,816045E+07	1,720345E+07	1,636476E+07	1,723275E+07	1,818762E+07	1,756129E+07	1,858857E+07	1,954217E+07	2,001716E+07	1,92294E+07	1,704294E+07	1,534159E+07	1,51002E+07	1,542974E+07	1,412052E+07	1,441904E+07	1,571429E+07	1,845863E+07	1,675317E+07	1,862989E+07	1,931732E+07	1,74677E+07
