Vessel Name: 19042020_InCu_KaKr_KK1-59_P0_3
Metric: GFP Integrated Intensity Per Image (GCU x µm²/Image)
Cell Type: 
Passage: 0
Notes: 
Analysis: KaKr-A549-H2B-GFP/-RFP_DEFv10

Date Time	Elapsed	AC005013.1	ACE2	ACO1	ADAM12	ADAMDEC1	ADAR	ADORA3	AIM2	AKAP2	ALOX5AP	ANKRD22	APOBEC3A	APOBEC3G	APOL1	APOL2	APOL3	APOL4	APOL6	ARAP1	ARL9	ASGR1	ATF3	ATF7IP	ATXN1	BATF	BATF2	BRD3	BST2	C19ORF66	C6ORF100	C9ORF91	CAPN15	CASP1	CBFA2T3	CCL13	CCL2	CCL24	CCL7	CCL8	CCNA1	CCR1	CCR2	CD180	CD274	CD38	CD69	CD80	CEACAM1	CFB	CFHR1	CH25H	CHST2	CLEC5A	CLECL1	CMKLR1	CMPK2	CNP	CTAGE1	CX3CR1	CXCL10	CXCL11	CXCL3	CXCL9	CYP2J2	DCT	DDX58	DDX60	DDX60L	DEFB1	DHX58	DOK1	DOK2	DOK3	DTX3L	DUSP7	EIF2AK2	EMP1	EMR3	ENG	ENPP2	EPHB2	EPSTI1	ETV7	EVI2A	C1 (Mx2)	C2 (STAT1)	C3 (MAVS)	C4 (BST2)	C5 (EIF2AK2)	C6 (RSAD2)	C7 (NTC1)	C8 (NTC2)	C9 (NTC3)	C10 (NTC4)	C11 (NTC5)
19.04.2020 18:22:00	0	4855054	4356570	3845025	3496655	2995198	3109489	5384724	4804331	4249657	3213549	3247034	3327326	4290335	4250533	4003471	4493919	3872602	3495810	3092555	3805613	3919725	3224255	3685463	3346913	4435256	4099778	3769713	3764974	3876444	3957691	3661950	4040563	3558436	3598956	3356259	3858708	4705166	3953737	4262615	4212037	3453005	3712427	5098730	4410852	3949486	3403312	3469246	3446093	5086385	4228668	4038781	4389804	4020613	4284395	5132311	4393964	3944086	4137672	4690070	4074678	4618228	4816976	4085962	3879911	3762362	4487553	5472645	4348798	4020869	4210318	3707182	3878719	5343626	5279895	4713172	4538367	4195528	4987729	4642002	5328593	4704309	4739281	4690852	4576523	4932737	4646295	4715659	5575425	4886382	4431298	3976200	4221478	3781030	4012487	4209315
19.04.2020 21:22:00	3	5094642	4631192	4086719	3704330	3167819	3306150	5699710	5120164	4512132	3413523	3467214	3550403	4540390	4507648	4229745	4751975	4125035	3691495	3260228	4012770	4137427	3427149	3894185	3572260	4693337	4336894	3967125	3931325	4083191	4193247	3857072	4266820	3778373	3827999	3545534	4135505	5002593	4182766	4488806	4456581	3658562	3905696	5354497	4662472	4172123	3616017	3695853	3644428	5385554	4494755	4251507	4615939	4241923	4541066	5408343	4633001	4149744	4419292	4975317	4385758	4930389	5134349	4326766	4113012	3992839	4763179	5855034	4621739	4270779	4480306	3921106	4123060	5604323	5589245	4971371	4774302	4440804	5262970	4933919	5637835	4959231	5022304	4943172	4853749	5247632	4977104	4986906	5868375	5175131	4724257	4257786	4500579	4054258	4295694	4526087
20.04.2020 00:22:00	6	5441516	4932509	4375791	3984759	3414956	3548812	6078049	5466995	4832883	3663956	3714590	3821832	4870786	4826606	4513462	5078029	4444544	3946661	3469820	4260248	4420152	3666094	4156578	3846823	4994086	4648901	4228660	4165320	4368892	4477929	4115986	4545268	4015341	4097363	3804640	4443212	5333232	4477915	4777768	4773923	3910043	4184094	5729714	4999013	4460429	3890632	3935710	3882816	5773119	4819769	4537928	4922670	4560176	4849594	5759656	4938780	4375549	4729912	5298795	4719964	5277686	5495928	4637646	4399817	4277747	5101468	6286187	4960550	4580836	4793768	4207881	4406686	5959631	5962399	5316988	5103174	4757453	5606137	5291620	6025911	5292664	5359476	5261088	5186955	5638830	5322325	5337751	6232918	5539714	5061677	4580524	4872243	4362007	4630689	4872402
20.04.2020 03:22:00	9	5841224	5279967	4710070	4272427	3661312	3823502	6474666	5861735	5192962	3942583	4008030	4127463	5205076	5199689	4834661	5432100	4772295	4232926	3708490	4549677	4729101	3946231	4467358	4136724	5312943	4986726	4516247	4417917	4682261	4804355	4398307	4880720	4323550	4400297	4089564	4787213	5712934	4797400	5130303	5132214	4204802	4501895	6112258	5356945	4792192	4166446	4229542	4162360	6162314	5193003	4849805	5255492	4897721	5223942	6191297	5298739	4648688	5070985	5672798	5081562	5681695	5892318	4982310	4718926	4595814	5480905	6756353	5307670	4926038	5157499	4512932	4747057	6349397	6374985	5691723	5461724	5097469	5998240	5701103	6410892	5645121	5747496	5589346	5544339	6057183	5743875	5705367	6649100	5933579	5436614	4951667	5257501	4719644	4983622	5244376
20.04.2020 06:22:00	12	6256906	5671446	5076459	4611689	3948968	4137200	6916518	6288847	5588917	4250199	4329836	4460928	5596744	5595137	5204164	5812000	5149912	4555900	3960851	4872045	5067882	4243286	4778428	4461118	5686084	5355534	4854108	4697347	5031461	5162916	4737104	5252837	4635585	4745588	4401087	5167685	6133062	5147443	5502176	5515313	4529188	4827788	6552282	5751634	5142383	4496578	4548638	4466351	6625881	5590281	5190316	5616408	5267869	5588657	6674086	5677933	4953801	5451066	6089034	5502085	6102118	6285212	5356621	5081399	4962098	5891481	7306124	5727316	5302813	5553901	4861538	5108658	6764960	6827273	6111856	5852672	5498326	6407911	6154780	6867438	6026100	6149321	5988366	5946793	6518906	6177152	6102029	7090313	6339822	5861834	5345769	5664694	5097220	5401158	5664128
20.04.2020 09:22:00	15	6736990	6113759	5503223	4966713	4278139	4471207	7429363	6745937	6044355	4600160	4688077	4821955	6017318	6030468	5612343	6246397	5546784	4899209	4267900	5233695	5467891	4595655	5155068	4843887	6113596	5752743	5211889	5016553	5417076	5575765	5105361	5641789	4997896	5132488	4762953	5573091	6582944	5536912	5902904	5955894	4904534	5200037	7026580	6215446	5551294	4858038	4917026	4826733	7112806	6021395	5592126	6027566	5691819	6041154	7213903	6095286	5315092	5912338	6551482	5990854	6596840	6805172	5777126	5494913	5353989	6386900	7915486	6188726	5754636	6019049	5266260	5534834	7245873	7371997	6591970	6266132	5917779	6880216	6674093	7391050	6475979	6625225	6428399	6435545	7030549	6678397	6578429	7605282	6864034	6343536	5802243	6136014	5530975	5870681	6132408
20.04.2020 12:22:00	18	7269019	6663190	5962090	5400547	4649867	4865159	7976307	7283155	6563424	5009224	5099737	5269078	6507200	6580773	6091300	6758919	6054887	5335273	4626802	5653122	5896768	4991131	5591227	5286208	6608031	6255116	5642281	5390693	5846694	6045967	5535092	6092065	5421386	5593102	5174258	6105234	7127521	6020945	6405598	6456064	5325465	5642449	7601716	6740904	6009874	5279726	5352929	5230681	7710875	6560191	6035317	6506458	6139003	6559474	7812914	6599195	5742477	6449025	7081476	6535544	7152762	7368507	6281386	5957905	5827417	6917761	8646707	6721130	6258852	6527658	5736052	6011912	7753604	7954040	7160936	6799792	6427317	7434563	7258318	7974236	6976706	7158105	6911614	6942907	7608307	7262797	7098713	8199246	7405698	6888832	6320278	6686520	6020256	6390141	6692830
20.04.2020 15:22:00	21	7821354	7218507	6488705	5839861	5034224	5295640	8552054	7842787	7111319	5438899	5530416	5716334	7032356	7121121	6609694	7254242	6547148	5754787	4965672	6072688	6356184	5431861	6067594	5763176	7131191	6743670	6085074	5772423	6297252	6543795	5980916	6575494	5878614	6074690	5614621	6601822	7670969	6512071	6925346	7001511	5780878	6095521	8225071	7310915	6495033	5729836	5796402	5645459	8270070	7104443	6489120	6984118	6650432	7089412	8458192	7095198	6184590	6975148	7616577	7109602	7735294	7955372	6808354	6443449	6308335	7509066	9409406	7273514	6818339	7089938	6203176	6502482	8318114	8558240	7704923	7317116	6957864	7992437	7843456	8577814	7467475	7736207	7413059	7480490	8207375	7834748	7617644	8812927	7990635	7471845	6863778	7269898	6536769	6958300	7263778
20.04.2020 18:22:00	24	8452734	7861210	7050066	6368690	5493987	5777139	9226595	8453569	7743337	5918054	6007073	6229294	7603573	7758529	7168939	7863926	7105504	6256912	5421322	6578212	6875402	5935723	6575298	6288646	7716842	7309775	6577047	6205431	6814898	7093394	6515686	7118535	6401082	6622874	6105334	7184286	8290815	7059401	7525408	7615298	6299699	6641899	8905008	7927168	7070694	6236028	6306256	6135457	8949471	7740291	6993299	7543455	7217197	7713690	9232607	7669523	6690951	7584231	8236144	7734546	8407481	8629621	7383161	7021506	6848502	8157853	1,027542E+07	7920608	7422988	7702081	6772759	7095945	8936980	9236622	8388156	7907315	7513381	8649516	8538601	9283810	8070442	8349324	7961935	8112903	8888776	8478550	8269079	9464606	8668911	8135335	7464481	7921832	7123351	7600344	7921729
20.04.2020 21:22:00	27	9095471	8578025	7655357	6926433	5989616	6290338	9901642	9131552	8403446	6438869	6533743	6784285	8226542	8440332	7809026	8498940	7720032	6798254	5862693	7127352	7453968	6458446	7143098	6869632	8316927	7896180	7131632	6686313	7394923	7715989	7098372	7695326	6941416	7216291	6620806	7769637	8964881	7666437	8173482	8236940	6849096	7226967	9652393	8601768	7654178	6788632	6857846	6649356	9722011	8403713	7602606	8146534	7850699	8361421	1,000433E+07	8317473	7275799	8248035	8906534	8433081	9145474	9367292	8015705	7615797	7453752	8867582	1,114366E+07	8589289	8089369	8358103	7370689	7731073	9577284	9966190	9103945	8525584	8154923	9355727	9309442	1,005658E+07	8678194	9065214	8581814	8770095	9592543	9175517	8931755	1,019344E+07	9386326	8832216	8130574	8573161	7774241	8297928	8645792
21.04.2020 00:22:00	30	9806589	9271237	8357935	7525467	6533691	6815515	1,06845E+07	9863177	9104814	6973780	7102125	7381722	8929634	9169347	8478974	9178200	8389744	7381939	6331358	7697506	8001281	7035187	7769789	7490464	8976215	8508287	7725268	7208282	8017112	8374901	7697960	8306923	7562892	7863505	7195930	8445328	9682602	8334287	8830120	8923692	7449140	7872477	1,041083E+07	9326677	8284380	7391361	7441776	7188050	1,042342E+07	9141737	8219493	8769787	8522280	9055305	1,09107E+07	8988243	7864909	8957545	9605870	9159738	9878236	1,01475E+07	8701623	8288202	8108362	9602428	1,210205E+07	9347680	8823500	9083632	8023299	8396226	1,026718E+07	1,075312E+07	9829750	9221990	8857302	1,010859E+07	1,0071E+07	1,082883E+07	9346167	9774624	9256417	9439120	1,032209E+07	9911604	9627134	1,094702E+07	1,014818E+07	9572365	8819846	9301359	8460065	9020563	9378548
21.04.2020 03:22:00	33	1,053895E+07	1,005614E+07	9024786	8185678	7053465	7410987	1,143279E+07	1,060865E+07	9865414	7571668	7683823	8002642	9626373	9951369	9189315	9892733	9113755	8016094	6864372	8326248	8682891	7651190	8394581	8140663	9656243	9230777	8382919	7785970	8688140	9081806	8380815	9009802	8259217	8599094	7805786	9130733	1,04056E+07	9042217	9575289	9716241	8093858	8543387	1,122297E+07	1,008855E+07	9011923	8057668	8065982	7819542	1,125034E+07	9875170	8882771	9464721	9248453	9811273	1,181068E+07	9759954	8523959	9731705	1,040935E+07	9940398	1,070464E+07	1,101936E+07	9452283	8989296	8795239	1,048765E+07	1,309167E+07	1,014507E+07	9605401	9844081	8766792	9081573	1,098274E+07	1,162645E+07	1,062031E+07	9945961	9581370	1,090703E+07	1,092255E+07	1,169513E+07	1,006279E+07	1,05888E+07	9953787	1,018667E+07	1,106766E+07	1,068772E+07	1,03731E+07	1,177023E+07	1,092338E+07	1,03992E+07	9552808	1,006691E+07	9178900	9810302	1,018893E+07
21.04.2020 06:22:00	36	1,124211E+07	1,083205E+07	9746087	8865916	7632958	8009934	1,224564E+07	1,137039E+07	1,062124E+07	8178085	8304844	8672677	1,03414E+07	1,074275E+07	9924218	1,067802E+07	9842686	8676745	7417900	8974784	9333382	8341684	9016446	8818382	1,035943E+07	9957638	9040336	8367936	9378831	9843772	9050355	9716686	8925023	9303001	8440643	9806231	1,115882E+07	9766105	1,03263E+07	1,048562E+07	8796117	9238551	1,207106E+07	1,092632E+07	9728430	8779504	8744585	8397510	1,200929E+07	1,066633E+07	9555572	1,019884E+07	9991123	1,061167E+07	1,278973E+07	1,053272E+07	9196138	1,053215E+07	1,117623E+07	1,069761E+07	1,152297E+07	1,187779E+07	1,025049E+07	9738254	9558096	1,136631E+07	1,410874E+07	1,097365E+07	1,037418E+07	1,06405E+07	9468719	9811256	1,1681E+07	1,246938E+07	1,148829E+07	1,066463E+07	1,033731E+07	1,17328E+07	1,183596E+07	1,259971E+07	1,076264E+07	1,134565E+07	1,062676E+07	1,09287E+07	1,186612E+07	1,152706E+07	1,112302E+07	1,25842E+07	1,172609E+07	1,119839E+07	1,035161E+07	1,085638E+07	9913272	1,061808E+07	1,095507E+07
21.04.2020 09:22:00	39	1,204127E+07	1,168835E+07	1,050629E+07	9618922	8257589	8693836	1,305255E+07	1,224289E+07	1,149638E+07	8872059	9008483	9352425	1,114032E+07	1,162354E+07	1,078623E+07	1,149021E+07	1,065697E+07	9406256	8068529	9740131	1,009068E+07	9045969	9779924	9568782	1,11077E+07	1,074052E+07	9724910	9039351	1,013336E+07	1,071849E+07	9865509	1,040928E+07	9700664	1,013314E+07	9152793	1,059912E+07	1,198166E+07	1,062018E+07	1,119913E+07	1,138737E+07	9572298	1,007563E+07	1,306511E+07	1,184543E+07	1,053805E+07	9488566	9487953	9071608	1,287571E+07	1,152284E+07	1,033552E+07	1,103424E+07	1,080332E+07	1,143157E+07	1,376329E+07	1,138241E+07	9927130	1,147236E+07	1,206344E+07	1,159062E+07	1,244932E+07	1,286097E+07	1,111753E+07	1,055677E+07	1,039192E+07	1,225718E+07	1,513081E+07	1,194038E+07	1,127996E+07	1,158236E+07	1,027786E+07	1,058669E+07	1,241459E+07	1,337906E+07	1,236658E+07	1,146079E+07	1,117781E+07	1,259217E+07	1,280887E+07	1,355051E+07	1,159519E+07	1,222769E+07	1,143261E+07	1,172375E+07	1,26957E+07	1,23668E+07	1,195461E+07	1,347161E+07	1,261962E+07	1,211522E+07	1,11768E+07	1,170018E+07	1,071652E+07	1,151128E+07	1,186979E+07
21.04.2020 12:22:00	42	1,287754E+07	1,253833E+07	1,137701E+07	1,044208E+07	8920420	9396705	1,391573E+07	1,317849E+07	1,248388E+07	9595974	9742604	1,012963E+07	1,194061E+07	1,259626E+07	1,161176E+07	1,245878E+07	1,151458E+07	1,017809E+07	8729012	1,051011E+07	1,087198E+07	9874630	1,055738E+07	1,037637E+07	1,188483E+07	1,16354E+07	1,051751E+07	9749086	1,099829E+07	1,162705E+07	1,067377E+07	1,12668E+07	1,05384E+07	1,104006E+07	9912609	1,144795E+07	1,282796E+07	1,151117E+07	1,210262E+07	1,230641E+07	1,044576E+07	1,095204E+07	1,402353E+07	1,275612E+07	1,13893E+07	1,031189E+07	1,029297E+07	9801242	1,376849E+07	1,245181E+07	1,116243E+07	1,189001E+07	1,172998E+07	1,234481E+07	1,486121E+07	1,228705E+07	1,074322E+07	1,23738E+07	1,299588E+07	1,250427E+07	1,337266E+07	1,389402E+07	1,198881E+07	1,14518E+07	1,125406E+07	1,327149E+07	1,624826E+07	1,281294E+07	1,216387E+07	1,244206E+07	1,107669E+07	1,145377E+07	1,321195E+07	1,430929E+07	1,330137E+07	1,236597E+07	1,203084E+07	1,352024E+07	1,381672E+07	1,450615E+07	1,242854E+07	1,318056E+07	1,227663E+07	1,259567E+07	1,35625E+07	1,325736E+07	1,282693E+07	1,432015E+07	1,353983E+07	1,297084E+07	1,203577E+07	1,257885E+07	1,158487E+07	1,242472E+07	1,279486E+07
21.04.2020 15:22:00	45	1,385871E+07	1,357162E+07	1,231689E+07	1,131548E+07	9711737	1,022686E+07	1,478616E+07	1,413757E+07	1,335751E+07	1,043953E+07	1,055924E+07	1,092021E+07	1,279534E+07	1,367052E+07	1,234214E+07	1,34446E+07	1,249082E+07	1,114407E+07	9495798	1,137962E+07	1,177567E+07	1,074441E+07	1,14519E+07	1,124124E+07	1,28657E+07	1,265352E+07	1,141091E+07	1,05928E+07	1,196119E+07	1,264152E+07	1,158692E+07	1,21677E+07	1,151025E+07	1,2028E+07	1,073394E+07	1,231588E+07	1,384345E+07	1,255542E+07	1,316441E+07	1,336427E+07	1,136036E+07	1,19678E+07	1,511086E+07	1,385885E+07	1,237975E+07	1,123921E+07	1,11137E+07	1,065011E+07	1,483343E+07	1,360083E+07	1,210583E+07	1,277847E+07	1,271172E+07	1,344442E+07	1,603458E+07	1,336629E+07	1,164112E+07	1,341518E+07	1,407862E+07	1,346787E+07	1,449007E+07	1,508859E+07	1,300006E+07	1,244126E+07	1,231933E+07	1,443757E+07	1,742972E+07	1,392426E+07	1,321857E+07	1,34832E+07	1,206219E+07	1,231964E+07	1,41902E+07	1,539555E+07	1,441151E+07	1,33622E+07	1,303724E+07	1,45492E+07	1,48758E+07	1,552455E+07	1,334306E+07	1,416036E+07	1,315886E+07	1,344712E+07	1,467622E+07	1,436374E+07	1,382872E+07	1,538589E+07	1,457372E+07	1,404423E+07	1,304388E+07	1,37892E+07	1,254285E+07	1,349319E+07	1,383154E+07
21.04.2020 18:22:00	48	1,472623E+07	1,447678E+07	1,314151E+07	1,211918E+07	1,039456E+07	1,087084E+07	1,561004E+07	1,499476E+07	1,42995E+07	1,117409E+07	1,133162E+07	1,174886E+07	1,359107E+07	1,465998E+07	1,343609E+07	1,434323E+07	1,340152E+07	1,192558E+07	1,024176E+07	1,224319E+07	1,262824E+07	1,159933E+07	1,22611E+07	1,210085E+07	1,366712E+07	1,354072E+07	1,225391E+07	1,137079E+07	1,278848E+07	1,358668E+07	1,243795E+07	1,303168E+07	1,233058E+07	1,295755E+07	1,160683E+07	1,315166E+07	1,466379E+07	1,342779E+07	1,410474E+07	1,428836E+07	1,222028E+07	1,288774E+07	1,605865E+07	1,469122E+07	1,324772E+07	1,21286E+07	1,196369E+07	1,136014E+07	1,573711E+07	1,45011E+07	1,296573E+07	1,364851E+07	1,36702E+07	1,435115E+07	1,704093E+07	1,425463E+07	1,250107E+07	1,438212E+07	1,499824E+07	1,443358E+07	1,541087E+07	1,594314E+07	1,386679E+07	1,334036E+07	1,318876E+07	1,537611E+07	1,838598E+07	1,484288E+07	1,414396E+07	1,434603E+07	1,290863E+07	1,313544E+07	1,492955E+07	1,625609E+07	1,523341E+07	1,422778E+07	1,383216E+07	1,548091E+07	1,583849E+07	1,642794E+07	1,412664E+07	1,508411E+07	1,400789E+07	1,427096E+07	1,542848E+07	1,521978E+07	1,468424E+07	1,619817E+07	1,551094E+07	1,490011E+07	1,388332E+07	1,445501E+07	1,337868E+07	1,441711E+07	1,472439E+07
21.04.2020 21:22:00	51	1,556902E+07	1,539292E+07	1,400566E+07	1,301951E+07	1,118304E+07	1,166261E+07	1,649031E+07	1,587181E+07	1,515034E+07	1,197676E+07	1,212382E+07	1,250862E+07	1,452233E+07	1,567038E+07	1,437457E+07	1,528615E+07	1,435779E+07	1,285635E+07	1,108099E+07	1,314925E+07	1,344808E+07	1,245638E+07	1,310992E+07	1,293638E+07	1,455285E+07	1,447991E+07	1,305142E+07	1,223006E+07	1,36865E+07	1,458276E+07	1,341404E+07	1,400451E+07	1,335008E+07	1,391083E+07	1,250528E+07	1,402032E+07	1,558851E+07	1,443507E+07	1,511563E+07	1,532682E+07	1,320288E+07	1,383346E+07	1,703036E+07	1,576508E+07	1,425576E+07	1,306551E+07	1,28225E+07	1,218251E+07	1,661179E+07	1,549553E+07	1,388029E+07	1,460971E+07	1,464616E+07	1,527888E+07	1,821031E+07	1,528004E+07	1,33992E+07	1,542429E+07	1,596281E+07	1,536165E+07	1,635552E+07	1,704778E+07	1,48929E+07	1,431591E+07	1,416148E+07	1,645739E+07	1,947887E+07	1,587361E+07	1,523577E+07	1,531864E+07	1,393749E+07	1,407526E+07	1,572722E+07	1,727166E+07	1,632043E+07	1,514059E+07	1,480185E+07	1,640453E+07	1,696729E+07	1,747008E+07	1,495448E+07	1,608757E+07	1,48393E+07	1,507997E+07	1,62762E+07	1,615309E+07	1,561614E+07	1,709601E+07	1,650728E+07	1,583799E+07	1,483563E+07	1,539826E+07	1,429832E+07	1,534387E+07	1,576134E+07
22.04.2020 00:22:00	54	1,626363E+07	1,637459E+07	1,494952E+07	1,392204E+07	1,199403E+07	1,25058E+07	1,735728E+07	1,679061E+07	1,608858E+07	1,281825E+07	1,301323E+07	1,335101E+07	1,542994E+07	1,665362E+07	1,537363E+07	1,628964E+07	1,526825E+07	1,380439E+07	1,189921E+07	1,405921E+07	1,432473E+07	1,344875E+07	1,396708E+07	1,384057E+07	1,539111E+07	1,548525E+07	1,392389E+07	1,308457E+07	1,472226E+07	1,566454E+07	1,433866E+07	1,490848E+07	1,43549E+07	1,493195E+07	1,342391E+07	1,486703E+07	1,64455E+07	1,539848E+07	1,606673E+07	1,639157E+07	1,418961E+07	1,488652E+07	1,814576E+07	1,687859E+07	1,525915E+07	1,408493E+07	1,377175E+07	1,298053E+07	1,755362E+07	1,652831E+07	1,477673E+07	1,551801E+07	1,567081E+07	1,632326E+07	1,935498E+07	1,631667E+07	1,425744E+07	1,657868E+07	1,704152E+07	1,625959E+07	1,73745E+07	1,814509E+07	1,592519E+07	1,530701E+07	1,520606E+07	1,760762E+07	2,067883E+07	1,693929E+07	1,618596E+07	1,628532E+07	1,484437E+07	1,499371E+07	1,649962E+07	1,822339E+07	1,727926E+07	1,607109E+07	1,572337E+07	1,737037E+07	1,802152E+07	1,848007E+07	1,594744E+07	1,706915E+07	1,570637E+07	1,594902E+07	1,709804E+07	1,706325E+07	1,656298E+07	1,801515E+07	1,748063E+07	1,678803E+07	1,578685E+07	1,637971E+07	1,53037E+07	1,63719E+07	1,678565E+07
22.04.2020 03:22:00	57	1,712433E+07	1,730515E+07	1,585919E+07	1,47732E+07	1,283117E+07	1,332712E+07	1,822069E+07	1,774827E+07	1,703901E+07	1,362025E+07	1,378047E+07	1,418051E+07	1,624064E+07	1,76883E+07	1,621951E+07	1,734367E+07	1,631018E+07	1,482808E+07	1,280663E+07	1,499919E+07	1,521742E+07	1,438518E+07	1,482226E+07	1,477179E+07	1,621463E+07	1,638377E+07	1,486274E+07	1,396716E+07	1,5611E+07	1,671278E+07	1,526727E+07	1,581229E+07	1,532154E+07	1,598953E+07	1,435791E+07	1,57698E+07	1,742671E+07	1,637759E+07	1,71437E+07	1,748896E+07	1,524719E+07	1,603693E+07	1,902176E+07	1,792391E+07	1,632748E+07	1,50706E+07	1,473052E+07	1,378645E+07	1,845407E+07	1,761236E+07	1,574423E+07	1,654128E+07	1,667106E+07	1,744393E+07	2,049653E+07	1,733472E+07	1,530855E+07	1,760936E+07	1,809196E+07	1,739029E+07	1,839021E+07	1,929532E+07	1,694816E+07	1,631955E+07	1,621082E+07	1,875284E+07	2,172534E+07	1,801016E+07	1,71772E+07	1,73141E+07	1,583008E+07	1,590335E+07	1,733067E+07	1,911036E+07	1,829787E+07	1,698285E+07	1,67596E+07	1,824975E+07	1,916175E+07	1,965165E+07	1,679524E+07	1,803598E+07	1,658727E+07	1,683022E+07	1,808039E+07	1,805203E+07	1,744399E+07	1,895395E+07	1,834732E+07	1,7713E+07	1,665995E+07	1,726601E+07	1,620914E+07	1,742653E+07	1,774445E+07
22.04.2020 06:22:00	60	1,798225E+07	1,82611E+07	1,676221E+07	1,579797E+07	1,3592E+07	1,422901E+07	1,915127E+07	1,872028E+07	1,80604E+07	1,450632E+07	1,46806E+07	1,497131E+07	1,7213E+07	1,871218E+07	1,723737E+07	1,840899E+07	1,735815E+07	1,583721E+07	1,377124E+07	1,598761E+07	1,616441E+07	1,537162E+07	1,583376E+07	1,578285E+07	1,714856E+07	1,752661E+07	1,58795E+07	1,487932E+07	1,673979E+07	1,78304E+07	1,621508E+07	1,687374E+07	1,644023E+07	1,703889E+07	1,532312E+07	1,669834E+07	1,839794E+07	1,745175E+07	1,819609E+07	1,861074E+07	1,62832E+07	1,710754E+07	2,032947E+07	1,902725E+07	1,735696E+07	1,612568E+07	1,574196E+07	1,469061E+07	1,95269E+07	1,864899E+07	1,669441E+07	1,755058E+07	1,783296E+07	1,841354E+07	2,166544E+07	1,844963E+07	1,62423E+07	1,874216E+07	1,916917E+07	1,837904E+07	1,943767E+07	2,043461E+07	1,808001E+07	1,731202E+07	1,726284E+07	2,001145E+07	2,292328E+07	1,91969E+07	1,834057E+07	1,838327E+07	1,675128E+07	1,683478E+07	1,817942E+07	2,020572E+07	1,935201E+07	1,798624E+07	1,779818E+07	1,923514E+07	2,02847E+07	2,064393E+07	1,768591E+07	1,916561E+07	1,749903E+07	1,776126E+07	1,904971E+07	1,902454E+07	1,836083E+07	1,990964E+07	1,943526E+07	1,877817E+07	1,761631E+07	1,833887E+07	1,723353E+07	1,850677E+07	1,886696E+07
22.04.2020 09:22:00	63	1,900248E+07	1,92476E+07	1,765917E+07	1,672461E+07	1,437592E+07	1,501215E+07	2,003412E+07	1,960235E+07	1,91892E+07	1,53424E+07	1,553858E+07	1,582283E+07	1,818846E+07	1,979525E+07	1,83216E+07	1,942319E+07	1,84268E+07	1,683658E+07	1,470914E+07	1,683351E+07	1,70996E+07	1,636968E+07	1,671852E+07	1,662364E+07	1,799696E+07	1,845647E+07	1,685648E+07	1,580115E+07	1,771353E+07	1,885157E+07	1,72813E+07	1,772866E+07	1,747069E+07	1,816933E+07	1,626978E+07	1,756798E+07	1,929075E+07	1,8497E+07	1,938601E+07	1,970197E+07	1,731986E+07	1,817029E+07	2,135346E+07	2,009522E+07	1,832947E+07	1,709738E+07	1,668669E+07	1,552445E+07	2,058431E+07	1,971928E+07	1,769228E+07	1,857493E+07	1,89023E+07	1,945593E+07	2,281064E+07	1,950861E+07	1,726548E+07	1,995598E+07	2,018655E+07	1,945929E+07	2,045069E+07	2,145108E+07	1,916008E+07	1,848005E+07	1,832254E+07	2,113938E+07	2,41154E+07	2,027317E+07	1,948291E+07	1,945749E+07	1,775747E+07	1,7733E+07	1,906878E+07	2,12442E+07	2,045801E+07	1,896531E+07	1,87917E+07	2,028774E+07	2,148019E+07	2,169496E+07	1,864433E+07	2,021795E+07	1,843315E+07	1,855509E+07	1,982059E+07	1,989004E+07	1,93098E+07	2,083736E+07	2,033103E+07	1,961201E+07	1,868672E+07	1,934943E+07	1,815803E+07	1,950152E+07	1,976629E+07
22.04.2020 12:22:00	66	1,981485E+07	2,025942E+07	1,865463E+07	1,758932E+07	1,534511E+07	1,592861E+07	2,108774E+07	2,062602E+07	1,995007E+07	1,615969E+07	1,635281E+07	1,671445E+07	1,920404E+07	2,087564E+07	1,925532E+07	2,054594E+07	1,943468E+07	1,780241E+07	1,573701E+07	1,785339E+07	1,812363E+07	1,740753E+07	1,775046E+07	1,760326E+07	1,884861E+07	1,951787E+07	1,776533E+07	1,676321E+07	1,870493E+07	2,01289E+07	1,830867E+07	1,875381E+07	1,863318E+07	1,93231E+07	1,723374E+07	1,856931E+07	2,030199E+07	1,980596E+07	2,033857E+07	2,087408E+07	1,846559E+07	1,938195E+07	2,244021E+07	2,138677E+07	1,958778E+07	1,814146E+07	1,774439E+07	1,643754E+07	2,160441E+07	2,086326E+07	1,87367E+07	1,964045E+07	1,998784E+07	2,058024E+07	2,405384E+07	2,061551E+07	1,829076E+07	2,111488E+07	2,129796E+07	2,058658E+07	2,146505E+07	2,277167E+07	2,021345E+07	1,963671E+07	1,944717E+07	2,236904E+07	2,512422E+07	2,139903E+07	2,070553E+07	2,046101E+07	1,868931E+07	1,852196E+07	1,987356E+07	2,219989E+07	2,163227E+07	1,993697E+07	1,985527E+07	2,127447E+07	2,261986E+07	2,27724E+07	1,960891E+07	2,125451E+07	1,933843E+07	1,960927E+07	2,083159E+07	2,099072E+07	2,033123E+07	2,165256E+07	2,136218E+07	2,078118E+07	1,96021E+07	2,023062E+07	1,917436E+07	2,059866E+07	2,074087E+07
22.04.2020 15:22:00	69	2,071525E+07	2,121991E+07	1,962345E+07	1,867097E+07	1,620119E+07	1,673755E+07	2,195223E+07	2,150023E+07	2,106979E+07	1,71229E+07	1,724105E+07	1,750718E+07	2,018906E+07	2,187149E+07	2,037279E+07	2,165051E+07	2,052073E+07	1,884936E+07	1,677938E+07	1,892898E+07	1,898213E+07	1,8431E+07	1,874577E+07	1,861352E+07	1,985468E+07	2,055388E+07	1,878577E+07	1,775407E+07	1,977212E+07	2,114286E+07	1,932374E+07	1,971027E+07	1,958499E+07	2,034861E+07	1,818422E+07	1,937216E+07	2,118159E+07	2,070203E+07	2,14237E+07	2,202248E+07	1,955098E+07	2,050997E+07	2,349612E+07	2,24743E+07	2,076855E+07	1,928295E+07	1,876648E+07	1,74294E+07	2,260982E+07	2,191792E+07	1,969202E+07	2,054209E+07	2,108009E+07	2,168535E+07	2,528602E+07	2,165084E+07	1,934479E+07	2,226794E+07	2,229292E+07	2,138971E+07	2,244771E+07	2,38524E+07	2,139672E+07	2,071692E+07	2,058316E+07	2,360377E+07	2,644022E+07	2,256799E+07	2,181561E+07	2,147787E+07	1,968886E+07	1,951766E+07	2,066529E+07	2,319683E+07	2,271129E+07	2,099033E+07	2,090289E+07	2,228635E+07	2,369081E+07	2,375312E+07	2,055987E+07	2,240924E+07	2,026222E+07	2,039803E+07	2,160986E+07	2,195644E+07	2,137984E+07	2,269859E+07	2,234434E+07	2,157529E+07	2,058173E+07	2,119919E+07	2,009868E+07	2,166361E+07	2,17147E+07
